/*--------------------------------*- C++ -*----------------------------------*\
  =========                 |
  \\      /  F ield         | OpenFOAM: The Open Source CFD Toolbox
   \\    /   O peration     | Website:  https://openfoam.org
    \\  /    A nd           | Version:  7
     \\/     M anipulation  |
\*---------------------------------------------------------------------------*/
FoamFile
{
    version     2.0;
    format      ascii;
    class       volVectorField;
    location    "0.6";
    object      U;
}
// * * * * * * * * * * * * * * * * * * * * * * * * * * * * * * * * * * * * * //

dimensions      [0 1 -1 0 0 0 0];

internalField   nonuniform List<vector> 
2268
(
(-0.0411473 0.0172081 0)
(-0.0789999 0.00866327 0)
(-0.0837113 -0.00335737 0)
(-0.0654873 -0.00833445 0)
(-0.0429969 -0.0090127 0)
(-0.0203101 -0.00830237 0)
(3.77829e-05 -0.00724888 0)
(0.0175527 -0.00618328 0)
(0.0323402 -0.00525246 0)
(0.0447606 -0.00448844 0)
(0.0552512 -0.00386425 0)
(0.0640819 -0.00327893 0)
(0.0711547 -0.00258878 0)
(0.0759688 -0.00165479 0)
(0.0778895 -0.00014243 0)
(0.0749066 0.00214086 0)
(0.0651089 0.00558407 0)
(0.0457752 0.0101868 0)
(0.0127447 0.0150532 0)
(-0.0312708 0.0209387 0)
(-0.0965258 0.0177058 0)
(-0.144243 -0.00610329 0)
(-0.0584596 -0.043502 0)
(-0.0439236 0.0379958 0)
(-0.0516302 0.0158796 0)
(-0.0444555 -0.00554523 0)
(-0.0282321 -0.0145918 0)
(-0.00898887 -0.0162789 0)
(0.00981042 -0.0152439 0)
(0.0265374 -0.0133466 0)
(0.0407689 -0.0113215 0)
(0.0525628 -0.00948567 0)
(0.062196 -0.00794275 0)
(0.0700154 -0.00665935 0)
(0.0762409 -0.00543832 0)
(0.0807697 -0.003991 0)
(0.0832114 -0.00209256 0)
(0.0831041 0.000597692 0)
(0.0800414 0.00453048 0)
(0.0729198 0.0101636 0)
(0.059974 0.0178097 0)
(0.0384206 0.0265382 0)
(0.0081942 0.0356182 0)
(-0.0278707 0.0336473 0)
(-0.0698607 0.0044906 0)
(-0.0253612 -0.0733286 0)
(-0.0304514 0.053729 0)
(-0.023317 0.014895 0)
(-0.0148416 -0.012005 0)
(7.26707e-05 -0.0224031 0)
(0.0160706 -0.0241713 0)
(0.0311929 -0.0224226 0)
(0.0444841 -0.0195226 0)
(0.0556732 -0.0164609 0)
(0.0647891 -0.013657 0)
(0.0720203 -0.0112663 0)
(0.0776389 -0.00924909 0)
(0.0818327 -0.00731942 0)
(0.084494 -0.00506026 0)
(0.0852943 -0.00219938 0)
(0.0839571 0.00156507 0)
(0.080365 0.00673733 0)
(0.0742244 0.013979 0)
(0.064948 0.0238191 0)
(0.0516306 0.0353307 0)
(0.0346098 0.0457599 0)
(0.0186149 0.0437894 0)
(-0.0141187 0.00931597 0)
(0.0082692 -0.0852655 0)
(-0.01295 0.0623991 0)
(0.00175185 0.0112676 0)
(0.0118188 -0.0179408 0)
(0.0252517 -0.029195 0)
(0.0379506 -0.0307375 0)
(0.0493746 -0.0282748 0)
(0.0592564 -0.024506 0)
(0.0674826 -0.0205515 0)
(0.0740298 -0.0168973 0)
(0.0789894 -0.0137478 0)
(0.082571 -0.0110712 0)
(0.0849529 -0.00850385 0)
(0.086024 -0.00550413 0)
(0.0854955 -0.00179061 0)
(0.0832505 0.0028746 0)
(0.079415 0.0089634 0)
(0.0742039 0.0171753 0)
(0.0677066 0.0281091 0)
(0.05997 0.0407108 0)
(0.0517951 0.0514135 0)
(0.0459091 0.0501104 0)
(0.0252194 0.0147152 0)
(0.0334612 -0.077377 0)
(0.00441596 0.059773 0)
(0.0250061 0.00600041 0)
(0.0370562 -0.0238598 0)
(0.0483827 -0.0347656 0)
(0.0574736 -0.0356504 0)
(0.0651285 -0.0325074 0)
(0.0716634 -0.028068 0)
(0.077034 -0.0234219 0)
(0.0811173 -0.0190746 0)
(0.0838951 -0.0152854 0)
(0.0855303 -0.0120571 0)
(0.0862216 -0.00896127 0)
(0.0858594 -0.00532703 0)
(0.0841752 -0.000908414 0)
(0.0811891 0.00441881 0)
(0.0772478 0.0110319 0)
(0.0729418 0.0195941 0)
(0.0687359 0.0307429 0)
(0.0650696 0.0432753 0)
(0.0628815 0.0534061 0)
(0.0630563 0.0526534 0)
(0.0517344 0.0215464 0)
(0.0503984 -0.0601401 0)
(0.0180299 0.0474585 0)
(0.0462513 -0.00145861 0)
(0.0607432 -0.0294827 0)
(0.0691501 -0.0387223 0)
(0.074244 -0.0386397 0)
(0.0781754 -0.0349816 0)
(0.0815644 -0.030136 0)
(0.0842923 -0.0250219 0)
(0.0860839 -0.0201434 0)
(0.0868022 -0.0158405 0)
(0.0865835 -0.0121912 0)
(0.0856862 -0.00871226 0)
(0.0840102 -0.00457058 0)
(0.0812896 0.000390298 0)
(0.0776624 0.00613706 0)
(0.073672 0.0129031 0)
(0.0702136 0.0212871 0)
(0.0679354 0.0320125 0)
(0.0673373 0.0437605 0)
(0.0693615 0.0528246 0)
(0.0737189 0.0526034 0)
(0.0697075 0.0283899 0)
(0.0629794 -0.0355559 0)
(0.0269848 0.0280245 0)
(0.0653048 -0.011943 0)
(0.0817997 -0.0346005 0)
(0.0864537 -0.0408367 0)
(0.0874203 -0.0397161 0)
(0.0879653 -0.0358419 0)
(0.0886237 -0.030868 0)
(0.0890619 -0.0254715 0)
(0.0888242 -0.0201747 0)
(0.087659 -0.0154428 0)
(0.0857048 -0.0114874 0)
(0.0833322 -0.00778134 0)
(0.0804574 -0.00326274 0)
(0.076802 0.00207627 0)
(0.0726086 0.00800962 0)
(0.0685928 0.0145922 0)
(0.065916 0.0223587 0)
(0.0652753 0.0322208 0)
(0.0670255 0.0427635 0)
(0.0721043 0.0504494 0)
(0.0796828 0.0505527 0)
(0.081946 0.0343068 0)
(0.074776 -0.00355519 0)
(0.0350955 0.000804152 0)
(0.0826149 -0.0279122 0)
(0.0983908 -0.0403321 0)
(0.0987099 -0.0421148 0)
(0.0960757 -0.0398822 0)
(0.0940065 -0.0359399 0)
(0.0926123 -0.0309422 0)
(0.0912772 -0.0253035 0)
(0.0893834 -0.0195697 0)
(0.0865878 -0.0143457 0)
(0.0830656 -0.0100327 0)
(0.0793574 -0.00613131 0)
(0.0754051 -0.00135679 0)
(0.0709177 0.0041946 0)
(0.0662344 0.0100718 0)
(0.0622175 0.0161373 0)
(0.060273 0.0228607 0)
(0.0610367 0.0315513 0)
(0.0645812 0.0406516 0)
(0.0718909 0.0466823 0)
(0.0821734 0.0465838 0)
(0.0887523 0.0373418 0)
(0.0947018 0.0424002 0)
(0.0446206 -0.0418582 0)
(0.16879 -0.0397527 0)
(0.178236 0.0283452 0)
(-0.137611 0.09717 0)
(-0.717982 0.157724 0)
(-1.50219 0.249105 0)
(-2.18859 0.127536 0)
(-2.64507 -0.149618 0)
(-2.66907 -0.229255 0)
(-2.62935 -0.190626 0)
(-2.55639 -0.144707 0)
(-2.45973 -0.120045 0)
(-2.34962 -0.106412 0)
(-2.21606 -0.100439 0)
(-1.96752 -0.125845 0)
(-1.518 -0.189142 0)
(-0.956282 -0.216209 0)
(-0.433024 -0.174983 0)
(-0.0672475 -0.05195 0)
(0.00897867 -0.0664029 0)
(0.0968755 -0.0447708 0)
(0.0651731 0.144716 0)
(-0.581821 0.389402 0)
(-1.72977 0.460901 0)
(-2.46773 0.414879 0)
(-2.75583 0.295867 0)
(-2.84313 0.194878 0)
(-2.70426 0.132134 0)
(-2.52648 0.0753983 0)
(-2.33985 0.0315974 0)
(-2.12992 0.000878558 0)
(-1.99164 -0.0486232 0)
(-1.88935 -0.102506 0)
(-1.6469 -0.188712 0)
(-1.275 -0.315783 0)
(-0.877362 -0.360113 0)
(-0.497746 -0.310587 0)
(-0.179322 -0.149773 0)
(-0.0298215 -0.085808 0)
(0.0833622 -0.0489692 0)
(0.0179114 0.323318 0)
(-0.803612 0.776585 0)
(-1.94738 0.789215 0)
(-2.37527 0.619474 0)
(-2.61283 0.35491 0)
(-2.71055 0.0716285 0)
(-2.61971 -0.115042 0)
(-2.42396 -0.133333 0)
(-2.17127 -0.137288 0)
(-1.89165 -0.126705 0)
(-1.68962 -0.107299 0)
(-1.56938 -0.1419 0)
(-1.30747 -0.284014 0)
(-0.987431 -0.45479 0)
(-0.721122 -0.495278 0)
(-0.445397 -0.442254 0)
(-0.183457 -0.287975 0)
(-0.0429524 -0.086404 0)
(0.149636 -0.0442568 0)
(0.116596 0.519566 0)
(-0.675139 1.2105 0)
(-1.62496 1.0796 0)
(-1.9779 0.766095 0)
(-2.21386 0.400542 0)
(-2.26423 0.0747306 0)
(-2.09662 -0.226716 0)
(-1.86293 -0.34676 0)
(-1.53674 -0.378079 0)
(-1.13393 -0.359133 0)
(-0.874027 -0.32987 0)
(-1.15241 -0.15448 0)
(-0.954603 -0.38631 0)
(-0.694516 -0.56981 0)
(-0.542065 -0.597497 0)
(-0.34777 -0.544612 0)
(-0.142936 -0.4051 0)
(-0.0171821 -0.0516163 0)
(0.298099 -0.0911681 0)
(0.320456 0.705313 0)
(-0.331435 1.52218 0)
(-1.06298 1.31777 0)
(-1.38809 0.876931 0)
(-1.49358 0.507503 0)
(-1.53686 0.0898668 0)
(-1.48579 -0.238571 0)
(-1.37199 -0.38477 0)
(-1.16119 -0.436863 0)
(-0.883909 -0.419727 0)
(-0.761586 -0.360214 0)
(-0.721172 -0.082076 0)
(-0.648961 -0.468846 0)
(-0.441162 -0.652358 0)
(-0.373441 -0.662653 0)
(-0.24536 -0.612912 0)
(-0.0983327 -0.490102 0)
(-0.000283241 -0.223654 0)
(0.286145 -0.232144 0)
(0.46707 0.762535 0)
(0.14516 1.74012 0)
(-0.412408 1.52718 0)
(-0.600857 1.00902 0)
(-0.772509 0.550548 0)
(-0.866919 0.100449 0)
(-0.913452 -0.241683 0)
(-0.915572 -0.42176 0)
(-0.837798 -0.495088 0)
(-0.719789 -0.48399 0)
(-0.818408 -0.389577 0)
(-0.518647 -0.111654 0)
(-0.401099 -0.544483 0)
(-0.245371 -0.706169 0)
(-0.229984 -0.699599 0)
(-0.155023 -0.654607 0)
(-0.0598688 -0.549026 0)
(0.0918991 -0.289376 0)
(0.150283 -0.254684 0)
(0.308054 0.669039 0)
(0.4803 1.84165 0)
(0.179767 1.67528 0)
(0.0517199 1.1159 0)
(-0.141565 0.598537 0)
(-0.286157 0.141185 0)
(-0.410245 -0.211572 0)
(-0.500346 -0.418641 0)
(-0.525232 -0.508138 0)
(-0.517155 -0.502985 0)
(-0.753199 -0.406857 0)
(-0.247437 -0.157563 0)
(-0.159661 -0.609753 0)
(-0.099515 -0.735833 0)
(-0.11331 -0.716718 0)
(-0.0805731 -0.676529 0)
(-0.0286292 -0.584378 0)
(0.14896 -0.284725 0)
(0.0650437 -0.269857 0)
(0.119068 0.528218 0)
(0.592695 1.81855 0)
(0.561539 1.71834 0)
(0.505105 1.18144 0)
(0.350205 0.665837 0)
(0.182272 0.210197 0)
(0.0102665 -0.150933 0)
(-0.135157 -0.379828 0)
(-0.228486 -0.48579 0)
(-0.275751 -0.489301 0)
(-0.555355 -0.430733 0)
(-0.0376489 -0.292163 0)
(0.0192355 -0.632786 0)
(0.00971985 -0.740519 0)
(-0.0219651 -0.719284 0)
(-0.0209622 -0.683722 0)
(-0.00139649 -0.598815 0)
(0.0565077 -0.0451604 0)
(0.10364 -0.0583135 0)
(0.1135 -0.051611 0)
(0.108419 -0.0453164 0)
(0.102102 -0.0409547 0)
(0.0976874 -0.0366983 0)
(0.0944261 -0.0315686 0)
(0.0912775 -0.0254909 0)
(0.0875081 -0.0189462 0)
(0.0827249 -0.012636 0)
(0.0771824 -0.00723221 0)
(0.071649 -0.00254477 0)
(0.0661727 0.00255134 0)
(0.0605685 0.00819245 0)
(0.055277 0.0136376 0)
(0.0513353 0.0183875 0)
(0.0505197 0.0227371 0)
(0.0532102 0.0292621 0)
(0.0588513 0.0359622 0)
(0.0686442 0.0389817 0)
(0.082653 0.037509 0)
(0.0981152 0.0324938 0)
(0.123571 0.041295 0)
(0.092207 -0.0874622 0)
(0.101739 -0.0471113 0)
(0.105282 -0.0416882 0)
(0.0985554 -0.0378413 0)
(0.0875172 -0.0342991 0)
(0.0824976 -0.0317468 0)
(0.0799008 -0.0272902 0)
(0.0773747 -0.0213566 0)
(0.0743422 -0.0145518 0)
(0.0704253 -0.00788239 0)
(0.0656985 -0.00287457 0)
(0.0598468 0.000860772 0)
(0.0535367 0.00577023 0)
(0.0477509 0.0118636 0)
(0.0426834 0.01741 0)
(0.0393408 0.02043 0)
(0.0403331 0.020176 0)
(0.0452937 0.0234899 0)
(0.0522178 0.0271264 0)
(0.063009 0.025223 0)
(0.0778171 0.0201103 0)
(0.0936583 0.0109257 0)
(0.114164 -0.00205333 0)
(-0.00658023 -0.326168 0)
(0.0385874 -0.116615 0)
(0.0576855 -0.0360493 0)
(0.0718294 -0.00601255 0)
(0.0819297 -0.0112931 0)
(0.0821236 -0.0233838 0)
(0.0777717 -0.0221308 0)
(0.0733275 -0.0176031 0)
(0.0693043 -0.0114184 0)
(0.0655871 -0.00459603 0)
(0.0612145 0.000927171 0)
(0.04926 0.00448544 0)
(0.0362954 0.010242 0)
(0.0298286 0.0153662 0)
(0.0277971 0.0193158 0)
(0.0310272 0.0193455 0)
(0.0377556 0.0163342 0)
(0.0441892 0.0188511 0)
(0.0519136 0.0191742 0)
(0.0640039 0.0103722 0)
(0.0794967 0.00250515 0)
(0.0956945 -0.00670358 0)
(0.113765 -0.0190576 0)
(-0.0433761 -0.162335 0)
(-0.0182309 -0.113419 0)
(0.0149397 -0.0767564 0)
(0.0455447 -0.0523888 0)
(0.0695669 -0.0372964 0)
(0.0846887 -0.0265018 0)
(0.0935229 -0.0166071 0)
(0.0981968 -0.00794134 0)
(0.0988775 0.000682771 0)
(0.0948232 0.0102092 0)
(0.0848352 0.0241352 0)
(0.0705414 0.0446407 0)
(0.0447709 0.0298088 0)
(0.0304613 0.0193257 0)
(0.0260879 0.0208414 0)
(0.0283852 0.0184868 0)
(0.0336401 0.0100108 0)
(0.0423116 0.0129321 0)
(0.0587623 0.0110888 0)
(0.0757885 -0.000406102 0)
(0.0897687 -0.0084713 0)
(0.103503 -0.0193616 0)
(0.118423 -0.034362 0)
(-0.0142578 -0.161282 0)
(-0.0125135 -0.136251 0)
(0.00662326 -0.104303 0)
(0.030159 -0.0791895 0)
(0.0527334 -0.0606947 0)
(0.0711937 -0.0458786 0)
(0.0854098 -0.032799 0)
(0.095775 -0.020485 0)
(0.102481 -0.0076337 0)
(0.105932 0.00721836 0)
(0.107157 0.0253862 0)
(0.1093 0.045746 0)
(0.107077 0.053003 0)
(0.0986484 0.0430251 0)
(0.0881905 0.0280258 0)
(0.0717131 0.0159124 0)
(0.0486013 0.000841797 0)
(0.0455003 0.00350996 0)
(0.0652683 0.00180141 0)
(0.0830922 -0.0133473 0)
(0.0967541 -0.0189411 0)
(0.113691 -0.0292863 0)
(0.128207 -0.0409987 0)
(-0.00671034 -0.162131 0)
(-0.00581607 -0.145251 0)
(0.00573362 -0.121514 0)
(0.022187 -0.099331 0)
(0.040151 -0.0799807 0)
(0.0572487 -0.0627711 0)
(0.0725063 -0.0468038 0)
(0.0855798 -0.0313092 0)
(0.0964709 -0.0154004 0)
(0.105634 0.00155293 0)
(0.114378 0.0193384 0)
(0.124474 0.035562 0)
(0.132937 0.0427978 0)
(0.136196 0.0426275 0)
(0.135905 0.0403703 0)
(0.133413 0.0345736 0)
(0.127202 0.013637 0)
(0.123922 -0.0211839 0)
(0.121331 -0.03866 0)
(0.105326 -0.0333294 0)
(0.10747 -0.0286713 0)
(0.12238 -0.0355463 0)
(0.126555 -0.0500664 0)
(-0.00365114 -0.153172 0)
(-0.00241086 -0.149434 0)
(0.00544437 -0.132774 0)
(0.0170315 -0.114199 0)
(0.0308639 -0.0958653 0)
(0.0454232 -0.0782091 0)
(0.0597915 -0.0610898 0)
(0.0735027 -0.0441782 0)
(0.0864769 -0.0270769 0)
(0.0990529 -0.00963963 0)
(0.112037 0.00761252 0)
(0.12619 0.0226523 0)
(0.140018 0.0319676 0)
(0.151157 0.0360918 0)
(0.159656 0.0370208 0)
(0.166446 0.0334897 0)
(0.170315 0.0221409 0)
(0.168964 0.00612089 0)
(0.163608 -0.0100989 0)
(0.15781 -0.0327942 0)
(0.154464 -0.0615637 0)
(0.148256 -0.0717435 0)
(0.132863 -0.0579909 0)
(-0.00143904 -0.152743 0)
(-0.000571025 -0.153089 0)
(0.00451947 -0.140726 0)
(0.0126788 -0.125179 0)
(0.0232112 -0.108587 0)
(0.0352099 -0.0917157 0)
(0.0480118 -0.0747921 0)
(0.0612322 -0.0578135 0)
(0.0747702 -0.0407325 0)
(0.0888059 -0.0236935 0)
(0.103715 -0.00730637 0)
(0.119698 0.0070406 0)
(0.135876 0.01745 0)
(0.150825 0.0236172 0)
(0.164081 0.0260245 0)
(0.175659 0.0240147 0)
(0.184334 0.0164528 0)
(0.188286 0.00511742 0)
(0.188237 -0.00553416 0)
(0.186008 -0.016679 0)
(0.180501 -0.0284374 0)
(0.170487 -0.0319025 0)
(0.158433 -0.0245796 0)
(-0.00125619 -0.151815 0)
(-0.00093591 -0.155427 0)
(0.00238682 -0.146168 0)
(0.00815856 -0.133239 0)
(0.0161686 -0.11863 0)
(0.0259297 -0.103165 0)
(0.0370253 -0.0872338 0)
(0.0491859 -0.0710335 0)
(0.0623115 -0.0547305 0)
(0.0764547 -0.0386233 0)
(0.0917265 -0.0233001 0)
(0.108058 -0.00973421 0)
(0.124836 0.000927708 0)
(0.141137 0.00818389 0)
(0.156367 0.0119542 0)
(0.170075 0.0118696 0)
(0.181233 0.00762171 0)
(0.188679 0.000425904 0)
(0.192473 -0.00735524 0)
(0.193036 -0.0150905 0)
(0.189684 -0.0215406 0)
(0.182922 -0.0221663 0)
(0.175899 -0.0156312 0)
(-0.00186639 -0.150363 0)
(-0.00239844 -0.156554 0)
(-0.000543784 -0.149775 0)
(0.0033911 -0.139135 0)
(0.00940401 -0.126513 0)
(0.0172434 -0.112713 0)
(0.0266629 -0.098184 0)
(0.0374855 -0.08323 0)
(0.0496187 -0.068126 0)
(0.063036 -0.0532293 0)
(0.0777043 -0.0390649 0)
(0.0934451 -0.0263467 0)
(0.10978 -0.0158402 0)
(0.126039 -0.00802075 0)
(0.141621 -0.00312415 0)
(0.155928 -0.00137398 0)
(0.168119 -0.00277259 0)
(0.177366 -0.00651519 0)
(0.183431 -0.0112242 0)
(0.186334 -0.0158908 0)
(0.185947 -0.0190618 0)
(0.183064 -0.0182878 0)
(0.179971 -0.0127874 0)
(-0.00272914 -0.147727 0)
(-0.00429483 -0.156403 0)
(-0.00376873 -0.151846 0)
(-0.00138103 -0.143288 0)
(0.00295126 -0.132587 0)
(0.00909496 -0.12053 0)
(0.0169016 -0.107587 0)
(0.0262552 -0.0941041 0)
(0.0370729 -0.0804008 0)
(0.0492867 -0.0668387 0)
(0.0627941 -0.0538702 0)
(0.0773806 -0.0420378 0)
(0.0926498 -0.0318909 0)
(0.108071 -0.0238306 0)
(0.123085 -0.0181005 0)
(0.137097 -0.0148353 0)
(0.149412 -0.0139386 0)
(0.159384 -0.0148483 0)
(0.166686 -0.0166463 0)
(0.171232 -0.018405 0)
(0.173104 -0.0189682 0)
(0.17294 -0.0169768 0)
(0.172212 -0.0119561 0)
(-0.00355453 -0.143771 0)
(-0.00615684 -0.154982 0)
(-0.006858 -0.152533 0)
(-0.00584369 -0.145927 0)
(-0.0030019 -0.137066 0)
(0.00159366 -0.126743 0)
(0.00784747 -0.115435 0)
(0.0156789 -0.103503 0)
(0.025014 -0.0912705 0)
(0.035768 -0.079078 0)
(0.0478114 -0.0673088 0)
(0.0609267 -0.0563843 0)
(0.0747746 -0.0467153 0)
(0.0889138 -0.038623 0)
(0.102849 -0.0323125 0)
(0.116041 -0.027864 0)
(0.127909 -0.0251601 0)
(0.13792 -0.0237885 0)
(0.145733 -0.0230917 0)
(0.151199 -0.0223245 0)
(0.154378 -0.0206482 0)
(0.155633 -0.0172671 0)
(0.155806 -0.011874 0)
(-0.00417853 -0.138672 0)
(-0.00770254 -0.152396 0)
(-0.00950941 -0.151963 0)
(-0.0097316 -0.147196 0)
(-0.00824512 -0.140085 0)
(-0.00509012 -0.131441 0)
(-0.000331064 -0.121746 0)
(0.00597275 -0.111359 0)
(0.0137557 -0.100592 0)
(0.0229298 -0.0897537 0)
(0.0333616 -0.0791646 0)
(0.0448464 -0.0691556 0)
(0.0570907 -0.0600384 0)
(0.0697211 -0.0520614 0)
(0.0823076 -0.0453817 0)
(0.09438 -0.0400432 0)
(0.105447 -0.0359318 0)
(0.115055 -0.0327315 0)
(0.122862 -0.02995 0)
(0.128666 -0.0270014 0)
(0.132421 -0.0232604 0)
(0.134222 -0.0181923 0)
(0.134453 -0.0115214 0)
(-0.00454545 -0.132725 0)
(-0.00880067 -0.148822 0)
(-0.0115559 -0.150278 0)
(-0.012873 -0.147224 0)
(-0.0126169 -0.141754 0)
(-0.010801 -0.134704 0)
(-0.00746772 -0.126557 0)
(-0.00265945 -0.117663 0)
(0.0035679 -0.108315 0)
(0.0111308 -0.0987865 0)
(0.0199033 -0.0893433 0)
(0.029701 -0.0802456 0)
(0.0402714 -0.0717293 0)
(0.0512973 -0.06398 0)
(0.0624108 -0.0571094 0)
(0.0732084 -0.0511334 0)
(0.0832713 -0.0459429 0)
(0.092203 -0.0412808 0)
(0.099671 -0.036755 0)
(0.105426 -0.0318856 0)
(0.109314 -0.0261629 0)
(0.111218 -0.0191458 0)
(0.11121 -0.010497 0)
(-0.00466232 -0.126271 0)
(-0.0094243 -0.144483 0)
(-0.0129436 -0.147643 0)
(-0.0151973 -0.14615 0)
(-0.0160352 -0.14219 0)
(-0.0154438 -0.136623 0)
(-0.0134445 -0.129932 0)
(-0.0100638 -0.122453 0)
(-0.00534576 -0.114454 0)
(0.000636517 -0.106175 0)
(0.00777078 -0.0978339 0)
(0.015896 -0.0896344 0)
(0.0247971 -0.0817524 0)
(0.0342065 -0.0743208 0)
(0.0438137 -0.0674111 0)
(0.0532764 -0.0610149 0)
(0.0622374 -0.0550223 0)
(0.070348 -0.0492071 0)
(0.07729 -0.0432303 0)
(0.082786 -0.0366666 0)
(0.086601 -0.0290501 0)
(0.0884739 -0.0199408 0)
(0.0882861 -0.00888794 0)
(-0.00456954 -0.119631 0)
(-0.00961532 -0.139613 0)
(-0.0137036 -0.144245 0)
(-0.0167219 -0.144129 0)
(-0.0185016 -0.141527 0)
(-0.0189997 -0.137313 0)
(-0.0182162 -0.131966 0)
(-0.0161611 -0.125805 0)
(-0.0128646 -0.119073 0)
(-0.00838557 -0.111973 0)
(-0.00281906 -0.104684 0)
(0.00369896 -0.097363 0)
(0.0109882 -0.0901377 0)
(0.0188263 -0.0830974 0)
(0.0269544 -0.0762789 0)
(0.0350869 -0.0696513 0)
(0.042922 -0.0630981 0)
(0.0501559 -0.0564035 0)
(0.0564936 -0.0492488 0)
(0.0616496 -0.041224 0)
(0.065345 -0.031859 0)
(0.0672382 -0.0206647 0)
(0.0671137 -0.00705452 0)
(-0.00432183 -0.113073 0)
(-0.00945524 -0.134437 0)
(-0.0139236 -0.140274 0)
(-0.0175305 -0.141332 0)
(-0.0200883 -0.139918 0)
(-0.0215238 -0.136914 0)
(-0.0218147 -0.132786 0)
(-0.0209544 -0.127833 0)
(-0.018958 -0.122272 0)
(-0.0158689 -0.116275 0)
(-0.0117625 -0.109984 0)
(-0.00674963 -0.103516 0)
(-0.000977273 -0.0969605 0)
(0.00537343 -0.0903714 0)
(0.0120917 -0.0837564 0)
(0.0189435 -0.0770638 0)
(0.0256796 -0.0701664 0)
(0.0320423 -0.0628454 0)
(0.0377684 -0.0547812 0)
(0.0425848 -0.0455527 0)
(0.0462029 -0.0346561 0)
(0.0482518 -0.0215288 0)
(0.0484894 -0.00544471 0)
(-0.00397605 -0.106797 0)
(-0.00904227 -0.129146 0)
(-0.013722 -0.135913 0)
(-0.0177488 -0.13793 0)
(-0.0209182 -0.137527 0)
(-0.0231295 -0.135581 0)
(-0.0243384 -0.132539 0)
(-0.0245219 -0.128677 0)
(-0.0236805 -0.124185 0)
(-0.0218416 -0.119207 0)
(-0.0190613 -0.113853 0)
(-0.0154254 -0.108207 0)
(-0.0110493 -0.102327 0)
(-0.00607595 -0.0962367 0)
(-0.000671623 -0.0899211 0)
(0.00497863 -0.0833108 0)
(0.0106757 -0.0762658 0)
(0.0162096 -0.0685573 0)
(0.0213577 -0.0598518 0)
(0.025876 -0.0497018 0)
(0.0294929 -0.0375543 0)
(0.0318469 -0.0227633 0)
(0.0327174 -0.00447012 0)
(-0.00358381 -0.100929 0)
(-0.00847438 -0.123893 0)
(-0.0132263 -0.131324 0)
(-0.0175211 -0.134088 0)
(-0.0211429 -0.13452 0)
(-0.0239678 -0.133478 0)
(-0.0259326 -0.131386 0)
(-0.0269994 -0.128494 0)
(-0.0271548 -0.124966 0)
(-0.0264113 -0.120919 0)
(-0.0248067 -0.116435 0)
(-0.0224035 -0.111572 0)
(-0.0192878 -0.106361 0)
(-0.0155667 -0.100806 0)
(-0.011365 -0.0948715 0)
(-0.0068217 -0.0884734 0)
(-0.0020868 -0.0814595 0)
(0.00267882 -0.0735889 0)
(0.00729896 -0.064508 0)
(0.0115704 -0.0537352 0)
(0.0152577 -0.0406609 0)
(0.0180337 -0.0245545 0)
(0.0197298 -0.00443575 0)
(-0.0031873 -0.0955333 0)
(-0.00783764 -0.118784 0)
(-0.0125566 -0.12664 0)
(-0.0169912 -0.129957 0)
(-0.0209212 -0.131055 0)
(-0.0242063 -0.130768 0)
(-0.0267685 -0.129491 0)
(-0.0285578 -0.127448 0)
(-0.0295492 -0.124776 0)
(-0.0297419 -0.121568 0)
(-0.0291571 -0.117882 0)
(-0.0278362 -0.113755 0)
(-0.0258389 -0.1092 0)
(-0.0232396 -0.104202 0)
(-0.0201247 -0.0987142 0)
(-0.0165897 -0.0926409 0)
(-0.0127373 -0.0858206 0)
(-0.00867858 -0.077999 0)
(-0.00453964 -0.0688008 0)
(-0.000475344 -0.0577073 0)
(0.00332508 -0.0440506 0)
(0.00658105 -0.0270167 0)
(0.00919372 -0.00551472 0)
(-0.00281694 -0.0906186 0)
(-0.0071993 -0.113882 0)
(-0.0118137 -0.121962 0)
(-0.0162868 -0.125661 0)
(-0.0204015 -0.127273 0)
(-0.0240087 -0.127602 0)
(-0.0270213 -0.127012 0)
(-0.0293809 -0.125699 0)
(-0.0310538 -0.123776 0)
(-0.0320281 -0.121313 0)
(-0.0323109 -0.11835 0)
(-0.0319253 -0.114906 0)
(-0.0309073 -0.110981 0)
(-0.0293024 -0.10655 0)
(-0.0271624 -0.101557 0)
(-0.0245426 -0.0959013 0)
(-0.0215008 -0.0894159 0)
(-0.0180993 -0.0818358 0)
(-0.0144131 -0.0727647 0)
(-0.0105455 -0.0616459 0)
(-0.00663328 -0.0477521 0)
(-0.00290716 -0.030187 0)
(0.000608727 -0.00774577 0)
(-0.00249041 -0.086157 0)
(-0.00660471 -0.109216 0)
(-0.0110731 -0.117362 0)
(-0.0155104 -0.121303 0)
(-0.0197096 -0.123297 0)
(-0.0235207 -0.124115 0)
(-0.0268533 -0.124092 0)
(-0.0296455 -0.123395 0)
(-0.0318581 -0.122116 0)
(-0.0334711 -0.120304 0)
(-0.0344802 -0.117985 0)
(-0.0348931 -0.115165 0)
(-0.0347259 -0.111836 0)
(-0.0339988 -0.107966 0)
(-0.0327331 -0.103498 0)
(-0.0309482 -0.0983325 0)
(-0.0286605 -0.0922999 0)
(-0.025886 -0.0851287 0)
(-0.0226501 -0.0764044 0)
(-0.0190046 -0.0655331 0)
(-0.0150341 -0.0517277 0)
(-0.0109082 -0.0340093 0)
(-0.00659839 -0.0110614 0)
(-0.00221199 -0.0820996 0)
(-0.00607768 -0.104789 0)
(-0.0103827 -0.112883 0)
(-0.0147346 -0.116957 0)
(-0.0189415 -0.119224 0)
(-0.0228596 -0.120422 0)
(-0.0264015 -0.120856 0)
(-0.0295064 -0.120669 0)
(-0.0321335 -0.119931 0)
(-0.034258 -0.118677 0)
(-0.0358672 -0.11692 0)
(-0.036957 -0.114658 0)
(-0.0375269 -0.111879 0)
(-0.0375763 -0.108552 0)
(-0.0371006 -0.104622 0)
(-0.036088 -0.0999947 0)
(-0.0345179 -0.0945058 0)
(-0.0323644 -0.0878817 0)
(-0.0296056 -0.0796925 0)
(-0.0262438 -0.0693087 0)
(-0.0223126 -0.055882 0)
(-0.0179246 -0.0383494 0)
(-0.0130014 -0.0152962 0)
(-0.00197316 -0.0783917 0)
(-0.00562351 -0.100584 0)
(-0.00976547 -0.108547 0)
(-0.0140026 -0.112675 0)
(-0.0181617 -0.11513 0)
(-0.0221107 -0.116616 0)
(-0.025771 -0.117411 0)
(-0.0290876 -0.117634 0)
(-0.0320221 -0.11734 0)
(-0.0345481 -0.116551 0)
(-0.0366481 -0.115271 0)
(-0.0383094 -0.113496 0)
(-0.039519 -0.111211 0)
(-0.04026 -0.108392 0)
(-0.040507 -0.104992 0)
(-0.0402225 -0.100927 0)
(-0.0393546 -0.0960432 0)
(-0.0378398 -0.09007 0)
(-0.0356135 -0.082567 0)
(-0.0326311 -0.0728716 0)
(-0.0288774 -0.060074 0)
(-0.0244115 -0.0430242 0)
(-0.0191076 -0.020207 0)
(-0.00175793 -0.0749854 0)
(-0.00523496 -0.0965738 0)
(-0.00922472 -0.104358 0)
(-0.0133326 -0.10849 0)
(-0.0174056 -0.111073 0)
(-0.0213275 -0.112772 0)
(-0.0250336 -0.113842 0)
(-0.0284789 -0.114386 0)
(-0.0316307 -0.114443 0)
(-0.0344649 -0.114027 0)
(-0.0369622 -0.113138 0)
(-0.0391047 -0.111771 0)
(-0.0408713 -0.109916 0)
(-0.0422334 -0.107555 0)
(-0.0431506 -0.104656 0)
(-0.0435653 -0.101151 0)
(-0.0434006 -0.0968999 0)
(-0.0425615 -0.0916438 0)
(-0.0409456 -0.0849367 0)
(-0.0384646 -0.0760864 0)
(-0.0350563 -0.0641226 0)
(-0.0307274 -0.047805 0)
(-0.0253059 -0.025514 0)
(-0.00155195 -0.0718452 0)
(-0.00489947 -0.0927282 0)
(-0.00875128 -0.100311 0)
(-0.0127241 -0.104423 0)
(-0.0166848 -0.107092 0)
(-0.0205363 -0.108947 0)
(-0.0242308 -0.110221 0)
(-0.027737 -0.111003 0)
(-0.0310312 -0.111323 0)
(-0.0340943 -0.111191 0)
(-0.0369085 -0.110606 0)
(-0.0394542 -0.109565 0)
(-0.041706 -0.108064 0)
(-0.0436288 -0.106097 0)
(-0.0451724 -0.103649 0)
(-0.0462661 -0.100672 0)
(-0.0468145 -0.0970495 0)
(-0.0466984 -0.092537 0)
(-0.0457826 -0.0866912 0)
(-0.0439392 -0.0787962 0)
(-0.0410596 -0.0678237 0)
(-0.0370963 -0.0524417 0)
(-0.0318287 -0.0309213 0)
(-0.00135099 -0.0689467 0)
(-0.00460509 -0.0890207 0)
(-0.00832992 -0.0963971 0)
(-0.0121644 -0.100486 0)
(-0.015994 -0.103217 0)
(-0.0197417 -0.105185 0)
(-0.0233792 -0.106603 0)
(-0.0268907 -0.107549 0)
(-0.0302641 -0.108052 0)
(-0.0334877 -0.108118 0)
(-0.0365479 -0.107749 0)
(-0.0394266 -0.106946 0)
(-0.042098 -0.105716 0)
(-0.044525 -0.104066 0)
(-0.0466533 -0.102001 0)
(-0.0484056 -0.0994954 0)
(-0.0496762 -0.0964611 0)
(-0.0503284 -0.0926782 0)
(-0.0502016 -0.0877138 0)
(-0.0491315 -0.0808371 0)
(-0.0469629 -0.0709678 0)
(-0.04359 -0.056683 0)
(-0.0387368 -0.0361417 0)
(-0.00116225 -0.0662705 0)
(-0.00434222 -0.0854345 0)
(-0.00794312 -0.0926137 0)
(-0.0116339 -0.0966876 0)
(-0.0153166 -0.0994719 0)
(-0.0189339 -0.101521 0)
(-0.0224774 -0.103033 0)
(-0.0259478 -0.10408 0)
(-0.0293456 -0.104691 0)
(-0.0326687 -0.104873 0)
(-0.0359097 -0.104634 0)
(-0.0390547 -0.103983 0)
(-0.042081 -0.102934 0)
(-0.0449533 -0.101513 0)
(-0.0476189 -0.099743 0)
(-0.0500006 -0.0976283 0)
(-0.05199 -0.0951112 0)
(-0.053442 -0.0920043 0)
(-0.0541776 -0.0878964 0)
(-0.0540007 -0.0820543 0)
(-0.0527092 -0.0733563 0)
(-0.0501324 -0.0602949 0)
(-0.0459281 -0.0409168 0)
(-0.000995584 -0.0637972 0)
(-0.00410103 -0.0819655 0)
(-0.0075724 -0.0889641 0)
(-0.0111105 -0.0930403 0)
(-0.0146313 -0.0958762 0)
(-0.0180958 -0.0979848 0)
(-0.0215139 -0.0995503 0)
(-0.0249026 -0.100644 0)
(-0.0282758 -0.101295 0)
(-0.0316416 -0.101518 0)
(-0.0350005 -0.101328 0)
(-0.0383448 -0.10074 0)
(-0.0416574 -0.0997825 0)
(-0.0449085 -0.0984943 0)
(-0.0480516 -0.096921 0)
(-0.051016 -0.0950953 0)
(-0.0536987 -0.0929956 0)
(-0.0559555 -0.0904739 0)
(-0.0575977 -0.0871538 0)
(-0.0584037 -0.0823161 0)
(-0.0581252 -0.0748157 0)
(-0.0565196 -0.0630734 0)
(-0.0531639 -0.0450287 0)
(-0.000852009 -0.0615051 0)
(-0.00386852 -0.0786198 0)
(-0.0072 -0.0854583 0)
(-0.0105738 -0.0895565 0)
(-0.0139178 -0.0924477 0)
(-0.017209 -0.094601 0)
(-0.0204736 -0.0961886 0)
(-0.0237438 -0.0972817 0)
(-0.0270465 -0.0979154 0)
(-0.0304002 -0.0981126 0)
(-0.033814 -0.0978945 0)
(-0.0372877 -0.0972883 0)
(-0.0408113 -0.0963323 0)
(-0.0443632 -0.0950802 0)
(-0.0479069 -0.0935974 0)
(-0.0513838 -0.0919451 0)
(-0.0547039 -0.0901397 0)
(-0.0577335 -0.08808 0)
(-0.0602849 -0.0854375 0)
(-0.06212 -0.0815283 0)
(-0.062948 -0.0752088 0)
(-0.0624493 -0.0648511 0)
(-0.0601047 -0.0483019 0)
(-0.000723638 -0.0593786 0)
(-0.00363213 -0.075408 0)
(-0.0068146 -0.0821088 0)
(-0.0100112 -0.0862498 0)
(-0.0131628 -0.0892036 0)
(-0.01626 -0.0913932 0)
(-0.0193439 -0.0929792 0)
(-0.0224604 -0.0940349 0)
(-0.0256481 -0.0946028 0)
(-0.0289353 -0.094715 0)
(-0.0323397 -0.0944029 0)
(-0.0358689 -0.0937035 0)
(-0.0395206 -0.0926659 0)
(-0.0432827 -0.0913562 0)
(-0.0471311 -0.0898574 0)
(-0.0510236 -0.0882563 0)
(-0.0548898 -0.0866073 0)
(-0.0586156 -0.08486 0)
(-0.0620271 -0.0827476 0)
(-0.0648822 -0.0796453 0)
(-0.0668563 -0.0744439 0)
(-0.0675538 -0.0655013 0)
(-0.0663465 -0.0505978 0)
(-0.00060842 -0.0574224 0)
(-0.00339349 -0.0723393 0)
(-0.006422 -0.0789273 0)
(-0.00942603 -0.0831352 0)
(-0.0123654 -0.0861632 0)
(-0.0152446 -0.0883859 0)
(-0.0181188 -0.0899537 0)
(-0.0210458 -0.0909433 0)
(-0.0240743 -0.0914062 0)
(-0.0272409 -0.0913856 0)
(-0.0305707 -0.0909236 0)
(-0.0340779 -0.0900676 0)
(-0.0377681 -0.0888758 0)
(-0.0416384 -0.0874243 0)
(-0.0456781 -0.0858097 0)
(-0.0498634 -0.0841401 0)
(-0.054148 -0.0825038 0)
(-0.058446 -0.0809029 0)
(-0.0626099 -0.0791427 0)
(-0.0664103 -0.0766818 0)
(-0.0695052 -0.0724841 0)
(-0.0714328 -0.0649399 0)
(-0.0714529 -0.0518055 0)
(-0.000535087 -0.055648 0)
(-0.00318541 -0.0694182 0)
(-0.00605582 -0.0759272 0)
(-0.00884335 -0.0802333 0)
(-0.0115406 -0.0833514 0)
(-0.0141699 -0.0856082 0)
(-0.0168002 -0.0871459 0)
(-0.0194998 -0.0880474 0)
(-0.0223246 -0.0883752 0)
(-0.0253171 -0.0881845 0)
(-0.0285073 -0.0875293 0)
(-0.0319144 -0.0864665 0)
(-0.0355496 -0.0850623 0)
(-0.0394187 -0.0833996 0)
(-0.0435229 -0.0815837 0)
(-0.0478568 -0.0797375 0)
(-0.0524001 -0.0779767 0)
(-0.057101 -0.0763525 0)
(-0.06185 -0.0747471 0)
(-0.0664488 -0.0727234 0)
(-0.0705621 -0.0693585 0)
(-0.0736853 -0.0631322 0)
(-0.0749793 -0.0518357 0)
(-0.000588929 -0.0539954 0)
(-0.00307752 -0.0666423 0)
(-0.00577956 -0.0731312 0)
(-0.0083091 -0.0775781 0)
(-0.0107169 -0.0808057 0)
(-0.0130513 -0.0830979 0)
(-0.015396 -0.0845948 0)
(-0.0178272 -0.0853896 0)
(-0.0204044 -0.0855586 0)
(-0.0231717 -0.0851706 0)
(-0.0261602 -0.0842914 0)
(-0.0293911 -0.0829869 0)
(-0.0328789 -0.0813291 0)
(-0.0366351 -0.0794049 0)
(-0.0406709 -0.0773226 0)
(-0.0449966 -0.0752125 0)
(-0.0496166 -0.073209 0)
(-0.0545146 -0.0714036 0)
(-0.059627 -0.0697527 0)
(-0.0648043 -0.0679351 0)
(-0.0697467 -0.0651765 0)
(-0.0739449 -0.0601067 0)
(-0.076496 -0.0506271 0)
(-0.000912659 -0.052278 0)
(-0.0031652 -0.0640076 0)
(-0.00567517 -0.0705821 0)
(-0.00787948 -0.0752259 0)
(-0.00992726 -0.0785816 0)
(-0.0119063 -0.0809048 0)
(-0.0139159 -0.082345 0)
(-0.0160359 -0.0830132 0)
(-0.0183237 -0.0830032 0)
(-0.0208193 -0.0823988 0)
(-0.0235501 -0.0812771 0)
(-0.026535 -0.0797114 0)
(-0.0297885 -0.0777778 0)
(-0.033325 -0.0755632 0)
(-0.0371618 -0.0731744 0)
(-0.041321 -0.0707416 0)
(-0.045827 -0.0684074 0)
(-0.0506956 -0.066291 0)
(-0.0559102 -0.064412 0)
(-0.0613815 -0.0625635 0)
(-0.066874 -0.0601413 0)
(-0.0719212 -0.0559791 0)
(-0.0756167 -0.048171 0)
(-0.00165889 -0.0502486 0)
(-0.00355525 -0.0615272 0)
(-0.00582147 -0.0683543 0)
(-0.00760182 -0.0732616 0)
(-0.00919396 -0.0767548 0)
(-0.0107436 -0.0790893 0)
(-0.0123646 -0.0804442 0)
(-0.0141329 -0.080959 0)
(-0.0160955 -0.0807499 0)
(-0.018281 -0.0799162 0)
(-0.0207071 -0.0785448 0)
(-0.023386 -0.076714 0)
(-0.0263291 -0.0745009 0)
(-0.02955 -0.0719895 0)
(-0.0330686 -0.0692808 0)
(-0.0369136 -0.0664988 0)
(-0.0411224 -0.0637844 0)
(-0.0457346 -0.0612702 0)
(-0.0507739 -0.0590208 0)
(-0.0562125 -0.0569279 0)
(-0.0618977 -0.0545576 0)
(-0.0674532 -0.0509805 0)
(-0.0720456 -0.0445577 0)
(-0.00293889 -0.0475762 0)
(-0.00435406 -0.0592382 0)
(-0.00626631 -0.0665624 0)
(-0.00748772 -0.0718042 0)
(-0.00850923 -0.0754206 0)
(-0.00955161 -0.0777185 0)
(-0.0107364 -0.078938 0)
(-0.0121224 -0.0792616 0)
(-0.0137352 -0.0788313 0)
(-0.0155836 -0.0777607 0)
(-0.0176697 -0.0761427 0)
(-0.0199954 -0.0740571 0)
(-0.0225657 -0.0715782 0)
(-0.0253912 -0.0687844 0)
(-0.028491 -0.0657681 0)
(-0.0318952 -0.0626424 0)
(-0.0356464 -0.0595395 0)
(-0.0397968 -0.0565921 0)
(-0.0443969 -0.0538895 0)
(-0.0494693 -0.0513955 0)
(-0.0549452 -0.0488227 0)
(-0.0605681 -0.0454781 0)
(-0.0656524 -0.0400341 0)
(-0.00489791 -0.04362 0)
(-0.00565834 -0.0571905 0)
(-0.00699143 -0.0653733 0)
(-0.00748246 -0.0710142 0)
(-0.00781589 -0.0746931 0)
(-0.00829004 -0.0768623 0)
(-0.0090135 -0.0778679 0)
(-0.010008 -0.0779496 0)
(-0.0112636 -0.0772745 0)
(-0.0127617 -0.0759645 0)
(-0.0144852 -0.0741127 0)
(-0.0164236 -0.0717949 0)
(-0.0185743 -0.0690788 0)
(-0.0209434 -0.0660346 0)
(-0.023547 -0.0627441 0)
(-0.0264122 -0.0593082 0)
(-0.0295798 -0.0558458 0)
(-0.0331033 -0.0524815 0)
(-0.0370434 -0.0493117 0)
(-0.0414522 -0.0463425 0)
(-0.046326 -0.0433922 0)
(-0.051528 -0.0399667 0)
(-0.0565651 -0.0350447 0)
(-0.00783677 -0.0377702 0)
(-0.00759169 -0.0554863 0)
(-0.00786778 -0.0650066 0)
(-0.00743329 -0.0710657 0)
(-0.00699337 -0.074666 0)
(-0.00688851 -0.0765575 0)
(-0.00717145 -0.0772449 0)
(-0.00779821 -0.0770282 0)
(-0.00871075 -0.0760891 0)
(-0.00985958 -0.0745465 0)
(-0.0112091 -0.0724844 0)
(-0.0127379 -0.069968 0)
(-0.0144369 -0.0670549 0)
(-0.0163077 -0.0638051 0)
(-0.0183619 -0.0602896 0)
(-0.0206213 -0.056597 0)
(-0.0231196 -0.0528332 0)
(-0.0259027 -0.0491114 0)
(-0.0290264 -0.0455245 0)
(-0.0325485 -0.0420962 0)
(-0.0364998 -0.0387068 0)
(-0.0408331 -0.0350006 0)
(-0.0452462 -0.0302049 0)
(-0.0118711 -0.0302987 0)
(-0.0102779 -0.0544873 0)
(-0.00851359 -0.0657302 0)
(-0.00702965 -0.0719876 0)
(-0.00584386 -0.0752272 0)
(-0.00525307 -0.07665 0)
(-0.00518975 -0.0769212 0)
(-0.00551549 -0.0763718 0)
(-0.0061212 -0.0751736 0)
(-0.00693337 -0.073426 0)
(-0.00790547 -0.0711936 0)
(-0.00901096 -0.0685259 0)
(-0.0102378 -0.0654676 0)
(-0.0115848 -0.0620681 0)
(-0.0130591 -0.0583888 0)
(-0.0146762 -0.0545082 0)
(-0.01646 -0.0505218 0)
(-0.0184432 -0.0465323 0)
(-0.0206666 -0.0426255 0)
(-0.0231759 -0.0388291 0)
(-0.0260069 -0.0350514 0)
(-0.0291599 -0.0310142 0)
(-0.0324845 -0.0261164 0)
(-0.0159633 -0.0212387 0)
(-0.0131 -0.0556674 0)
(-0.00789276 -0.0681849 0)
(-0.00567452 -0.0736565 0)
(-0.0040919 -0.0760144 0)
(-0.00330482 -0.0767762 0)
(-0.00308675 -0.0765891 0)
(-0.00321782 -0.075728 0)
(-0.00356588 -0.0743172 0)
(-0.00405712 -0.0724195 0)
(-0.00465008 -0.0700742 0)
(-0.00532276 -0.0673129 0)
(-0.00606539 -0.0641686 0)
(-0.00687617 -0.0606823 0)
(-0.00775902 -0.0569084 0)
(-0.0087227 -0.052919 0)
(-0.00978065 -0.0488026 0)
(-0.010951 -0.0446549 0)
(-0.012256 -0.0405559 0)
(-0.013722 -0.036531 0)
(-0.0153752 -0.0324937 0)
(-0.0172399 -0.0281875 0)
(-0.0192923 -0.0230809 0)
(-0.0162642 0.000951998 0)
(-0.0101769 -0.0622971 0)
(-0.00415946 -0.0741864 0)
(-0.00260904 -0.0770096 0)
(-0.00157158 -0.0778654 0)
(-0.00111944 -0.0778067 0)
(-0.000990555 -0.0771645 0)
(-0.00102439 -0.0760433 0)
(-0.00114534 -0.0744762 0)
(-0.00131764 -0.072477 0)
(-0.00152352 -0.0700577 0)
(-0.0017544 -0.0672351 0)
(-0.00200675 -0.0640332 0)
(-0.00227997 -0.0604878 0)
(-0.00257518 -0.0566497 0)
(-0.00289476 -0.0525881 0)
(-0.00324216 -0.0483891 0)
(-0.00362191 -0.0441462 0)
(-0.0040398 -0.0399378 0)
(-0.00450382 -0.0357856 0)
(-0.00502778 -0.0315891 0)
(-0.00564837 -0.0270392 0)
(-0.00644483 -0.0214602 0)
(0.148459 0.029348 0)
(0.156233 0.0071608 0)
(0.167737 -0.0206677 0)
(0.195329 -0.0675531 0)
(0.132002 -0.0212051 0)
(0.141968 -0.0368828 0)
(0.147505 -0.0574063 0)
(0.144524 -0.0831738 0)
(0.125117 -0.0292722 0)
(0.129261 -0.0368656 0)
(0.12879 -0.045868 0)
(0.121628 -0.0557007 0)
(0.126912 -0.0398017 0)
(0.12935 -0.0407993 0)
(0.128245 -0.0405349 0)
(0.12284 -0.0391692 0)
(0.134025 -0.0405406 0)
(0.135378 -0.0369099 0)
(0.13431 -0.0316021 0)
(0.13085 -0.0257656 0)
(0.122823 -0.0479982 0)
(0.121263 -0.0410206 0)
(0.120581 -0.0319241 0)
(0.1211 -0.0225027 0)
(0.117284 -0.0453596 0)
(0.10853 -0.0392625 0)
(0.103324 -0.0311388 0)
(0.0994281 -0.0239593 0)
(0.148153 -0.0159631 0)
(0.140366 -0.0126657 0)
(0.132282 -0.0106622 0)
(0.125644 -0.00850155 0)
(0.171547 -0.00768606 0)
(0.168973 -0.00152811 0)
(0.166286 0.0053572 0)
(0.163215 0.0118668 0)
(0.178726 -0.00624952 0)
(0.17852 -0.00100789 0)
(0.178627 0.005043 0)
(0.178526 0.0115516 0)
(0.171994 -0.00635723 0)
(0.17218 -0.00171269 0)
(0.172462 0.00398692 0)
(0.172546 0.0106058 0)
(0.155321 -0.00636721 0)
(0.154984 -0.00169384 0)
(0.154391 0.00432421 0)
(0.15336 0.0116594 0)
(0.133192 -0.00508748 0)
(0.13205 0.000334565 0)
(0.130337 0.00737987 0)
(0.127893 0.0160893 0)
(0.109181 -0.00233853 0)
(0.10733 0.00440296 0)
(0.104675 0.0130608 0)
(0.101051 0.0237249 0)
(0.0857868 0.00150063 0)
(0.0835166 0.00993362 0)
(0.080306 0.0206053 0)
(0.0759801 0.0336389 0)
(0.0645558 0.00578311 0)
(0.0622265 0.016077 0)
(0.0589129 0.0289565 0)
(0.0544367 0.0445623 0)
(0.046281 0.00981169 0)
(0.044231 0.0219578 0)
(0.0412319 0.0370441 0)
(0.037111 0.0552146 0)
(0.0311861 0.0129887 0)
(0.0296779 0.0268415 0)
(0.0273138 0.0439759 0)
(0.0239355 0.0645311 0)
(0.0190865 0.0148972 0)
(0.0182854 0.0302227 0)
(0.0167571 0.0491401 0)
(0.0143644 0.0717804 0)
(0.0095302 0.0153146 0)
(0.00950775 0.0318338 0)
(0.0089026 0.0522128 0)
(0.00760321 0.0765711 0)
(0.00191315 0.0141906 0)
(0.002661 0.0316115 0)
(0.00297102 0.0531131 0)
(0.00275961 0.0787984 0)
(-0.00443268 0.0116045 0)
(-0.00298637 0.0296494 0)
(-0.00184149 0.0519484 0)
(-0.00105217 0.0785843 0)
(-0.0101372 0.00775542 0)
(-0.00811312 0.0261702 0)
(-0.00626721 0.0489674 0)
(-0.00462168 0.076209 0)
(-0.0157491 0.00292575 0)
(-0.0132958 0.0214844 0)
(-0.0109126 0.0445112 0)
(-0.00859176 0.072048 0)
(-0.0216788 -0.00256033 0)
(-0.0189567 0.0159453 0)
(-0.0162099 0.0389642 0)
(-0.0134044 0.06652 0)
(-0.0281581 -0.0083665 0)
(-0.0253242 0.00991443 0)
(-0.0223816 0.0327163 0)
(-0.0192735 0.0600462 0)
(-0.035229 -0.014177 0)
(-0.0324244 0.00372573 0)
(-0.0294329 0.0261236 0)
(-0.0261804 0.0530087 0)
(-0.0427583 -0.0197196 0)
(-0.0400991 -0.00233945 0)
(-0.0371763 0.0194801 0)
(-0.0339034 0.0457192 0)
(-0.0504713 -0.0247772 0)
(-0.0480465 -0.00806433 0)
(-0.0452787 0.0130045 0)
(-0.0420719 0.038403 0)
(-0.0579968 -0.0291858 0)
(-0.0558721 -0.0132937 0)
(-0.0533194 0.00684389 0)
(-0.0502339 0.0312008 0)
(-0.0649091 -0.0328207 0)
(-0.0631373 -0.0179153 0)
(-0.0608464 0.00109477 0)
(-0.0579206 0.0241923 0)
(-0.0707619 -0.0355744 0)
(-0.0693946 -0.0218308 0)
(-0.0674139 -0.0041597 0)
(-0.0646903 0.0174391 0)
(-0.0751064 -0.0373378 0)
(-0.0742027 -0.024926 0)
(-0.072597 -0.00880967 0)
(-0.0701421 0.0110363 0)
(-0.0775002 -0.037992 0)
(-0.0771267 -0.0270524 0)
(-0.075982 -0.0126872 0)
(-0.0738981 0.00515873 0)
(-0.0775175 -0.0374261 0)
(-0.0777324 -0.0280354 0)
(-0.0771455 -0.015561 0)
(-0.0755657 8.31573e-05 0)
(-0.0747762 -0.0355874 0)
(-0.0755972 -0.0277221 0)
(-0.0756414 -0.0171759 0)
(-0.0746984 -0.00383717 0)
(-0.0690065 -0.0325637 0)
(-0.0703647 -0.0260751 0)
(-0.0710357 -0.0173518 0)
(-0.0708008 -0.00626904 0)
(-0.0601718 -0.028671 0)
(-0.0618753 -0.0232912 0)
(-0.0630345 -0.0161304 0)
(-0.0634413 -0.00706712 0)
(-0.0486231 -0.0244857 0)
(-0.0503736 -0.0198813 0)
(-0.0517417 -0.0139119 0)
(-0.0525503 -0.006471 0)
(-0.0351985 -0.0207164 0)
(-0.0367148 -0.0165946 0)
(-0.0380021 -0.011448 0)
(-0.038907 -0.0051745 0)
(-0.0211479 -0.0177176 0)
(-0.0223249 -0.0138156 0)
(-0.0234509 -0.0091361 0)
(-0.0243469 -0.00354616 0)
(-0.00736077 -0.0154688 0)
(-0.00812107 -0.0110479 0)
(-0.00901622 -0.00590156 0)
(-0.00998026 -0.000378664 0)
(0.185891 -0.213044 0)
(0.0467423 -0.205308 0)
(-0.0576327 0.431408 0)
(0.492975 1.6152 0)
(0.792573 1.64378 0)
(0.915313 1.23287 0)
(0.864529 0.769892 0)
(0.722406 0.338985 0)
(0.535028 -0.0210066 0)
(0.341527 -0.276701 0)
(0.181098 -0.414757 0)
(0.0936501 -0.443642 0)
(-0.126759 -0.43498 0)
(0.149046 -0.467275 0)
(0.189552 -0.641172 0)
(0.134866 -0.718826 0)
(0.0844287 -0.703912 0)
(0.0504691 -0.670745 0)
(0.0349584 -0.585427 0)
(0.12091 -0.133701 0)
(0.0292057 -0.0689414 0)
(-0.0724898 0.103861 0)
(0.278103 1.16109 0)
(0.851062 1.35188 0)
(1.15464 1.15642 0)
(1.21496 0.822967 0)
(1.13238 0.474741 0)
(0.96933 0.157587 0)
(0.771488 -0.100701 0)
(0.574455 -0.269948 0)
(0.434552 -0.344521 0)
(0.318306 -0.352426 0)
(0.312917 -0.481297 0)
(0.305626 -0.610622 0)
(0.24448 -0.668658 0)
(0.181486 -0.659422 0)
(0.121321 -0.621157 0)
(0.0732829 -0.532105 0)
(0.0959097 -0.0685148 0)
(0.0521541 -0.00353217 0)
(0.0287106 0.0728728 0)
(-0.0182692 0.707854 0)
(0.750025 0.988032 0)
(1.18309 0.997907 0)
(1.32594 0.811592 0)
(1.30706 0.573744 0)
(1.17485 0.319001 0)
(0.979056 0.0800251 0)
(0.760997 -0.0861446 0)
(0.557181 -0.156372 0)
(0.39418 -0.334018 0)
(0.393764 -0.452413 0)
(0.367452 -0.567206 0)
(0.309258 -0.614746 0)
(0.241726 -0.599895 0)
(0.167794 -0.54842 0)
(0.0996196 -0.438405 0)
(0.104879 -0.0320464 0)
(0.078534 0.0281339 0)
(0.0692718 0.113376 0)
(0.0799905 0.212159 0)
(0.288644 0.326457 0)
(0.824861 0.71751 0)
(1.07247 0.709234 0)
(1.1639 0.647954 0)
(1.09006 0.476235 0)
(0.914082 0.285792 0)
(0.787255 0.245659 0)
(0.462562 -0.125115 0)
(0.418768 -0.268028 0)
(0.423779 -0.421002 0)
(0.392559 -0.527945 0)
(0.340054 -0.562972 0)
(0.26926 -0.534454 0)
(0.18973 -0.463796 0)
(0.11488 -0.324196 0)
(0.121908 -0.014035 0)
(0.110075 0.039624 0)
(0.109077 0.12494 0)
(0.130078 0.211307 0)
(0.184377 0.293118 0)
(0.246784 0.385623 0)
(0.373132 0.438064 0)
(0.477418 0.547697 0)
(0.615228 0.52524 0)
(0.64281 0.44133 0)
(0.47151 0.243378 0)
(0.396825 -0.0602648 0)
(0.425589 -0.240608 0)
(0.416722 -0.399069 0)
(0.38924 -0.494845 0)
(0.338166 -0.511547 0)
(0.265395 -0.464413 0)
(0.188925 -0.375668 0)
(0.120021 -0.202416 0)
(0.1246 -0.00572294 0)
(0.12883 0.044252 0)
(0.136689 0.116966 0)
(0.159036 0.198551 0)
(0.193138 0.275692 0)
(0.23849 0.350396 0)
(0.297478 0.420085 0)
(0.326086 0.484204 0)
(0.333216 0.471497 0)
(0.326055 0.365125 0)
(0.392172 0.165277 0)
(0.41027 -0.0245453 0)
(0.395403 -0.218442 0)
(0.37813 -0.376056 0)
(0.341832 -0.461902 0)
(0.293754 -0.456317 0)
(0.235684 -0.396959 0)
(0.168569 -0.294156 0)
(0.114478 -0.0839416 0)
(0.0948537 -0.0171279 0)
(0.108821 0.0379138 0)
(0.141176 0.10932 0)
(0.175943 0.179167 0)
(0.208761 0.251682 0)
(0.247263 0.328246 0)
(0.290238 0.396564 0)
(0.33184 0.448282 0)
(0.371435 0.450162 0)
(0.399879 0.360087 0)
(0.396345 0.203854 0)
(0.360415 0.00939007 0)
(0.325743 -0.182272 0)
(0.275147 -0.347631 0)
(0.220146 -0.429132 0)
(0.198455 -0.415276 0)
(0.167869 -0.350032 0)
(0.114668 -0.229999 0)
(0.0915203 0.0144228 0)
(0.104244 -0.020344 0)
(0.0654109 0.0180129 0)
(0.100341 0.0924622 0)
(0.155812 0.160953 0)
(0.206031 0.230959 0)
(0.251316 0.302314 0)
(0.291426 0.370263 0)
(0.329313 0.423778 0)
(0.362093 0.431166 0)
(0.370241 0.36638 0)
(0.327531 0.238388 0)
(0.252823 0.0814367 0)
(0.169328 -0.11388 0)
(0.0382827 -0.320269 0)
(0.0458026 -0.414774 0)
(0.0659716 -0.399326 0)
(0.0666859 -0.320458 0)
(0.0220308 -0.187255 0)
(0.0477065 0.0649257 0)
(0.155617 0.016502 0)
(0.148142 -0.00341223 0)
(0.145092 0.00120943 0)
(0.109577 0.124384 0)
(0.157433 0.212955 0)
(0.216769 0.285365 0)
(0.267608 0.354696 0)
(0.309686 0.407154 0)
(0.329854 0.419796 0)
(0.300462 0.377822 0)
(0.197432 0.305599 0)
(0.0437282 0.194965 0)
(-0.162833 -0.0436462 0)
(-0.175587 -0.295877 0)
(-0.131488 -0.42544 0)
(-0.0760095 -0.417353 0)
(-0.0321226 -0.312268 0)
(-0.0676391 -0.17161 0)
(0.017568 0.0810379 0)
(0.177165 0.0218018 0)
(0.170426 0.0317982 0)
(0.1606 0.0413376 0)
(0.160623 0.0501443 0)
(0.20062 0.0630932 0)
(0.181955 0.222951 0)
(0.218253 0.329852 0)
(0.269196 0.399543 0)
(0.287138 0.425683 0)
(0.21478 0.418683 0)
(0.0113257 0.410011 0)
(-0.276724 0.285349 0)
(-0.340981 -0.017448 0)
(-0.309301 -0.303227 0)
(-0.282654 -0.476622 0)
(-0.215076 -0.487841 0)
(-0.0729867 -0.347195 0)
(-0.0539047 -0.170805 0)
(0.0078564 0.0321579 0)
(0.172107 0.0224424 0)
(0.166396 0.0388774 0)
(0.156027 0.0608143 0)
(0.147687 0.090206 0)
(0.144073 0.116665 0)
(0.143409 0.158875 0)
(0.158655 0.198007 0)
(0.137736 0.308275 0)
(0.121097 0.470615 0)
(0.0129648 0.564046 0)
(-0.251398 0.693615 0)
(-0.368891 0.411511 0)
(-0.335872 -0.0257406 0)
(-0.366612 -0.330797 0)
(-0.379504 -0.520543 0)
(-0.345796 -0.597123 0)
(-0.192769 -0.541094 0)
(0.0716978 -0.243352 0)
(0.113353 -0.0386844 0)
(0.150954 0.0254665 0)
(0.142294 0.0458715 0)
(0.127629 0.0712841 0)
(0.108297 0.104746 0)
(0.0828678 0.146445 0)
(0.0541486 0.208545 0)
(0.0178987 0.279734 0)
(-0.0540697 0.39903 0)
(-0.168295 0.614092 0)
(-0.293229 0.912569 0)
(-0.32124 1.04987 0)
(-0.284143 0.563979 0)
(-0.218208 -0.0140937 0)
(-0.380012 -0.31746 0)
(-0.4446 -0.532062 0)
(-0.438232 -0.658379 0)
(-0.375324 -0.661011 0)
(-0.22567 -0.396094 0)
(0.0756343 0.0768711 0)
(0.122707 0.0328544 0)
(0.108988 0.0588401 0)
(0.0874409 0.089758 0)
(0.0571872 0.129028 0)
(0.0156038 0.181243 0)
(-0.039127 0.257515 0)
(-0.113209 0.360102 0)
(-0.214192 0.50216 0)
(-0.322643 0.676284 0)
(-0.382496 0.819872 0)
(-0.352219 0.799382 0)
(-0.220532 0.463189 0)
(-0.3184 0.145418 0)
(-0.442187 -0.264175 0)
(-0.466712 -0.538061 0)
(-0.464904 -0.68242 0)
(-0.439656 -0.729712 0)
(-0.361699 -0.615617 0)
(-0.106416 -0.0456298 0)
(0.0934884 0.0443986 0)
(0.0751875 0.0776785 0)
(0.0474952 0.117178 0)
(0.00862889 0.16655 0)
(-0.0441582 0.231527 0)
(-0.113361 0.322133 0)
(-0.201499 0.444918 0)
(-0.305741 0.598351 0)
(-0.402358 0.743306 0)
(-0.452045 0.795156 0)
(-0.451865 0.672734 0)
(-0.468371 0.422173 0)
(-0.541989 0.294245 0)
(-0.496059 -0.0705605 0)
(-0.41084 -0.550536 0)
(-0.415635 -0.693589 0)
(-0.391245 -0.764904 0)
(-0.346349 -0.729977 0)
(-0.254825 -0.343424 0)
(0.0669858 0.0589058 0)
(0.0459313 0.100446 0)
(0.0148279 0.14994 0)
(-0.0281737 0.211222 0)
(-0.0849933 0.290086 0)
(-0.156422 0.394478 0)
(-0.240506 0.528501 0)
(-0.329144 0.681434 0)
(-0.404393 0.807024 0)
(-0.446851 0.830163 0)
(-0.461522 0.700146 0)
(-0.474006 0.463892 0)
(-0.459781 0.208645 0)
(-0.412483 -0.130708 0)
(-0.309549 -0.5545 0)
(-0.325945 -0.7037 0)
(-0.284915 -0.781126 0)
(-0.252065 -0.799035 0)
(-0.15219 -0.629097 0)
(0.0451093 0.0747337 0)
(0.0234794 0.124737 0)
(-0.00790394 0.184174 0)
(-0.0503673 0.256731 0)
(-0.104549 0.347398 0)
(-0.169286 0.461533 0)
(-0.239856 0.599265 0)
(-0.306741 0.744478 0)
(-0.358035 0.852336 0)
(-0.387876 0.860143 0)
(-0.406247 0.72927 0)
(-0.42382 0.47936 0)
(-0.423323 0.144637 0)
(-0.409934 -0.265515 0)
(-0.399149 -0.597527 0)
(-0.25638 -0.703301 0)
(-0.187428 -0.816075 0)
(-0.136701 -0.845726 0)
(-0.0553766 -0.739303 0)
(0.0284596 0.0902222 0)
(0.00820747 0.148242 0)
(-0.0208015 0.216654 0)
(-0.0592036 0.29859 0)
(-0.10648 0.397725 0)
(-0.16016 0.516811 0)
(-0.21468 0.652759 0)
(-0.261752 0.787571 0)
(-0.294638 0.88048 0)
(-0.315911 0.87876 0)
(-0.340915 0.750897 0)
(-0.384341 0.506276 0)
(-0.438189 0.161172 0)
(-0.471785 -0.270987 0)
(-0.461662 -0.644933 0)
(-0.395897 -0.805341 0)
(-0.134358 -0.894084 0)
(-0.0757184 -0.886804 0)
(0.0130209 -0.794272 0)
(0.0167358 0.104003 0)
(-0.000678566 0.169141 0)
(-0.0254799 0.245104 0)
(-0.0577442 0.334238 0)
(-0.0962162 0.438785 0)
(-0.13791 0.559325 0)
(-0.177692 0.690817 0)
(-0.20957 0.815866 0)
(-0.231252 0.899761 0)
(-0.25062 0.899546 0)
(-0.287683 0.789676 0)
(-0.366499 0.57379 0)
(-0.483097 0.243061 0)
(-0.545117 -0.243517 0)
(-0.525186 -0.750765 0)
(-0.376785 -0.951554 0)
(-0.172796 -1.06547 0)
(-0.0841601 -1.00234 0)
(0.051107 -0.815188 0)
(0.00910646 0.115141 0)
(-0.00456914 0.186266 0)
(-0.0241573 0.268263 0)
(-0.0494106 0.36263 0)
(-0.0787594 0.470333 0)
(-0.109287 0.5904 0)
(-0.136819 0.716984 0)
(-0.157596 0.834733 0)
(-0.172403 0.915837 0)
(-0.191446 0.92699 0)
(-0.235069 0.847493 0)
(-0.330831 0.670631 0)
(-0.472237 0.337414 0)
(-0.460492 -0.302452 0)
(-0.366407 -0.855647 0)
(-0.264414 -1.12965 0)
(-0.150252 -1.19775 0)
(-0.069507 -1.13422 0)
(0.0391556 -0.828557 0)
(0.00450387 0.123131 0)
(-0.00504711 0.199067 0)
(-0.0190826 0.285686 0)
(-0.0372672 0.383708 0)
(-0.0580041 0.493072 0)
(-0.0787262 0.611816 0)
(-0.0962213 0.734048 0)
(-0.108251 0.846954 0)
(-0.116857 0.929129 0)
(-0.131418 0.955343 0)
(-0.167514 0.906661 0)
(-0.246398 0.759493 0)
(-0.357204 0.410826 0)
(-0.248146 -0.390939 0)
(-0.171075 -0.926564 0)
(-0.149981 -1.12901 0)
(-0.130508 -1.19736 0)
(-0.0856073 -1.18974 0)
(-0.0252664 -0.856592 0)
(0.00182363 0.127824 0)
(-0.00362607 0.207468 0)
(-0.0122547 0.297473 0)
(-0.0237878 0.397934 0)
(-0.0367621 0.507998 0)
(-0.0490199 0.625079 0)
(-0.058049 0.743555 0)
(-0.062289 0.852894 0)
(-0.0634257 0.936592 0)
(-0.0679184 0.974643 0)
(-0.0842351 0.946208 0)
(-0.119141 0.809223 0)
(-0.160141 0.431043 0)
(-0.100494 -0.506167 0)
(-0.0939104 -0.985148 0)
(-0.102606 -1.11012 0)
(-0.113316 -1.18885 0)
(-0.117222 -1.19856 0)
(-0.116468 -0.922175 0)
(2.98644e-05 0.129375 0)
(-0.00162445 0.211695 0)
(-0.00531647 0.304037 0)
(-0.0108583 0.405992 0)
(-0.0170095 0.516099 0)
(-0.0219812 0.631321 0)
(-0.023681 0.746269 0)
(-0.0206143 0.851987 0)
(-0.0132194 0.934907 0)
(-0.00425592 0.977027 0)
(0.0048909 0.953048 0)
(0.0246756 0.808676 0)
(0.0701144 0.422513 0)
(0.036191 -0.438031 0)
(-0.0452322 -0.978099 0)
(-0.0587566 -1.09688 0)
(-0.083897 -1.16888 0)
(-0.125261 -1.20049 0)
(-0.145867 -1.05047 0)
(-0.00178851 0.128126 0)
(-0.000131887 0.212166 0)
(0.000483237 0.305949 0)
(0.000156288 0.408643 0)
(-0.00010823 0.518279 0)
(0.0011622 0.63144 0)
(0.00581638 0.742781 0)
(0.015503 0.844085 0)
(0.0310441 0.922948 0)
(0.0527114 0.960859 0)
(0.0844818 0.927083 0)
(0.147482 0.761481 0)
(0.221056 0.379334 0)
(0.215365 -0.277185 0)
(0.120985 -0.901992 0)
(-0.0140893 -1.10674 0)
(-0.0368262 -1.13016 0)
(-0.0818811 -1.17762 0)
(-0.102603 -1.18105 0)
(-0.00434749 0.124515 0)
(5.03341e-05 0.209434 0)
(0.00428293 0.303883 0)
(0.00835252 0.406663 0)
(0.0130604 0.515382 0)
(0.0196446 0.626262 0)
(0.0297333 0.733793 0)
(0.0450819 0.829857 0)
(0.0673356 0.902051 0)
(0.0984652 0.93019 0)
(0.144472 0.878865 0)
(0.224175 0.686385 0)
(0.285862 0.317212 0)
(0.294484 -0.225579 0)
(0.2171 -0.769984 0)
(0.0136952 -1.01862 0)
(0.0227641 -1.08883 0)
(-0.0182766 -1.15165 0)
(-0.0579361 -1.23122 0)
(-0.00810885 0.119032 0)
(-0.00155273 0.2041 0)
(0.00559464 0.298537 0)
(0.0132569 0.400813 0)
(0.0220815 0.508206 0)
(0.0331123 0.616575 0)
(0.0477859 0.720101 0)
(0.0678391 0.810429 0)
(0.0952541 0.874628 0)
(0.132566 0.890962 0)
(0.186205 0.821832 0)
(0.259143 0.614901 0)
(0.31501 0.268925 0)
(0.324648 -0.193513 0)
(0.285381 -0.65913 0)
(0.158766 -0.965785 0)
(0.0891133 -1.06385 0)
(0.0215469 -1.11824 0)
(-0.0174009 -1.25469 0)
(-0.0132681 0.112156 0)
(-0.00509736 0.196744 0)
(0.00431233 0.290569 0)
(0.0148219 0.391825 0)
(0.0269707 0.497498 0)
(0.0416478 0.603115 0)
(0.0601206 0.702502 0)
(0.0840102 0.786909 0)
(0.115302 0.842829 0)
(0.156274 0.847821 0)
(0.211865 0.76521 0)
(0.269692 0.559008 0)
(0.317927 0.242529 0)
(0.317408 -0.168814 0)
(0.304053 -0.595055 0)
(0.188904 -0.893617 0)
(0.118814 -0.978539 0)
(0.0822534 -1.04872 0)
(0.0471253 -1.23563 0)
(-0.0197565 0.104319 0)
(-0.010433 0.187881 0)
(0.000687725 0.28058 0)
(0.0134112 0.380362 0)
(0.0281887 0.483959 0)
(0.0457823 0.586599 0)
(0.0672953 0.68177 0)
(0.0941281 0.760357 0)
(0.127931 0.808524 0)
(0.170013 0.804306 0)
(0.220841 0.715561 0)
(0.265564 0.519277 0)
(0.29502 0.223746 0)
(0.275038 -0.152564 0)
(0.299902 -0.554818 0)
(0.185086 -0.854916 0)
(0.170253 -0.92528 0)
(0.145969 -0.993022 0)
(0.107814 -1.15041 0)
(-0.0272849 0.0958644 0)
(-0.0171486 0.177917 0)
(-0.00471835 0.269047 0)
(0.00975302 0.36698 0)
(0.0266291 0.4682 0)
(0.0465485 0.567693 0)
(0.0704467 0.658686 0)
(0.0993952 0.731897 0)
(0.134382 0.773675 0)
(0.175199 0.763808 0)
(0.21757 0.676673 0)
(0.249116 0.494552 0)
(0.251932 0.223604 0)
(0.221222 -0.128479 0)
(0.286374 -0.54446 0)
(0.234342 -0.83219 0)
(0.223309 -0.894559 0)
(0.194998 -0.942371 0)
(0.138399 -1.02472 0)
(-0.0354106 0.0870319 0)
(-0.0246659 0.167122 0)
(-0.0111367 0.256284 0)
(0.00483905 0.352036 0)
(0.0235251 0.450642 0)
(0.0454458 0.546884 0)
(0.0713826 0.633823 0)
(0.10209 0.702306 0)
(0.137916 0.739397 0)
(0.177446 0.727629 0)
(0.214493 0.64709 0)
(0.236646 0.484939 0)
(0.227727 0.239663 0)
(0.184206 -0.104826 0)
(0.261167 -0.60749 0)
(0.26487 -0.823695 0)
(0.257215 -0.870089 0)
(0.22079 -0.879314 0)
(0.147402 -0.879518 0)
(-0.0436193 0.0779539 0)
(-0.0323415 0.155615 0)
(-0.0177501 0.242406 0)
(-0.000269643 0.335646 0)
(0.0202492 0.431421 0)
(0.0441931 0.524323 0)
(0.072251 0.607261 0)
(0.104994 0.671498 0)
(0.14251 0.704957 0)
(0.183379 0.693045 0)
(0.222216 0.620579 0)
(0.248961 0.477104 0)
(0.251874 0.253265 0)
(0.227264 -0.0909723 0)
(0.26908 -0.726785 0)
(0.275349 -0.813397 0)
(0.262475 -0.840033 0)
(0.224804 -0.808651 0)
(0.145576 -0.73477 0)
(-0.0514087 0.0686797 0)
(-0.039593 0.143382 0)
(-0.0238391 0.22733 0)
(-0.00465117 0.317679 0)
(0.0180004 0.41037 0)
(0.0443464 0.499828 0)
(0.0748734 0.578682 0)
(0.110162 0.638628 0)
(0.150522 0.668338 0)
(0.19565 0.654941 0)
(0.242457 0.586682 0)
(0.284941 0.453899 0)
(0.320271 0.243658 0)
(0.352511 -0.0882349 0)
(0.26684 -0.716441 0)
(0.259283 -0.816425 0)
(0.237858 -0.809711 0)
(0.205765 -0.738076 0)
(0.137038 -0.595744 0)
(-0.058343 0.0592273 0)
(-0.0459813 0.130344 0)
(-0.0289222 0.210858 0)
(-0.00772294 0.29782 0)
(0.0175276 0.387065 0)
(0.0469149 0.472942 0)
(0.0804523 0.547784 0)
(0.118563 0.603152 0)
(0.162185 0.628063 0)
(0.212383 0.610333 0)
(0.267734 0.540931 0)
(0.323912 0.411291 0)
(0.376317 0.209523 0)
(0.418022 -0.0873763 0)
(0.345492 -0.508903 0)
(0.20764 -0.843146 0)
(0.183292 -0.786005 0)
(0.161656 -0.674976 0)
(0.113744 -0.475672 0)
(-0.0640696 0.049651 0)
(-0.051243 0.116444 0)
(-0.0328178 0.192783 0)
(-0.00935319 0.275684 0)
(0.0189768 0.360951 0)
(0.0521095 0.442929 0)
(0.0895265 0.513964 0)
(0.131104 0.564991 0)
(0.177774 0.584306 0)
(0.231539 0.560583 0)
(0.291098 0.487534 0)
(0.349697 0.359522 0)
(0.397584 0.168971 0)
(0.418873 -0.0945249 0)
(0.369069 -0.434885 0)
(0.222262 -0.736355 0)
(0.111607 -0.774064 0)
(0.0942619 -0.623358 0)
(0.0905558 -0.390798 0)
(-0.0682926 0.0401136 0)
(-0.0552639 0.101754 0)
(-0.0356343 0.173021 0)
(-0.00987483 0.250977 0)
(0.0218327 0.331481 0)
(0.059306 0.408939 0)
(0.101852 0.476025 0)
(0.148634 0.523481 0)
(0.198972 0.538196 0)
(0.254475 0.506302 0)
(0.312654 0.431476 0)
(0.365898 0.311517 0)
(0.403608 0.142109 0)
(0.411566 -0.0774885 0)
(0.367333 -0.341765 0)
(0.249873 -0.589259 0)
(0.0390587 -0.708712 0)
(0.00780506 -0.584757 0)
(0.0762294 -0.327153 0)
(-0.0707077 0.030941 0)
(-0.0579848 0.0865888 0)
(-0.0376701 0.15178 0)
(-0.0100397 0.223709 0)
(0.0248244 0.298357 0)
(0.0667662 0.370281 0)
(0.115211 0.432505 0)
(0.168963 0.476392 0)
(0.227657 0.489646 0)
(0.284987 0.455871 0)
(0.33777 0.384782 0)
(0.385838 0.275008 0)
(0.418349 0.125243 0)
(0.423007 -0.0575995 0)
(0.379099 -0.259809 0)
(0.274946 -0.456203 0)
(0.11784 -0.60757 0)
(-0.0824801 -0.608214 0)
(0.0730885 -0.292445 0)
(-0.0709161 0.0226306 0)
(-0.0592419 0.0715709 0)
(-0.0391899 0.129721 0)
(-0.0107378 0.194484 0)
(0.0261949 0.262034 0)
(0.071518 0.327117 0)
(0.12477 0.383101 0)
(0.184658 0.42208 0)
(0.251503 0.434592 0)
(0.313766 0.407745 0)
(0.367001 0.342392 0)
(0.412449 0.240236 0)
(0.443475 0.109481 0)
(0.450002 -0.0418155 0)
(0.410975 -0.195374 0)
(0.329079 -0.338883 0)
(0.248975 -0.456255 0)
(-0.060994 -0.566572 0)
(0.0560619 -0.289541 0)
(-0.0683634 0.0157749 0)
(-0.058584 0.0576084 0)
(-0.0400872 0.10799 0)
(-0.0124414 0.164627 0)
(0.0246437 0.224008 0)
(0.0710849 0.281175 0)
(0.126312 0.329891 0)
(0.18896 0.36296 0)
(0.257459 0.373016 0)
(0.325791 0.352263 0)
(0.386336 0.295278 0)
(0.432724 0.205959 0)
(0.462146 0.0951021 0)
(0.467156 -0.0278066 0)
(0.431525 -0.143541 0)
(0.354151 -0.242575 0)
(0.227862 -0.319337 0)
(-0.0348203 -0.408154 0)
(0.0110696 -0.316811 0)
(-0.0624046 0.0108725 0)
(-0.0552172 0.0457224 0)
(-0.0396727 0.0880645 0)
(-0.0147885 0.135994 0)
(0.0200563 0.186508 0)
(0.064817 0.235152 0)
(0.118731 0.276262 0)
(0.18018 0.303411 0)
(0.246692 0.310242 0)
(0.314174 0.290991 0)
(0.377149 0.243344 0)
(0.428725 0.168772 0)
(0.460669 0.0760999 0)
(0.46882 -0.0183733 0)
(0.449185 -0.0993665 0)
(0.396532 -0.158758 0)
(0.312246 -0.19861 0)
(0.163953 -0.281539 0)
(0.0151998 -0.390132 0)
(-0.0526315 0.00805114 0)
(-0.0482716 0.0367586 0)
(-0.0368072 0.0714719 0)
(-0.016582 0.110666 0)
(0.0135368 0.152051 0)
(0.053712 0.19195 0)
(0.103101 0.225474 0)
(0.159886 0.247048 0)
(0.221299 0.251211 0)
(0.283506 0.23345 0)
(0.341708 0.191891 0)
(0.391058 0.129334 0)
(0.426767 0.0544935 0)
(0.446058 -0.0190946 0)
(0.445574 -0.0766147 0)
(0.421532 -0.107959 0)
(0.369447 -0.113127 0)
(0.277608 -0.132498 0)
(0.152332 -0.197733 0)
(-0.0395754 0.00691421 0)
(-0.0376328 0.0311027 0)
(-0.0306273 0.05938 0)
(-0.0162748 0.0904885 0)
(0.00712798 0.122996 0)
(0.0401286 0.154274 0)
(0.0820064 0.180409 0)
(0.130885 0.196735 0)
(0.183892 0.198605 0)
(0.237321 0.182273 0)
(0.287071 0.146114 0)
(0.329741 0.0921131 0)
(0.363487 0.0271613 0)
(0.386794 -0.0345083 0)
(0.399451 -0.075426 0)
(0.398917 -0.0867546 0)
(0.374897 -0.0630414 0)
(0.320664 -0.0275328 0)
(0.201061 0.0368914 0)
(-0.0255149 0.00745306 0)
(-0.0253651 0.0289092 0)
(-0.0221761 0.0520308 0)
(-0.0133241 0.0759618 0)
(0.00303691 0.100132 0)
(0.0277189 0.123092 0)
(0.0602423 0.142133 0)
(0.0988117 0.153641 0)
(0.140479 0.153817 0)
(0.181415 0.139488 0)
(0.217495 0.108888 0)
(0.245831 0.0617901 0)
(0.266163 -0.000428292 0)
(0.272491 -0.055702 0)
(0.283485 -0.0861607 0)
(0.297565 -0.0868592 0)
(0.310797 -0.0254923 0)
(0.336803 0.0745963 0)
(0.246477 0.223709 0)
(-0.0145779 0.0100346 0)
(-0.0165051 0.0294339 0)
(-0.0157548 0.0476452 0)
(-0.0101048 0.0647821 0)
(0.00169588 0.0808108 0)
(0.0202792 0.0953558 0)
(0.0452505 0.107203 0)
(0.0749296 0.114312 0)
(0.106325 0.114317 0)
(0.135156 0.105286 0)
(0.155653 0.0866734 0)
(0.161145 0.0595888 0)
(0.155558 0.021413 0)
(0.0779409 -0.0274146 0)
(0.0698281 -0.0887891 0)
(0.0800047 -0.129036 0)
(0.108646 -0.136747 0)
(0.260205 -0.0136659 0)
(0.332299 0.628249 0)
)
;

boundaryField
{
    leftWall
    {
        type            noSlip;
    }
    rightWall
    {
        type            noSlip;
    }
    lowerWall
    {
        type            noSlip;
    }
    atmosphere
    {
        type            pressureInletOutletVelocity;
        value           nonuniform List<vector> 
46
(
(-0.0162642 0.000951998 0)
(0 -0.0622971 0)
(0 -0.0741864 0)
(0 -0.0770096 0)
(0 -0.0778654 0)
(0 -0.0778067 0)
(0 -0.0771645 0)
(0 -0.0760433 0)
(0 -0.0744762 0)
(0 -0.072477 0)
(0 -0.0700577 0)
(0 -0.0672351 0)
(0 -0.0640332 0)
(0 -0.0604878 0)
(0 -0.0566497 0)
(0 -0.0525881 0)
(0 -0.0483891 0)
(0 -0.0441462 0)
(0 -0.0399378 0)
(0 -0.0357856 0)
(0 -0.0315891 0)
(0 -0.0270392 0)
(0 -0.0214602 0)
(0 -0.0154688 0)
(0 -0.0110479 0)
(0 -0.00590156 0)
(-0.00998026 -0.000378664 0)
(-0.0145779 0.0100346 0)
(-0.0165051 0.0294339 0)
(-0.0157548 0.0476452 0)
(-0.0101048 0.0647821 0)
(0.00169588 0.0808108 0)
(0.0202792 0.0953558 0)
(0.0452505 0.107203 0)
(0.0749296 0.114312 0)
(0.106325 0.114317 0)
(0.135156 0.105286 0)
(0.155653 0.0866734 0)
(0.161145 0.0595888 0)
(0.155558 0.021413 0)
(0 -0.0274146 0)
(0 -0.0887891 0)
(0 -0.129036 0)
(0 -0.136747 0)
(0 -0.0136659 0)
(0.332299 0.628249 0)
)
;
    }
    defaultFaces
    {
        type            empty;
    }
}


// ************************************************************************* //
