/*--------------------------------*- C++ -*----------------------------------*\
  =========                 |
  \\      /  F ield         | OpenFOAM: The Open Source CFD Toolbox
   \\    /   O peration     | Website:  https://openfoam.org
    \\  /    A nd           | Version:  7
     \\/     M anipulation  |
\*---------------------------------------------------------------------------*/
FoamFile
{
    version     2.0;
    format      ascii;
    class       scalarField;
    location    "0.004/lagrangian/dsmc";
    object      Ei;
}
// * * * * * * * * * * * * * * * * * * * * * * * * * * * * * * * * * * * * * //


5439
(
7.709011826e-21
2.660466404e-21
1.101048514e-20
6.198614011e-21
6.798056466e-22
5.102399405e-21
4.937584224e-21
7.913585118e-21
4.572546762e-21
1.151902052e-20
1.20535073e-20
3.04982943e-22
9.584284343e-21
6.828949979e-21
6.407625175e-21
3.644690827e-21
3.830144751e-21
8.710020291e-21
2.2259803e-21
3.749881622e-21
5.088324802e-21
6.239446264e-21
5.775176535e-22
7.903066739e-21
7.684534875e-22
1.5377906e-21
1.103460022e-20
3.054618708e-21
1.428391001e-20
5.446217231e-21
8.914201898e-22
4.23288793e-21
2.962343373e-21
6.145570145e-21
7.185434995e-22
6.856919842e-21
1.807806456e-21
1.737474859e-21
9.518456752e-21
3.602598258e-21
1.388959186e-21
1.187376333e-20
5.158101052e-23
1.761752321e-21
2.42252548e-22
6.978784863e-22
6.935987548e-22
9.239080907e-21
6.566876365e-23
4.687638821e-21
9.834050526e-21
1.80361559e-20
3.152501489e-21
3.668778018e-21
4.23268415e-21
2.020100568e-21
9.646766673e-21
6.195969645e-21
7.424482693e-21
4.732413663e-23
4.41646156e-21
2.365330582e-21
8.418431324e-21
5.779472635e-21
4.870623851e-22
2.791147857e-21
1.744527786e-21
4.676765482e-21
8.42342487e-22
1.234011028e-20
4.197115763e-21
5.754194661e-21
5.634383499e-22
3.666240836e-22
2.726161655e-20
8.714873298e-21
1.305528662e-20
8.913308032e-21
1.201524049e-21
4.952387521e-21
1.339090099e-20
9.769937093e-21
1.235884855e-21
2.550308758e-21
7.245848921e-21
2.698258667e-21
7.15192924e-22
6.358748092e-21
3.346691833e-21
7.724475652e-22
6.49057126e-22
8.728845956e-22
6.506730676e-21
5.814023281e-21
1.865592908e-20
3.63262013e-22
1.340492592e-20
1.664131762e-21
1.02262567e-21
4.247830845e-22
1.029660115e-20
2.485557685e-21
7.24034548e-21
6.000983995e-21
4.549219562e-21
1.463130372e-20
3.947541111e-21
3.07458666e-21
4.895668873e-23
1.179480593e-21
1.101729736e-22
2.148918947e-21
2.401372814e-21
1.119899948e-20
8.635392129e-21
5.802424911e-21
1.744932864e-22
4.28334242e-22
9.270698007e-22
1.715453196e-21
8.371078793e-21
4.960127127e-21
1.020560333e-21
5.244720307e-21
1.400023238e-21
8.252197646e-22
1.990286829e-22
1.518915633e-21
2.881706401e-21
8.070216847e-21
8.586507803e-21
4.920546869e-21
4.962621799e-21
2.97697501e-20
2.918028632e-21
2.750051486e-21
4.057532429e-22
1.108918562e-21
9.378988724e-22
9.282222835e-22
1.598135704e-21
3.229487552e-20
1.198098858e-22
2.933460049e-21
8.212001326e-21
5.225804005e-22
4.95060818e-21
1.936677521e-21
8.312029142e-21
5.163308837e-21
3.180022812e-21
9.874133987e-21
4.701819225e-21
8.231507987e-21
7.314256175e-21
9.088023947e-21
2.483003268e-21
8.115095656e-22
7.978751494e-22
9.407777578e-21
2.960556204e-21
4.413665681e-23
8.784846408e-21
2.955796241e-21
2.220127309e-21
1.983091838e-23
6.687944196e-22
3.476900589e-20
7.69831977e-21
2.639657831e-21
3.844071749e-21
1.391291816e-22
3.282155862e-21
8.187843228e-22
3.178695794e-21
2.936966745e-20
3.450638345e-21
2.277470164e-21
3.789051157e-21
4.133311318e-21
3.299676815e-21
6.096227961e-21
3.00015077e-21
1.739128448e-21
2.382199744e-22
2.507584123e-21
3.840684756e-22
1.874189352e-20
3.087851707e-21
6.161765227e-21
5.183098282e-21
2.972409023e-21
1.648299207e-20
7.223292464e-21
6.619146123e-21
6.685105448e-22
5.855249401e-21
1.332618299e-20
1.182437126e-20
1.474956529e-20
9.896747654e-22
9.665929397e-21
4.358442895e-21
6.0025255e-22
4.159967343e-22
2.477471865e-21
5.624339493e-21
2.167882808e-21
1.013027086e-20
4.783245797e-21
1.802178069e-21
5.454134405e-21
7.803468462e-21
3.537457625e-22
1.845870923e-21
4.517305023e-21
2.247689805e-21
4.181108776e-21
1.184326738e-21
1.535407601e-20
2.3637529e-21
3.395019456e-21
3.28160908e-21
5.853399389e-21
2.346456277e-21
3.749034217e-22
2.146922462e-21
8.205767403e-21
1.928036526e-21
2.89532822e-21
7.47198222e-22
1.548515958e-21
4.123503055e-21
9.224235499e-22
9.163854353e-22
4.796475836e-23
7.911348277e-21
2.106239036e-21
3.830858233e-21
8.079296417e-21
1.825381232e-20
1.13359579e-21
1.463973806e-20
7.693473905e-21
5.99941662e-21
5.370589504e-21
2.552576949e-21
3.749291444e-21
9.164446756e-21
2.068254894e-21
2.151466404e-20
1.399379427e-21
1.00385493e-21
3.442035504e-21
8.153576126e-21
2.435669675e-21
7.929974014e-22
2.59582431e-21
1.04350005e-21
1.694851619e-21
1.893625647e-21
9.231378547e-21
7.852689693e-22
7.020769869e-22
2.14202683e-21
3.439424785e-21
3.186200114e-21
4.87268917e-23
6.236450494e-21
2.067899741e-21
5.311331563e-21
1.768828583e-21
5.266840568e-21
6.790494749e-21
8.85666635e-22
2.157835976e-21
1.295689885e-21
4.98448266e-21
6.508660179e-21
3.046645525e-21
8.247885212e-21
6.888175592e-21
7.771318165e-21
6.744119284e-22
5.776334598e-21
4.360601793e-21
2.415930551e-22
1.998082352e-21
5.309542591e-21
8.262889566e-22
7.355360577e-21
4.598530236e-21
3.738455973e-21
1.802826201e-21
3.184528344e-21
4.874943844e-21
9.483722066e-21
5.698187002e-21
4.734758999e-21
3.005298834e-21
1.831580799e-21
6.418406498e-22
5.769929342e-21
9.920617152e-21
4.78799813e-21
5.621283274e-21
8.215009696e-21
4.381331138e-22
1.40372914e-21
2.005506115e-21
1.861197236e-21
1.189219818e-22
8.759266427e-21
1.542030058e-21
3.905442363e-22
2.596611426e-20
5.594217948e-22
4.575132745e-21
4.152584633e-21
8.305485711e-22
4.494593471e-22
5.154305717e-21
4.090543399e-22
1.133926023e-21
9.872310921e-21
8.231495835e-21
8.130189628e-22
1.383163075e-20
2.894764578e-21
9.167151898e-21
1.134930739e-21
1.847111313e-22
8.016817515e-22
3.055972574e-21
1.93481125e-21
8.173467352e-22
8.579894529e-22
4.069966284e-21
3.32732778e-21
1.760480408e-21
1.931537901e-21
2.886974323e-21
1.844060158e-22
1.408309015e-21
9.397754533e-23
3.194215552e-21
1.960197288e-21
7.177058077e-21
1.687909318e-21
6.341784432e-22
6.072359116e-21
9.263634412e-21
2.906541112e-21
6.798446492e-21
7.057248932e-21
1.081099519e-22
5.240518124e-21
5.159368926e-21
3.127268676e-21
9.819239411e-21
8.140307421e-21
1.268077969e-20
1.256314917e-21
8.794110845e-21
7.746655504e-21
5.938266063e-21
3.103019957e-21
1.603763025e-21
2.958790541e-21
1.451363408e-21
1.291642193e-20
5.893658857e-21
3.941116003e-21
9.06767447e-22
1.524138919e-21
4.026213392e-21
6.179139629e-22
3.338893177e-21
1.66423014e-21
4.604902541e-21
8.053023775e-21
1.62614266e-21
9.909914044e-21
1.756966299e-20
5.1863664e-22
3.232844952e-21
2.910339952e-21
6.827033075e-21
8.522420012e-22
4.740700359e-21
5.833153393e-21
4.884979657e-21
8.90857414e-23
1.832074185e-20
2.434435372e-22
8.853655253e-21
5.254402451e-21
1.564748548e-21
7.458777919e-21
6.055158523e-22
5.857715795e-21
3.693069243e-21
3.189268007e-21
7.479064507e-21
4.329136486e-21
6.397682658e-21
5.738007623e-21
5.568505808e-21
1.167491621e-20
2.19651659e-20
9.566957812e-21
5.813190759e-21
6.540346919e-21
6.166758866e-22
1.142129038e-21
2.800647365e-21
5.371507059e-22
1.206452455e-22
3.422048876e-22
1.671119677e-21
4.974828355e-21
8.208638872e-21
3.846126011e-21
4.735920235e-21
2.739882376e-21
4.715798327e-23
2.547300166e-21
5.284730771e-21
1.949994306e-20
2.418879754e-20
7.629603417e-21
2.157646607e-22
3.651625629e-21
1.122502929e-20
5.183414033e-22
1.186568531e-21
9.138490967e-22
3.155507285e-21
3.81785235e-21
5.090945306e-21
4.342886536e-21
1.449946915e-20
2.983893114e-21
1.935875699e-20
1.809636844e-20
1.536905366e-21
9.597635685e-22
1.85513962e-21
3.505450902e-21
1.653390262e-21
4.957649632e-21
1.200929212e-20
3.219463261e-21
7.190214375e-21
1.571444981e-21
6.345004561e-21
2.720515429e-21
5.118273696e-22
3.024254373e-21
1.110329834e-21
2.459610276e-21
5.294415848e-21
8.356662922e-21
6.444779632e-22
1.980885377e-20
5.560285077e-21
4.583247401e-21
2.201114763e-21
6.224273006e-23
1.985558339e-20
4.671870221e-21
1.511732028e-21
9.111668681e-21
2.698910286e-21
8.626656585e-22
2.484144328e-21
1.345664785e-20
1.180553706e-22
3.785535275e-21
2.116334907e-21
6.77905199e-22
6.507671408e-21
6.574770633e-21
4.529664871e-21
6.559313696e-21
4.996726277e-21
3.605771692e-21
3.23056175e-22
4.379331503e-21
4.58770025e-21
2.604446439e-22
1.141772326e-21
6.645497793e-21
8.039646072e-22
1.822692991e-20
2.428493674e-21
2.011387045e-21
3.157674251e-21
2.385125445e-21
1.127569401e-20
3.191388301e-21
2.142835754e-22
1.459813764e-20
3.102287896e-21
1.294660393e-21
6.229401977e-21
4.154124014e-21
2.013561629e-21
2.17014157e-21
7.11005235e-21
7.829666268e-21
5.934185473e-21
5.263323547e-21
5.664716438e-21
1.67599215e-22
4.012829851e-21
1.114919606e-20
1.537224266e-20
1.254330862e-20
3.42308761e-21
9.063502719e-22
5.749110316e-21
3.795528013e-21
7.180588158e-21
6.890839313e-21
5.090933295e-22
2.577563219e-21
1.765990345e-21
3.138345751e-21
1.818086089e-21
4.435399741e-21
9.585848952e-22
7.687071599e-21
2.377693444e-20
7.709415061e-22
2.406353922e-21
4.923832116e-22
2.731415668e-21
5.600575757e-21
2.088634826e-21
4.7096127e-21
1.148540957e-21
3.417893597e-22
2.937367056e-20
2.050978249e-21
6.243166926e-22
2.95726819e-21
4.016833045e-21
5.570701903e-21
2.15351163e-21
4.722203863e-21
1.756714802e-21
3.52176586e-21
6.736866669e-23
2.059112721e-20
7.421487047e-21
1.123105009e-21
4.473370916e-21
2.116326373e-21
3.280400521e-21
5.219166492e-21
1.142610415e-21
8.575242062e-22
9.113360495e-22
3.625294529e-21
7.988948848e-22
3.083899585e-21
1.519521535e-20
1.130132657e-22
1.98120351e-21
1.759450831e-21
8.606636121e-22
9.028925408e-22
2.799702486e-21
9.379697147e-21
9.292315899e-22
2.979891152e-22
2.567441739e-21
1.875893182e-21
1.15483475e-20
2.254321297e-21
3.283470237e-21
1.575304956e-20
2.161686168e-20
7.553387028e-21
5.251794518e-21
2.706846655e-21
9.475553593e-21
2.908115214e-21
1.493165306e-21
1.794854051e-21
7.574836042e-22
2.99433262e-22
4.280930469e-22
6.246557924e-21
7.035564642e-22
2.50777231e-20
1.633978885e-21
5.515105653e-21
5.843404964e-22
1.459572319e-21
1.050827601e-21
1.480512079e-21
9.262630568e-22
4.880328406e-21
1.973657223e-21
1.016847331e-20
1.671679955e-21
6.462383082e-22
2.353828706e-22
2.350138749e-22
1.380326208e-20
6.107494214e-21
6.099621395e-22
1.7180364e-20
2.74800135e-22
1.273958826e-26
7.582922112e-22
1.25556614e-21
4.804158924e-21
2.31317422e-21
3.057402731e-21
1.450910627e-21
2.630145338e-21
2.068314157e-21
9.747016008e-21
4.573855837e-23
5.476870811e-21
3.281485448e-21
1.001386992e-21
3.554792995e-21
8.766952393e-21
2.732535574e-20
7.915500396e-21
3.150475672e-22
2.046649566e-21
2.363518874e-21
1.548799151e-20
2.171989392e-21
6.807118703e-21
1.071859692e-20
1.165441104e-21
3.235842266e-21
5.713037853e-21
2.111431986e-22
3.994546152e-21
2.741135282e-21
3.087403008e-20
9.797889639e-21
8.682646766e-21
2.304123585e-20
5.409783496e-21
1.64956183e-22
3.317524527e-21
9.479930087e-21
8.133961013e-21
8.574864419e-21
4.106621487e-21
2.243065429e-21
3.958422755e-21
4.425229322e-20
3.990894159e-21
4.211793005e-21
3.205495754e-21
3.114087441e-21
1.886595098e-21
4.469849315e-21
1.235018424e-20
7.920258268e-21
3.946134337e-21
1.654710199e-22
7.246625827e-22
7.998838067e-21
1.090028893e-20
6.071766467e-21
5.12004989e-21
3.03798003e-21
1.986656851e-21
1.435916681e-21
4.678746286e-21
3.537230802e-21
1.119741716e-21
4.128994252e-21
2.755977258e-21
4.669671647e-21
1.171139746e-21
2.61691731e-21
4.02022683e-21
1.185438533e-20
9.020290908e-21
3.426546002e-21
6.857697821e-21
2.347032821e-21
4.381683025e-21
8.999672013e-21
8.570212209e-21
6.629728359e-21
1.925164716e-22
7.988169574e-21
4.969870262e-21
8.992665566e-21
3.838011042e-21
3.134384481e-21
9.006946634e-21
1.181963469e-20
2.130112909e-21
2.75650367e-22
1.178320989e-20
3.750800802e-22
1.066962168e-20
2.000119424e-21
1.402793292e-20
6.540949045e-21
1.679492542e-21
1.019977074e-21
6.988118697e-22
4.633095383e-21
4.3146177e-21
4.675614852e-21
2.385139221e-21
1.011468603e-20
1.474382794e-21
8.35307443e-21
1.908674065e-21
3.276428382e-21
1.230679257e-20
6.201910389e-21
1.705124952e-21
1.68932938e-20
1.54156149e-21
1.027647761e-21
2.504487564e-21
1.873191447e-21
2.725667993e-21
1.629405301e-21
1.417074809e-20
3.45552581e-21
1.759177712e-21
6.388802938e-21
1.313019091e-21
2.716916583e-20
3.659829697e-21
6.009927195e-21
3.944909477e-21
4.891572496e-21
5.721496095e-21
1.313861286e-20
8.648345629e-21
6.00093459e-21
1.394273359e-21
1.401510398e-22
1.054616085e-21
1.300532131e-20
2.768989038e-21
1.774465568e-20
5.588553433e-21
3.123253003e-21
4.380407403e-21
2.890633735e-22
7.448911953e-21
1.594840731e-20
9.85417071e-21
1.660491397e-21
5.015751849e-21
1.348139798e-20
2.957736883e-21
7.956453308e-21
1.078959287e-20
7.098808949e-23
3.747224053e-21
1.602077707e-20
9.807439282e-22
4.822875529e-21
5.055570666e-22
2.2027011e-20
1.212609969e-20
9.687170833e-21
8.175498087e-21
1.822812556e-23
7.802128929e-21
7.877591264e-22
7.797232587e-22
1.074609686e-21
5.441361777e-21
9.298617592e-21
1.674044303e-21
2.306047546e-21
7.985242668e-22
1.127991221e-20
4.832137246e-21
1.879209732e-21
3.133598395e-21
2.947134877e-21
6.822457217e-21
1.23623097e-21
1.648544702e-21
8.286301963e-21
3.049625165e-21
1.885363173e-21
5.565578216e-21
1.135937185e-20
4.558435931e-21
6.612034946e-21
2.828689814e-21
1.905977842e-21
7.728883578e-22
3.171994204e-21
9.540659073e-21
4.153272365e-21
9.815787799e-21
7.094704547e-22
1.781760864e-21
5.490553445e-21
7.577302775e-21
5.631037768e-21
3.662991141e-20
1.01194599e-21
1.708166885e-21
1.35291408e-21
2.024971502e-23
9.762319582e-22
1.33564622e-20
1.482972658e-21
1.068211206e-20
1.135747397e-20
5.206426928e-22
5.366483225e-22
1.388874438e-20
1.296943841e-21
1.065293956e-21
5.723911961e-21
1.067611549e-21
5.82556081e-21
6.777202077e-21
1.778143386e-20
1.299836215e-21
2.52319069e-21
1.142141317e-20
7.57353569e-21
9.8850742e-21
6.362766266e-22
1.30269843e-21
8.420169788e-21
4.805661592e-21
1.007989053e-20
7.324025158e-22
1.561114479e-20
5.887908741e-22
5.087454057e-21
9.527591345e-21
1.387590638e-22
6.951020779e-21
2.175749367e-21
1.315388202e-21
4.326719475e-21
1.102536973e-20
1.144065117e-20
2.486708516e-22
5.127760568e-21
1.200354612e-20
2.425632667e-23
1.085955412e-20
4.060723016e-21
4.157184703e-21
1.313489029e-20
7.063595769e-21
2.20160675e-21
6.589721066e-21
4.674910977e-21
3.425936107e-21
8.355558016e-22
4.62783837e-22
3.988346794e-21
3.003635372e-21
2.336673071e-21
3.934933996e-21
9.163689174e-23
4.125316124e-21
1.637139406e-21
8.557549315e-21
2.6862726e-21
7.675901436e-21
6.152402026e-22
5.082061731e-21
3.845946598e-21
1.489480143e-20
3.587515982e-21
5.721176615e-21
2.089300578e-21
1.786175228e-20
7.746464163e-21
7.645434363e-21
8.380733441e-21
2.631354091e-20
7.816860766e-22
8.258107254e-21
4.094650985e-21
3.486346108e-21
1.608890007e-21
6.390591267e-21
2.169242825e-21
2.120461359e-21
1.089491764e-21
3.151640634e-21
1.260859942e-20
9.084570288e-22
2.456006609e-21
1.185777674e-21
8.374905128e-22
2.070939461e-21
1.912492045e-21
1.229092591e-21
3.127459197e-22
1.613468801e-20
7.198278781e-22
4.410334252e-21
2.074281641e-21
2.163209341e-21
3.361504209e-21
1.656114515e-21
1.279829052e-21
7.07718928e-21
3.728794011e-21
4.3475317e-21
2.254624858e-21
1.525640643e-21
1.201526624e-20
4.277970075e-21
7.585021042e-21
9.548492479e-21
4.310744763e-21
8.790993115e-21
2.726235577e-21
3.616848218e-22
4.038002187e-22
1.573627576e-20
7.078391919e-21
4.579482656e-21
1.681455196e-21
1.008334482e-20
1.181710532e-20
4.51088231e-21
3.981992788e-22
3.834508576e-21
1.222131298e-20
1.020110728e-22
2.017637752e-21
1.013654156e-20
1.704247946e-21
8.004573682e-21
1.040990094e-20
8.349430838e-21
1.335336654e-21
1.485242516e-23
6.138527893e-21
4.197438932e-21
1.01672284e-20
6.848958172e-21
9.955210468e-21
1.467699767e-22
9.167072718e-21
1.70811976e-20
4.263586932e-22
1.773646255e-21
1.135062882e-20
1.652969782e-21
9.319776838e-21
4.301310048e-21
1.023710166e-23
1.563517294e-21
1.147960337e-20
2.065204798e-22
7.354462825e-21
3.662378311e-22
1.013889445e-21
6.623021208e-21
8.070601026e-21
5.004372292e-22
1.33213255e-20
1.219865426e-20
2.605659784e-21
4.257738027e-21
2.006064843e-21
6.510829811e-22
4.485511883e-22
1.128398596e-20
1.690380603e-22
4.039984343e-22
1.54014475e-21
1.770133657e-20
1.548359403e-21
1.390634818e-20
1.508378931e-20
2.677503388e-21
4.202836029e-22
8.356488156e-22
4.355886442e-21
7.627921738e-21
1.137539283e-20
7.875099288e-22
2.941691271e-21
3.440534247e-21
1.014944214e-20
1.089892155e-21
6.795721699e-21
4.02591785e-21
5.049164312e-21
1.094879119e-20
4.252376425e-21
7.411133472e-21
1.600163808e-20
4.701625983e-21
5.859758976e-22
4.087610473e-22
1.371448786e-21
2.532098537e-21
1.3525434e-21
1.062763831e-20
1.20856679e-20
8.037624e-21
1.379488108e-21
2.505367554e-21
7.461289482e-21
1.386109949e-20
1.849220749e-21
1.399412708e-21
3.657950174e-22
1.696456799e-21
2.642092733e-21
7.325832331e-21
5.426004938e-21
2.732504184e-22
2.202795578e-21
2.660955632e-21
2.613632063e-21
1.543645945e-20
8.539740905e-21
1.585717262e-20
1.767441884e-20
1.52328395e-20
3.12823476e-21
2.052582372e-21
9.340404406e-21
4.286305349e-21
1.477219995e-23
3.1401967e-21
2.623812834e-21
2.693788254e-21
1.035333055e-21
5.619063223e-22
4.874664241e-21
5.554856507e-21
2.945966479e-22
2.102403011e-20
3.625969521e-21
2.036827421e-21
4.904096686e-21
2.067779154e-22
1.390687321e-21
3.428982288e-21
5.474310221e-21
1.274357794e-22
5.515926195e-22
8.356243032e-21
4.921642806e-21
8.655174503e-21
2.732519194e-20
4.039326684e-21
5.362280539e-22
4.086098348e-21
7.779878893e-22
5.892156902e-21
5.656480999e-22
3.372138968e-22
4.0556733e-21
5.607231658e-21
1.227002862e-21
4.760316576e-21
1.402323787e-22
5.968623933e-21
2.003560814e-21
8.009247709e-22
7.883890854e-22
3.48410429e-22
6.425970876e-21
8.445902287e-22
3.964879722e-22
6.525806351e-21
1.696483927e-21
6.475797668e-22
9.362097059e-22
7.310431147e-21
1.672200765e-20
2.976026436e-21
7.848926105e-21
3.787060411e-21
1.934518478e-21
4.647155924e-21
1.852647143e-21
5.959540484e-21
3.704827535e-21
1.85702872e-21
5.734587245e-21
1.404714256e-21
4.568845929e-21
1.902840071e-21
1.472629012e-20
5.794078555e-21
3.477227676e-21
4.278203521e-21
2.945916513e-21
1.580492847e-21
6.544108933e-21
1.424170532e-21
8.914420746e-21
4.959630997e-21
4.902975313e-22
4.477782649e-21
2.969367817e-21
4.443294277e-21
2.750748566e-21
1.753158521e-21
1.603312567e-22
7.35461206e-21
8.604045831e-21
5.665199591e-22
3.625873646e-21
2.358646528e-21
1.824895225e-21
1.897266689e-20
2.532504594e-21
1.81462245e-22
9.301732393e-21
1.899146601e-21
9.586701921e-22
1.453249287e-21
1.019148044e-21
1.50155488e-21
5.374121217e-22
4.618469622e-21
1.006708774e-21
5.350366913e-21
1.283769593e-22
1.133970156e-20
1.163866454e-21
5.34929165e-21
3.199149144e-22
5.371926495e-21
1.858057364e-21
4.575961058e-22
9.6193306e-21
3.710508224e-21
3.390290282e-21
2.873418796e-21
1.175571359e-21
1.764084395e-20
1.390653184e-20
1.668122941e-21
3.027817981e-21
2.054907317e-21
1.411967631e-21
2.385537404e-21
4.704245514e-22
1.711834239e-21
2.649062436e-21
1.331705815e-21
1.779726583e-21
7.105429057e-21
1.144799221e-20
1.972404992e-20
6.073778623e-21
4.466835204e-21
8.189440859e-21
6.106742049e-21
5.194237202e-21
1.52151055e-21
2.876386849e-21
7.851815742e-21
2.147587742e-21
5.996838877e-22
1.024746504e-21
9.444644127e-22
8.634021303e-21
1.221264676e-21
1.054019628e-20
1.132346502e-20
8.155572621e-23
1.92785422e-21
3.258200627e-21
8.378947493e-21
4.946936598e-21
1.482403285e-21
5.944915237e-21
8.086497382e-21
2.338402782e-21
4.60020307e-21
1.302828539e-21
1.359984089e-20
1.074759365e-20
5.570303695e-21
7.882340156e-21
1.061582611e-20
3.130767887e-22
2.697083649e-21
7.63177491e-21
6.419230251e-21
4.206582337e-21
1.317442601e-20
7.575623657e-21
8.75353967e-21
8.173816153e-21
4.475245709e-22
5.854868655e-21
1.311217032e-20
2.184865455e-20
9.167439348e-23
3.895461941e-21
7.126896822e-23
2.33248147e-21
1.476095171e-21
5.893801797e-22
6.820682862e-21
3.467405203e-22
9.43011796e-21
5.784931795e-21
2.212694078e-22
2.094156619e-20
7.295889407e-21
3.713392235e-21
1.546886588e-21
1.103048851e-21
1.519625912e-21
6.829144139e-22
1.856770856e-21
1.713328844e-21
8.390469656e-21
4.553293238e-21
2.6070653e-21
1.374653836e-21
1.973416345e-20
5.859237939e-22
6.582905175e-21
9.938379354e-22
1.534761925e-20
3.161737802e-23
3.992819831e-21
1.047582866e-20
5.734643047e-21
3.026618208e-21
1.431504707e-21
1.01245326e-22
6.766896711e-21
1.320283047e-20
2.994687825e-22
1.408594765e-20
7.024731311e-21
2.608557124e-22
8.217825342e-21
1.865684746e-21
9.246794436e-22
2.510062274e-22
1.326505497e-20
4.230155222e-21
7.568942745e-21
5.153805767e-21
2.955070488e-22
7.385003232e-21
4.844568311e-22
1.004994587e-21
1.154351024e-21
6.409299912e-21
3.744928922e-21
1.220444862e-21
6.952712836e-21
1.591218835e-21
1.623814613e-21
1.950606819e-21
2.955628294e-21
7.631563577e-22
3.607834136e-21
4.034523182e-21
5.088048826e-22
2.246843031e-21
8.261780444e-21
3.291226099e-22
1.578966271e-21
1.156425302e-21
4.106678221e-22
7.811352927e-21
1.618204363e-20
3.138350105e-21
2.541038298e-21
5.66006778e-22
3.377109657e-21
1.540267954e-21
4.508797211e-21
5.189748381e-21
3.377162812e-21
2.494440263e-21
3.165850676e-22
1.419140846e-21
1.063305793e-21
1.089840038e-21
2.045725642e-21
2.467856916e-20
6.03424081e-21
5.698971049e-21
5.417326849e-21
3.772583753e-21
1.570808202e-21
1.276449539e-21
6.087723961e-21
8.414459905e-21
1.861933277e-20
5.454089504e-21
6.207413004e-21
6.359377487e-21
9.76373127e-21
2.15160047e-21
6.894051857e-21
5.189820687e-21
1.206803057e-21
1.396004565e-20
1.246607021e-20
4.354953487e-21
6.629031732e-21
5.819639627e-22
8.636081418e-22
1.007129657e-20
6.796840658e-21
4.843769057e-21
2.960255392e-21
2.671751686e-21
1.727909604e-21
3.935363277e-21
1.278973965e-22
5.973443634e-21
1.017899381e-21
1.99603345e-20
1.736048594e-20
1.118331719e-22
1.520444498e-21
6.482154864e-21
9.173931185e-22
1.853068857e-21
9.2629499e-21
1.015317666e-20
2.349412273e-22
5.507519748e-22
6.652122663e-23
1.165374057e-22
4.468748036e-21
1.175054509e-21
1.393945487e-21
5.219861732e-21
4.149297957e-21
7.201304797e-22
3.218854614e-21
1.932019618e-20
1.268022145e-20
7.865643117e-21
4.363898178e-21
1.404147795e-20
2.404456494e-21
3.472717915e-21
4.643429026e-22
2.21328546e-21
4.334375384e-21
5.03093093e-21
1.658391874e-21
2.40570605e-22
4.894092763e-21
2.673862029e-21
7.936582572e-22
3.60885616e-21
2.549241512e-22
2.637693049e-21
3.38278442e-21
1.51552176e-20
2.500458767e-21
3.534674683e-22
5.10665019e-22
9.842703771e-21
1.487278293e-21
1.013002861e-21
8.003647557e-21
9.579244337e-23
6.36966054e-21
2.039287126e-21
4.25034038e-22
3.134281579e-21
5.764194689e-22
8.493823113e-21
6.187722595e-21
8.27557109e-21
4.443546806e-21
1.868736781e-22
1.496215958e-21
8.225443492e-22
3.469187235e-21
2.843183617e-21
7.655511916e-21
6.056557359e-21
6.634004854e-22
1.897115798e-21
9.73861131e-22
9.389601348e-21
2.222331925e-21
1.896461691e-21
1.387272505e-21
8.329780132e-21
7.531117674e-21
5.041079592e-21
1.742641935e-21
3.895593385e-21
9.000577313e-22
1.977282249e-20
3.162461738e-20
1.813861792e-21
9.821831284e-21
3.605579398e-21
5.603720622e-21
1.0430897e-20
1.038470135e-21
1.019990576e-21
1.253314117e-21
5.743376315e-22
4.559917527e-21
5.42646253e-21
4.316379882e-21
3.436803992e-21
7.213877853e-21
2.103976156e-20
2.673956056e-21
1.322490183e-20
1.555471177e-21
6.99002128e-21
3.714785068e-21
4.760318472e-21
7.947126857e-21
1.012129283e-21
5.947352418e-21
1.676352918e-20
3.136834144e-21
9.802385051e-23
3.740439013e-21
8.021832065e-21
4.305944091e-21
7.17829485e-21
4.674722592e-21
9.938612158e-21
1.713752502e-20
2.211008738e-21
1.020065911e-20
1.650475453e-21
1.657813612e-21
2.738565081e-21
1.493724791e-21
2.522939697e-21
7.512813046e-22
3.518781292e-21
1.741863607e-21
2.130421351e-21
3.313025619e-21
1.861166528e-21
8.324952605e-21
4.877221743e-21
3.839636842e-21
4.440874126e-21
2.845747812e-21
1.765879086e-21
5.669397448e-21
2.638254894e-21
8.07071892e-21
5.692364953e-21
1.271276439e-20
2.488538338e-21
7.659693786e-23
2.72349115e-20
3.416281238e-21
2.664301906e-21
7.489055836e-21
6.425964647e-22
2.978684695e-21
1.529653929e-21
6.100662645e-21
1.109800635e-21
1.538218357e-21
1.497001123e-22
9.352476283e-21
2.836770441e-21
4.017856727e-21
9.885720199e-21
3.531392361e-22
1.663359039e-21
8.365443933e-21
4.145859757e-22
1.151409062e-20
3.834674685e-21
1.486018431e-20
1.306923464e-21
1.213614633e-21
7.723857746e-22
5.400898652e-21
2.51748671e-22
1.630338744e-21
9.60303223e-22
1.323992093e-20
2.5594058e-21
3.306256731e-21
9.278547357e-21
4.128049302e-21
2.917187653e-21
4.423112568e-22
6.133647057e-21
2.214897503e-21
8.04672753e-22
8.592050351e-21
2.554954775e-21
7.40496068e-21
4.922346187e-22
5.764304806e-21
9.077245396e-21
3.361097265e-21
3.020881058e-21
5.320179481e-21
1.060637634e-20
1.59663702e-20
1.386567346e-20
1.460994081e-20
1.786296432e-21
2.447509084e-21
8.90632661e-21
8.607740728e-22
1.166235796e-21
1.503233411e-21
3.428862424e-21
1.451798187e-20
2.515651007e-21
2.919561339e-21
8.074440085e-22
7.574719444e-22
5.857043226e-21
2.218655136e-21
4.138407148e-21
1.026994332e-20
9.453637895e-21
1.053428181e-21
1.949523747e-21
4.389159256e-21
1.322523251e-20
6.393795261e-21
4.720253151e-21
6.357695325e-21
1.381871635e-20
7.635626954e-21
2.606618861e-20
3.843688377e-21
8.441353623e-21
3.26600991e-21
3.147868584e-21
1.092175405e-20
1.350632941e-20
6.505651692e-22
8.423086635e-22
1.913933586e-21
5.101907544e-22
8.954869359e-21
2.486532289e-21
2.585051074e-20
1.28312419e-21
3.561048909e-21
1.65396563e-20
3.188626544e-21
2.469748575e-21
4.903155163e-21
5.873975919e-21
9.871498193e-22
9.479371418e-22
4.43500648e-21
9.636653205e-21
5.381498925e-21
1.080766607e-21
3.107148717e-21
4.60037626e-21
9.883688648e-22
4.412425322e-21
2.807082789e-21
6.025754973e-21
3.237212816e-23
1.257556437e-21
6.026893976e-21
3.489944356e-21
2.041246598e-21
6.583154948e-22
1.923626577e-22
1.859621613e-21
7.7836324e-21
6.297730446e-21
2.35369456e-21
3.191182665e-22
4.475545553e-20
1.018576083e-20
1.636449688e-21
5.389375337e-21
1.836625787e-21
1.047840452e-22
2.070389365e-21
3.044360723e-22
2.462001231e-22
3.934688186e-21
8.381873307e-22
3.808689183e-22
3.677880141e-21
3.655240578e-21
1.389503319e-20
1.505626468e-21
4.507378854e-21
3.247215407e-21
2.908913815e-21
7.922798559e-21
1.022645774e-20
1.38908073e-21
6.414624254e-22
2.890427908e-21
3.322303298e-22
2.956457325e-21
1.01547977e-21
3.14242723e-21
7.032997187e-21
7.353919493e-22
2.323548468e-21
5.354453304e-21
1.436120249e-21
7.644887341e-22
3.196603952e-21
7.230735616e-21
1.448361476e-20
8.239761714e-21
3.251423698e-21
3.069667865e-22
7.348237125e-21
4.87695466e-22
7.071590472e-23
4.092595964e-21
3.90528128e-21
2.403430211e-21
5.564813415e-21
3.005116291e-21
4.001739724e-21
1.860402114e-21
9.37617238e-21
2.488442098e-21
1.166963334e-22
8.339573701e-21
1.106503793e-20
5.923306321e-22
4.015813848e-21
4.856078354e-21
5.47453686e-21
5.226591325e-21
1.050480003e-20
6.05807878e-21
1.143201256e-21
5.298598931e-21
2.602918168e-21
6.311363144e-22
2.321976365e-21
5.420815198e-21
3.14728214e-21
2.658820541e-21
1.174762618e-21
3.031151559e-21
6.327347995e-21
1.738066693e-21
3.088092098e-21
8.474094179e-21
1.348761446e-20
1.899089101e-21
4.249593442e-21
4.109944668e-22
7.04410489e-21
1.018102995e-20
4.870203777e-22
3.178969815e-22
3.405438694e-21
3.227204039e-21
3.112547736e-21
1.298742814e-20
9.239724927e-21
1.982546337e-21
1.287657951e-21
4.937937271e-21
1.553375424e-22
3.490002318e-21
4.703100093e-22
7.146437548e-22
4.243838119e-22
1.940191423e-21
1.735071604e-22
1.146646885e-21
6.033546253e-21
3.445346377e-23
3.605222336e-21
8.974984213e-21
2.948562184e-22
3.015304597e-21
1.81832792e-22
2.274965593e-21
3.967978923e-21
6.861150171e-22
4.779899053e-21
7.170308243e-21
2.053649147e-21
4.528040071e-21
2.822829529e-21
1.589950515e-21
1.692796303e-21
4.99504282e-21
6.094750203e-22
2.009831664e-22
5.58473856e-21
7.077393772e-22
7.883745655e-21
2.418984907e-21
1.17437259e-20
4.792801193e-21
3.075782599e-21
4.257390869e-21
4.517078246e-21
1.923646155e-21
1.567806872e-21
2.43452381e-21
2.851645773e-21
1.819540338e-20
1.57239405e-21
2.975373541e-21
6.115701437e-21
3.262854857e-21
8.760780424e-22
3.688335174e-21
7.569703677e-22
2.718454348e-21
5.886985386e-21
8.588083304e-21
3.155764814e-21
2.245029659e-21
2.336480876e-21
8.770196376e-21
3.663052119e-21
1.258333752e-20
5.100849992e-23
3.694210986e-21
1.73952065e-21
1.650735876e-21
5.641183305e-21
3.678796975e-21
1.706427127e-21
7.923909342e-21
1.426741584e-20
1.196941537e-20
3.479152898e-21
2.418118907e-20
5.161000828e-21
9.805424556e-21
1.157419224e-21
5.008817151e-21
6.158229086e-21
5.882561344e-21
3.369198902e-21
6.040848438e-22
1.026082678e-20
1.815357923e-21
1.939683821e-21
6.94008651e-22
4.497233738e-21
4.966112552e-21
3.884322534e-21
2.22829924e-21
4.844156001e-21
8.98366402e-21
4.647568636e-21
1.213722637e-20
4.033199933e-21
7.031453219e-21
5.359125303e-21
2.131215168e-21
1.391629583e-21
1.247426832e-20
5.932317925e-21
5.225034471e-21
5.473845353e-21
2.320477411e-21
7.9635781e-21
5.676513719e-22
1.288994996e-21
3.737586895e-23
1.121171417e-21
9.639311656e-22
2.48083877e-21
3.491814934e-21
1.030500403e-21
1.703986413e-21
2.557413621e-21
5.565246351e-23
1.508491777e-22
5.343234284e-21
9.702175164e-21
1.692693982e-20
7.589978549e-21
7.228929949e-21
1.141431465e-20
1.321805619e-20
5.151070009e-21
7.425543205e-21
1.149679527e-21
3.879194775e-21
1.920389382e-21
5.767311719e-21
2.035572831e-20
2.68189459e-20
1.779682418e-20
1.79187902e-21
4.263891516e-22
3.409223346e-21
1.145512807e-21
1.190399252e-20
1.221808585e-21
1.440663123e-21
4.326645642e-21
1.157766742e-20
2.061278585e-21
6.26073444e-21
5.062338211e-22
3.585186821e-21
1.503341826e-22
1.08320008e-21
1.143975346e-20
2.72201305e-22
3.189224497e-20
3.371985226e-21
6.768947837e-22
1.475466837e-21
2.922386365e-21
4.015825524e-21
5.232987823e-22
5.201523742e-21
1.873583012e-20
4.122001957e-21
7.66824884e-21
4.740356343e-21
1.11271332e-21
6.082980491e-21
1.662380195e-20
3.163326268e-22
1.010482947e-21
1.199729221e-21
2.291470768e-21
5.231473145e-21
3.567288881e-21
3.839332945e-22
3.512994269e-22
5.483997796e-22
3.718341451e-23
5.408553123e-21
3.627010313e-22
5.60119776e-22
4.819625803e-21
1.071210439e-20
2.236094782e-21
6.439781513e-22
3.015751447e-21
9.078131691e-21
1.015415595e-20
4.641450997e-21
5.309674833e-22
1.773642358e-23
3.302243357e-22
3.14121837e-22
4.655340006e-21
3.113197275e-21
2.088708498e-20
1.530666555e-20
2.685534692e-21
7.16065307e-21
1.142871786e-20
1.212661704e-21
2.563084238e-21
1.700937736e-21
3.767962498e-21
7.448106334e-21
4.534992937e-21
6.677447552e-22
1.171503791e-21
1.053266057e-21
6.99462582e-21
1.182410986e-21
8.838817832e-22
5.106488623e-21
9.526499407e-22
3.307377195e-21
7.539433821e-22
2.855775076e-21
1.544635274e-21
3.626912525e-21
1.03197056e-20
5.296643791e-21
1.371074055e-21
1.575059286e-20
6.854981124e-22
8.888217466e-22
8.47709507e-21
6.895389293e-21
1.627574257e-20
3.495319655e-21
6.201357481e-22
6.62020115e-21
5.211419093e-22
4.566427291e-21
2.10243272e-21
2.693688114e-21
2.285553179e-21
1.509443825e-22
1.066575629e-20
7.256504701e-21
1.259561947e-20
5.316823842e-21
1.761332256e-22
6.585370939e-21
6.427977418e-22
2.235169465e-21
2.124728702e-21
7.575273238e-21
1.072240845e-20
1.190057735e-21
9.372974995e-21
1.27633824e-21
2.576829746e-22
1.750230801e-20
3.032161559e-21
3.858214276e-22
1.229255755e-20
5.94342913e-22
7.44451909e-22
6.222801818e-21
3.657974574e-21
7.763156882e-21
3.213891236e-21
1.71353833e-21
2.73289554e-21
1.709302702e-20
1.084447593e-21
2.33603445e-20
1.2465629e-21
8.088929698e-21
1.106911151e-20
1.539364788e-20
1.582866939e-21
4.557238205e-21
1.949977877e-21
1.095995287e-21
1.710378367e-21
5.984401471e-21
9.324638004e-21
2.09816935e-20
2.728177512e-21
1.29727111e-21
3.01356071e-20
6.603775748e-21
3.803366084e-21
1.342119201e-20
5.444722988e-21
1.759134839e-21
7.440604421e-22
7.244537719e-22
7.303714202e-22
3.148587406e-22
1.10590464e-21
1.256405829e-20
4.597567087e-21
2.84815189e-21
5.903008331e-21
9.348035873e-21
4.645664756e-22
1.277317299e-20
3.89049651e-21
4.603637128e-21
2.432896246e-21
8.847157969e-22
5.349396358e-21
1.432252146e-20
8.737070075e-22
3.327188927e-21
6.812061758e-21
8.208401633e-21
4.728723218e-21
5.254768268e-22
1.147058882e-22
8.190667487e-22
1.342441174e-21
1.933074054e-21
5.510866807e-21
8.769930662e-21
5.031299095e-21
2.180823103e-20
1.114184387e-21
2.805969034e-21
1.745295923e-21
2.538337631e-21
3.954267873e-22
8.800253005e-21
2.173064888e-21
1.074929873e-21
1.323133889e-20
4.943163932e-21
4.809582344e-21
6.491106119e-21
1.191847387e-21
8.079443324e-21
4.093986385e-20
1.655785575e-21
3.737302997e-22
7.549854931e-21
1.943947699e-20
3.481869278e-21
1.401125325e-22
9.63700723e-21
1.225136742e-20
5.248101072e-21
1.019592359e-20
9.161890398e-22
6.790138829e-21
1.096344293e-20
2.059510078e-21
6.459011889e-22
1.068227676e-21
5.956778018e-21
1.943368185e-21
1.045182297e-20
4.434824512e-22
3.80624748e-21
4.183330547e-21
1.707534424e-21
1.353587854e-22
1.597064432e-21
1.813921965e-21
1.46722678e-21
3.162980708e-21
3.04294623e-21
2.353839597e-21
6.58738654e-22
1.151930945e-20
3.779653482e-22
1.680530757e-21
3.101519502e-21
6.36584213e-21
2.419072302e-21
1.112975519e-21
3.405041252e-22
4.419088723e-22
4.710181785e-21
1.470238632e-20
1.339338522e-21
2.620878214e-21
9.598602904e-21
1.020371656e-20
1.20247131e-21
4.911976052e-21
2.769930983e-21
5.908349571e-22
4.084408587e-21
3.987808567e-21
2.332177078e-20
4.914523774e-21
8.543580288e-22
6.477571545e-21
1.705697334e-21
2.504344798e-21
1.558958135e-21
2.146143028e-21
1.380010891e-20
7.341133684e-21
4.554796541e-21
3.654839589e-21
6.156124067e-21
7.238349812e-21
1.139040274e-20
4.155102739e-21
2.242700817e-21
2.848669736e-21
6.651623399e-21
1.278668379e-20
8.754807642e-22
1.05126413e-21
4.729050348e-22
1.825489103e-21
2.703695956e-21
4.02801983e-21
3.387292315e-21
2.970230704e-21
3.109968695e-21
9.809180128e-21
3.240060324e-21
1.831533317e-22
1.569451047e-21
6.566497158e-21
1.409845277e-23
9.967257649e-21
2.570317293e-21
5.456001373e-21
4.900429624e-21
9.381740556e-21
8.035311637e-23
2.164818094e-21
3.361349952e-21
3.508533614e-21
2.770616176e-22
6.99157198e-21
1.458452409e-22
1.873874919e-20
9.339841726e-21
6.935081561e-22
4.968546824e-21
5.755528392e-21
6.914010655e-21
2.10891446e-22
2.175361019e-21
2.287818754e-21
4.978970051e-21
1.326751749e-21
2.317508518e-21
7.659068735e-21
6.907179752e-22
8.09781425e-22
1.986572891e-21
9.942288229e-21
5.124855942e-21
5.904031621e-22
4.936681095e-21
5.901298712e-21
8.029211857e-21
1.269785375e-22
3.491253768e-21
6.059187934e-22
9.636442311e-21
1.67143562e-20
8.496687512e-22
3.301901416e-21
1.932704355e-21
9.408714837e-21
7.523525506e-22
2.758205096e-21
8.132194357e-21
2.308909448e-21
3.848286802e-21
5.792007609e-22
3.644480726e-21
1.228357412e-20
1.034751681e-21
5.474145607e-21
1.197535378e-20
1.194621153e-21
4.953770595e-21
1.282150707e-20
3.437887309e-21
9.234356426e-21
8.20373317e-21
1.565693362e-21
4.598155835e-21
6.024261421e-21
1.773701445e-21
5.375702805e-21
2.935979595e-21
1.678489307e-21
2.355263157e-21
3.866700529e-21
2.654740792e-22
2.754508238e-21
9.314024341e-23
5.899030168e-23
1.180629552e-20
5.879545784e-21
2.277531151e-21
1.022544029e-20
3.606690748e-21
1.013635301e-21
5.213194386e-21
2.809705463e-21
9.857865279e-21
1.320583691e-20
2.840645769e-21
3.812300699e-21
2.746097934e-21
4.104071045e-22
6.997927828e-21
5.767234103e-23
3.607560641e-21
4.728000027e-21
2.073674971e-21
3.326422292e-21
4.168944965e-21
7.767693774e-22
7.349377486e-21
7.10402979e-21
7.358198155e-22
9.920823527e-21
4.82790157e-21
8.096122499e-21
1.423638238e-21
5.431532107e-21
3.534264816e-22
1.202156332e-21
3.011618646e-21
2.906833341e-20
4.526436071e-21
1.558525416e-21
3.604606712e-21
5.475417382e-23
1.212647651e-21
1.303450184e-20
1.869297565e-21
1.848431025e-21
1.393751506e-20
2.635190722e-21
5.733758554e-21
4.559877743e-21
2.081085401e-21
4.474532388e-21
3.036897585e-21
2.150344189e-21
1.5142823e-20
2.398316123e-22
9.805426235e-22
6.722158597e-24
3.804078139e-21
2.807557692e-22
2.507235054e-21
1.201719998e-20
1.574933058e-21
4.515568863e-21
6.675551437e-22
9.422003392e-22
2.520520969e-21
1.139957304e-21
5.355960389e-21
2.416073913e-23
1.372510774e-20
3.967704431e-21
7.242813179e-21
1.105748883e-21
9.775122262e-22
2.039882857e-21
5.124196655e-21
2.432261386e-21
8.555798882e-21
1.166573709e-20
1.343188404e-21
4.624002773e-21
5.681751379e-21
4.906991246e-21
7.242761939e-21
3.299239056e-22
1.547406489e-21
1.486388776e-20
1.614840302e-21
3.442852901e-21
1.399130344e-20
3.938961387e-21
2.909352568e-21
1.401360051e-20
4.914459665e-20
9.280755793e-21
1.332291064e-20
2.542707828e-21
1.45915089e-20
3.392041344e-21
4.001460876e-21
1.850566215e-22
1.815930266e-21
3.415241416e-21
1.850792045e-20
7.573700075e-21
1.79150152e-21
2.162302934e-21
2.057322922e-22
1.341634913e-21
1.366702057e-20
9.121805478e-21
8.512156084e-22
2.548383911e-22
1.349174437e-20
2.212654939e-22
2.334300788e-20
8.148235796e-23
7.651107326e-21
2.304572193e-24
1.005948514e-21
4.390461552e-21
6.378081461e-21
1.175400095e-21
3.011485576e-22
4.568781204e-21
1.96446405e-21
9.958534889e-21
8.759694356e-21
9.05533299e-21
1.705789998e-20
4.955760459e-21
2.400291033e-21
3.18366434e-21
3.602788996e-21
5.457344394e-21
3.303724052e-21
9.557674894e-21
5.389496052e-21
1.032492796e-20
3.525614955e-21
2.051411689e-21
7.0492653e-21
2.842187992e-21
2.195592729e-21
3.177708672e-21
2.731072052e-22
2.082090243e-21
1.11030319e-21
1.576199066e-21
2.931329896e-21
1.836122601e-21
4.901740108e-21
1.393639395e-21
1.7524302e-20
4.884386211e-21
2.268786905e-20
4.061825525e-21
1.897853406e-21
2.78282152e-21
1.004172238e-20
3.834468714e-21
8.341802052e-21
1.752134577e-21
3.930240714e-22
2.824098403e-21
4.701504739e-21
8.508584025e-21
7.658235627e-23
1.109927951e-20
2.388855898e-21
7.804627974e-21
4.53905048e-21
4.260415655e-21
6.58139282e-22
3.077640396e-21
1.139187955e-22
1.85649349e-21
2.095538243e-21
3.951992852e-21
8.513675393e-22
5.845460368e-21
4.248005124e-21
5.591686199e-21
1.416751333e-21
7.603387221e-21
6.65446675e-21
3.807852276e-21
5.151784559e-22
3.144492457e-21
2.126744751e-20
7.462210188e-22
1.847621394e-20
1.10003331e-21
7.317526985e-22
1.557990018e-20
4.05021956e-21
2.006019129e-21
7.196239274e-22
3.137859102e-22
2.453621732e-21
5.397866243e-22
3.849918913e-21
1.655930616e-21
1.67024601e-20
6.840786368e-21
2.041040696e-21
1.53398823e-21
1.568589664e-21
1.692713837e-21
1.987468963e-21
3.419741831e-21
5.814839901e-22
2.526969703e-21
2.68411647e-21
3.022100521e-21
3.939358669e-21
4.554102855e-21
1.127770056e-20
1.03497207e-21
6.452798128e-21
1.091751211e-20
5.830156997e-22
1.224829737e-21
8.916920391e-22
1.219057351e-21
3.665979402e-22
2.715694406e-22
1.605620452e-21
3.352417616e-21
6.848907472e-21
3.142194436e-21
3.040255171e-22
1.525780388e-20
1.844566363e-21
6.083105991e-21
2.500782985e-21
3.925411453e-22
6.494557125e-22
1.536307554e-21
1.656285654e-21
1.958744747e-21
5.920337955e-21
1.311693527e-21
6.711569534e-22
1.914660028e-21
7.999695558e-21
3.675462504e-20
1.651302191e-21
2.543765511e-21
3.602509367e-21
3.189682431e-20
1.861785547e-21
1.063318365e-21
9.608577682e-21
4.962558366e-21
2.605193858e-21
2.021057383e-20
7.662755455e-21
7.288619075e-21
1.001945698e-20
9.876202994e-22
3.627364524e-21
2.041445967e-21
2.803406478e-21
1.277465127e-20
3.687433749e-21
3.132776186e-21
7.681132142e-21
3.968843202e-21
1.02920037e-21
2.933809686e-21
1.318603041e-21
2.364484434e-21
2.573224508e-21
7.973569138e-21
3.922519916e-21
5.226991865e-22
6.042034358e-21
7.013033604e-21
1.088405728e-21
1.81075913e-20
6.904373761e-21
2.765187153e-21
4.794805563e-22
3.598081917e-22
5.897230849e-21
9.001931778e-22
6.100347477e-21
1.524711202e-21
5.364440394e-21
4.11996938e-21
2.067138145e-21
1.81582689e-21
3.479693241e-21
2.678125949e-21
2.853421031e-21
4.410084962e-21
1.388353618e-21
8.192556918e-21
1.725653716e-21
1.85798152e-21
6.720569974e-22
1.739105644e-21
1.234925756e-20
4.050686573e-21
9.805244429e-21
6.036658391e-22
4.159485925e-21
3.524490089e-21
2.833616362e-21
1.091580323e-20
6.192798192e-22
1.14122752e-21
6.346224574e-21
3.990698549e-21
6.303657212e-21
5.363436906e-21
7.172806038e-21
6.366711991e-21
4.62580367e-22
8.783323649e-22
8.16979575e-21
3.195964327e-22
1.102725239e-21
6.893922372e-21
4.481211269e-23
1.350166301e-20
1.075861037e-20
7.655101788e-21
1.119437052e-20
9.49660659e-21
2.657436533e-21
1.115439192e-20
9.638509808e-22
2.7559351e-21
9.165908972e-22
3.872634288e-21
2.733664149e-22
1.054226333e-20
1.294380777e-20
2.651884185e-21
1.075436666e-20
6.765604713e-22
3.204163207e-21
1.108402645e-20
6.722559232e-21
1.055203766e-20
9.244951835e-21
1.566329306e-20
1.12562976e-21
1.761239239e-22
3.143011999e-21
7.835635382e-21
6.305223183e-21
7.883528483e-21
3.597519439e-21
1.679197212e-21
1.269202902e-21
7.969869107e-21
7.730369744e-21
1.854964132e-21
3.763963779e-21
2.133587113e-21
4.828904598e-21
3.68421599e-23
8.455764242e-21
1.089559394e-20
2.599987796e-21
8.687692133e-21
3.184024634e-22
1.750605702e-21
3.252812935e-24
6.181504501e-21
6.017055081e-21
6.984292471e-21
1.979841723e-21
1.045496578e-20
3.211572548e-21
8.065655207e-21
1.247435518e-21
2.361584692e-21
5.325253313e-21
6.422877339e-21
1.484141449e-21
6.110202353e-21
9.455032922e-22
8.241345738e-21
1.339238709e-20
6.69116028e-21
1.360800588e-21
9.986060867e-23
2.765623558e-21
6.059263844e-21
3.786956846e-22
2.098748941e-21
1.639606881e-21
2.196112102e-21
3.321926536e-21
2.374680973e-21
3.115263334e-22
1.352773636e-20
2.059938987e-21
2.302217215e-22
7.158367451e-21
2.319592238e-21
2.381794287e-20
1.396847244e-20
1.059783523e-20
9.461561899e-23
2.800332895e-21
1.333900588e-21
2.146765489e-21
5.852908815e-22
4.305994979e-21
1.976899679e-22
3.064585831e-21
2.482465075e-22
3.848581691e-21
3.457136901e-21
5.737117454e-21
2.608731469e-21
1.168678262e-20
4.783849326e-21
1.570576422e-21
2.839215598e-21
5.550356877e-22
1.062611272e-21
2.29342165e-21
4.018169052e-21
8.506840363e-21
7.754598811e-22
4.032268295e-21
3.912451473e-21
3.805599561e-22
8.289981806e-21
6.021010146e-21
2.245875384e-21
2.684522111e-21
3.826471416e-21
5.988567278e-22
4.028644123e-21
2.643693291e-21
8.661097697e-22
1.446438599e-21
9.490589123e-21
1.099853342e-20
2.160139689e-21
1.569444882e-20
1.197932254e-21
1.961407512e-21
5.010527457e-21
4.531133903e-21
1.263627407e-21
9.987041776e-21
1.484922396e-21
7.869779611e-21
2.434701677e-21
1.260448609e-20
1.381154387e-20
4.372373008e-21
5.52262669e-21
7.265554425e-21
1.675861103e-21
9.139156109e-21
5.250359222e-21
2.335966207e-21
1.535341675e-21
1.398014738e-20
1.26059325e-20
9.1620086e-21
2.928746679e-21
6.732175292e-21
9.697752108e-21
1.109823585e-20
5.299179075e-21
8.413278896e-22
9.517480217e-21
2.333460371e-21
1.251290821e-20
3.905422483e-21
3.412535055e-21
1.578695862e-20
1.808491075e-21
3.148966813e-21
1.425908426e-21
7.985423849e-21
7.581056809e-22
3.642171897e-21
4.188158643e-22
2.469728349e-21
4.8957886e-21
3.04231395e-21
7.247189103e-22
1.522598309e-21
4.429249437e-21
2.027023838e-21
5.91602037e-21
4.748655949e-21
1.858787099e-21
1.082995156e-21
3.407692511e-22
4.157326133e-22
3.608313461e-21
2.163388352e-21
1.798953425e-20
4.142337993e-21
9.887993158e-21
1.413806457e-21
4.512844911e-21
3.897361789e-21
4.862291736e-22
2.578187169e-21
6.32151289e-21
1.287572176e-20
1.127500123e-20
2.110056717e-21
2.766553361e-21
1.558921864e-20
2.071212494e-21
5.875835507e-21
4.715424009e-21
4.026988843e-21
4.017612087e-21
2.091498297e-21
1.146754798e-20
8.796799178e-22
1.111376723e-20
1.241981715e-20
2.386194692e-21
6.81534403e-23
2.039169794e-22
1.554217507e-22
3.882859722e-21
1.606577004e-21
3.922408413e-21
4.522123223e-21
1.827063916e-21
1.843705922e-21
2.903524299e-20
4.562254814e-21
3.416730369e-21
4.7738137e-21
3.456351105e-21
2.948049874e-20
9.35775622e-22
4.219815218e-21
6.695601971e-21
6.638409102e-22
7.806772057e-21
2.776246357e-21
8.468246829e-23
4.107087613e-21
8.657763942e-22
5.423811867e-22
2.545941201e-21
4.236072422e-22
1.092820457e-21
4.117015167e-21
2.987141574e-21
3.869488118e-21
8.512459512e-21
6.984245416e-21
5.830882764e-21
5.120104776e-22
3.242051531e-21
1.559151274e-20
9.485338467e-22
1.807723006e-21
9.061957951e-22
1.351859268e-21
1.222638368e-20
1.054911138e-20
7.195401413e-21
2.298837424e-21
1.0611804e-20
1.259176168e-20
2.530103904e-21
2.4740694e-21
3.985159912e-21
2.565541693e-21
3.76946474e-21
5.803511501e-21
5.150895685e-21
5.281910316e-21
1.84521717e-20
1.397575675e-21
3.685094059e-21
1.852520052e-21
7.960979255e-22
4.751469912e-21
4.050336885e-21
5.333888485e-21
5.2059217e-22
1.20085249e-20
3.669250588e-21
2.957837787e-21
1.270607462e-21
2.697973756e-21
1.46968614e-21
7.22004872e-21
4.008409728e-21
1.889283391e-21
5.000292242e-21
1.073533638e-21
2.412316427e-21
8.850553936e-21
1.094749834e-21
1.496208149e-21
2.761221424e-21
1.498847219e-21
8.264206529e-21
3.828019484e-21
1.29122731e-20
9.562109918e-22
4.186124766e-21
1.71368322e-21
2.871835056e-21
8.570203329e-22
2.07717398e-21
6.337528423e-23
6.453754794e-21
2.727046187e-21
1.715635703e-20
7.082527406e-21
9.439881762e-21
4.843628521e-21
3.387518607e-21
1.738017714e-21
4.938302434e-21
5.310412723e-21
9.839631327e-21
2.64160097e-22
5.251538849e-21
2.032059486e-22
1.467011984e-21
1.124002752e-21
1.60365108e-20
7.870870814e-21
8.50453834e-22
2.431994464e-21
5.452023643e-21
6.920488079e-21
9.553749508e-22
3.329638167e-21
3.610308024e-21
7.627147523e-21
4.90609936e-21
7.896046609e-21
2.932598378e-21
1.338793495e-21
1.690171465e-21
5.882409077e-21
1.362924793e-21
7.10283905e-21
1.235070742e-20
6.526041752e-21
8.38529222e-21
3.099919108e-21
3.744550264e-21
3.370450832e-21
1.46121298e-21
4.536876085e-23
3.712889379e-22
1.055147182e-21
1.248132248e-20
1.738214877e-21
3.651022252e-21
2.86688874e-21
3.239281906e-23
5.757555393e-21
2.795991054e-21
1.527745618e-21
1.382346154e-20
1.359158897e-20
4.213022828e-22
4.120948834e-21
9.109318285e-22
2.33878934e-20
2.065435153e-21
2.064200455e-20
1.119413296e-21
1.841653905e-20
1.479976807e-22
4.246389553e-21
1.380183893e-20
2.428409643e-22
2.063516614e-21
7.44548533e-23
4.955296302e-21
1.971540542e-21
9.579087993e-21
5.730381031e-21
5.023398202e-21
2.844608249e-22
7.819762091e-22
1.508361333e-21
9.937643969e-22
1.358623287e-20
2.04412361e-20
8.338488342e-21
6.376924498e-21
3.942311995e-21
3.410989254e-21
1.01772944e-20
1.572646395e-21
1.200532687e-20
5.645554299e-21
4.353994201e-21
8.74358305e-21
3.539520014e-22
1.76781211e-21
3.267645895e-21
7.247931806e-22
1.622003629e-21
4.937193597e-21
6.561898828e-21
1.00435445e-20
1.228780587e-20
1.303856226e-21
3.089778677e-21
8.816179235e-21
1.148527802e-20
1.488363552e-22
5.046365767e-23
2.365550671e-21
2.525185089e-21
6.398192445e-21
7.234868719e-21
3.733974015e-21
3.372644598e-21
7.400885449e-23
4.814615783e-21
2.85986209e-22
7.583651092e-21
7.922494511e-22
2.128002122e-21
1.790752937e-20
1.928149701e-21
6.715139336e-21
1.906189211e-21
9.671256226e-22
1.095486733e-21
5.039327146e-22
9.937002747e-22
2.092958727e-21
6.608236007e-21
2.099118599e-23
3.660174389e-21
7.743901216e-21
7.6977835e-22
2.414679009e-22
4.530555786e-22
6.97994465e-21
1.010964357e-20
3.889432601e-21
2.42568625e-21
1.307229753e-21
7.535212366e-21
1.270527995e-21
9.237839179e-21
1.400827778e-20
8.960447629e-22
7.782396154e-22
1.063450518e-21
3.700816211e-22
2.600078758e-21
1.327377027e-21
1.227143482e-21
6.62515109e-21
3.557174756e-21
6.556857492e-22
4.192097222e-22
1.901391255e-22
3.931681233e-23
2.256455743e-21
3.93195672e-21
2.604261404e-21
2.479343499e-22
9.609885101e-21
1.428080474e-20
3.913459853e-23
6.238323162e-21
7.276559456e-22
1.98933718e-21
6.245232893e-21
4.504424608e-22
5.728457381e-21
4.069909499e-21
4.413094742e-23
2.954315718e-21
6.819518083e-22
1.473507515e-21
7.863194399e-22
1.835432412e-20
4.443188428e-21
3.914668863e-21
1.452010022e-20
8.960109121e-22
6.798300882e-21
1.087593471e-20
1.13403569e-21
1.358496231e-20
5.519596445e-21
1.432639132e-20
3.001305357e-21
2.091101039e-21
8.153508214e-22
6.443447153e-21
2.148466224e-21
9.320953e-22
2.587575388e-20
2.465232282e-22
1.543564525e-21
2.046301407e-21
2.871338848e-21
1.374081023e-21
4.348624495e-21
2.40441259e-21
4.59748575e-23
1.015863506e-20
2.818082572e-22
3.328621248e-21
1.671178357e-20
3.950181869e-21
1.520975216e-21
7.109923687e-21
2.149443727e-20
2.632161981e-22
1.838734869e-20
4.225403568e-21
4.889561495e-22
6.268578196e-22
1.995485803e-21
7.628406598e-21
7.166795201e-21
7.042014161e-22
8.699240971e-21
6.571659555e-22
1.032934252e-22
9.365905627e-21
6.119468191e-21
1.019008952e-21
4.78899043e-21
6.531237818e-21
3.034570086e-21
4.986753081e-21
1.788406889e-21
2.883451044e-21
3.631937526e-23
5.295412218e-21
1.452056934e-20
1.072064997e-22
1.797006457e-21
4.558698107e-21
1.100005929e-21
1.257268903e-21
4.245948477e-21
4.517658044e-21
3.46226141e-22
4.664805821e-24
4.442871537e-22
9.111849888e-21
1.254747759e-20
6.593678715e-21
8.057514469e-21
2.354999364e-20
6.897629202e-22
5.033408224e-21
4.981137505e-21
5.270353495e-21
1.074995519e-20
1.039768489e-20
5.349831296e-21
1.043632966e-21
1.284152708e-20
4.351474548e-21
1.029386757e-20
2.795415385e-21
1.934420732e-21
1.132185825e-21
1.662901154e-20
4.003714265e-21
1.691159064e-20
1.126915859e-20
1.7014482e-20
1.016065407e-20
3.4896925e-22
6.019686082e-22
5.173275499e-21
1.036287845e-20
8.207852133e-21
8.127145887e-22
4.458480056e-21
4.101229978e-21
4.231916241e-21
1.191974282e-21
7.843925853e-21
4.216076323e-22
2.946019981e-21
8.328675677e-21
4.621804424e-21
5.161500034e-21
7.675623839e-21
1.200058164e-21
5.321067388e-21
7.337078262e-22
7.183017036e-21
2.151205455e-21
1.175277926e-20
2.472006837e-21
2.789373434e-21
8.093400502e-22
1.857307317e-21
1.373052182e-20
3.796720038e-22
9.106176829e-21
5.081497862e-22
2.502904936e-22
4.138670051e-21
6.319439734e-22
3.052208979e-21
4.954242635e-22
6.147209552e-21
1.064282246e-20
6.247612127e-21
9.703754792e-21
1.165598e-20
1.294286376e-21
3.481190469e-22
1.147858954e-21
1.98551596e-23
6.871211546e-21
1.773294306e-22
3.02795757e-21
5.322986791e-21
1.032984726e-21
6.904923737e-21
5.717072231e-22
6.987586525e-22
2.98185859e-21
2.463612793e-21
4.883123546e-21
7.09131329e-21
4.385930775e-22
1.610635495e-21
1.840104746e-21
4.179238376e-21
7.565107656e-21
2.86102656e-21
1.254609172e-20
7.467311899e-21
4.722443284e-21
4.933006975e-22
3.84078822e-21
1.837051718e-21
4.959858685e-21
3.304439133e-21
4.746852081e-22
4.034565213e-21
3.556252241e-21
1.417716907e-20
6.983645405e-22
1.748285124e-21
3.362334041e-21
6.546780321e-21
3.842584271e-21
1.228620255e-22
1.417591557e-21
7.521431446e-22
2.765154948e-21
4.475343319e-22
1.286471506e-20
4.636592328e-21
1.777377048e-21
9.644282225e-22
1.629019882e-21
6.85117275e-22
4.992051609e-21
2.727809484e-22
7.153105596e-21
1.684364503e-20
1.009866078e-21
1.075112602e-21
6.074021486e-23
7.320727635e-21
2.998108119e-21
6.006377243e-22
5.947570743e-21
2.686601458e-21
7.54755345e-22
7.101043807e-22
2.389043114e-21
3.607174126e-21
3.152954395e-22
3.39240606e-21
4.975765367e-21
5.021678184e-21
2.39962942e-21
1.647355091e-21
5.075767001e-21
4.68208519e-21
5.888068857e-21
1.329107942e-21
3.106788569e-21
8.9865635e-22
2.511122765e-21
4.033524564e-21
2.501566207e-22
4.997369385e-21
2.569268263e-21
7.238329648e-21
4.757310204e-21
5.406503282e-21
1.440477864e-20
3.993605148e-21
7.038573744e-22
1.067307553e-23
1.505687319e-21
8.978238859e-21
1.861370588e-20
7.394494821e-22
4.561176969e-21
1.789247399e-20
1.647143298e-21
7.586545881e-22
1.422462461e-20
3.458526551e-21
1.004443744e-20
3.313816496e-21
8.383095768e-21
2.461834713e-22
3.690987727e-21
2.18130917e-21
1.408715312e-22
3.357538542e-21
3.619241137e-22
8.725587383e-21
2.188943568e-21
1.584142848e-21
2.467227779e-22
1.54425407e-20
9.217939574e-22
1.455563218e-21
1.97954881e-21
4.446433995e-21
2.057990256e-20
1.973269099e-20
4.542644206e-21
6.567546305e-22
7.312171783e-22
7.257704656e-21
5.350018543e-21
9.866313527e-22
6.016224555e-21
1.090105132e-21
6.722132613e-21
4.509008749e-22
1.527664964e-21
2.935462079e-21
8.242474792e-22
8.88107099e-21
1.777742733e-21
4.689641085e-21
1.022710099e-20
5.992085053e-21
6.127513524e-21
1.023740816e-20
1.710000203e-21
1.186960318e-20
6.219223613e-23
1.981227761e-22
3.138505871e-21
4.553031592e-21
1.468351885e-21
8.922941585e-21
1.014251317e-21
4.212364554e-21
1.163916227e-20
1.277052841e-20
1.127366374e-20
9.408025373e-24
1.922238815e-21
8.117854643e-21
2.266981986e-21
4.206432974e-22
4.98991647e-21
7.56176114e-21
2.081812195e-21
1.662255148e-20
8.323099562e-21
6.194557306e-21
1.709298869e-22
7.509214301e-22
4.069831081e-22
1.66649661e-21
1.199715553e-21
2.827628286e-21
1.083955955e-20
2.822770554e-21
1.067534282e-21
7.830955511e-21
1.06381705e-20
5.978887518e-21
8.831997241e-22
1.368492063e-20
1.969671285e-21
6.760685057e-22
1.206934196e-21
3.690205767e-21
6.453008912e-22
1.78959736e-20
5.49733047e-21
1.240455225e-21
2.749005962e-21
4.810431509e-21
3.757560779e-21
1.243956057e-20
2.709630764e-21
2.81360429e-21
6.375039611e-21
2.649144258e-21
2.865626757e-21
1.182968878e-20
1.631783482e-21
6.118377561e-21
1.128690452e-20
1.133605649e-21
2.544057121e-21
5.853862098e-21
2.378030847e-21
6.958487943e-21
2.530547867e-21
2.923088818e-21
1.455950924e-20
4.199669824e-21
7.274824284e-23
1.514510947e-21
6.911871217e-21
4.215262093e-21
7.537361996e-21
3.965113211e-22
1.213990303e-21
2.917013668e-21
4.967632904e-22
4.247597767e-21
3.345782873e-22
1.524418088e-20
2.775867577e-20
2.903899639e-21
6.554330963e-21
4.44532224e-21
2.513243053e-21
1.593997199e-21
1.891602986e-22
4.240232068e-22
1.549139431e-20
5.22584325e-22
4.934468682e-21
7.144016957e-23
9.765265573e-21
2.472638767e-22
2.220974241e-20
6.204771251e-23
5.373840385e-22
8.30461105e-22
9.016643999e-22
1.354524066e-21
6.835859655e-22
9.797708648e-21
1.145302134e-21
5.478840565e-21
1.607450878e-22
1.751169832e-21
1.059471697e-20
5.647802134e-21
3.464416287e-21
5.467894598e-23
1.17446134e-20
1.952158813e-20
1.080474562e-20
2.835212795e-22
1.313482954e-20
1.386448414e-20
1.158340175e-21
4.170378422e-21
7.852113121e-21
6.400488451e-21
5.326142884e-22
2.672256415e-21
1.317739008e-21
1.311081896e-21
1.246784592e-20
7.673098341e-22
1.914101277e-21
6.748635966e-22
5.151517118e-21
2.583079744e-22
2.093125029e-21
4.502634923e-21
3.377914668e-22
3.492799413e-21
4.204949116e-21
1.216223494e-21
3.206693277e-21
4.306276153e-21
1.229125903e-21
3.511759622e-21
9.652263204e-21
5.387550892e-21
6.835835044e-21
3.345297405e-21
1.598098326e-21
1.92574312e-20
5.012395036e-21
3.882747285e-21
2.938434743e-21
1.720806151e-20
6.014032188e-21
4.877650271e-21
6.74703458e-21
1.420500114e-21
4.393551389e-21
2.37066387e-21
1.114225687e-20
9.379377336e-21
1.714443501e-21
2.081086511e-20
5.778306929e-22
1.555278161e-21
8.659371194e-22
9.501714964e-22
3.187664464e-21
4.112209279e-22
7.670806718e-21
6.483511554e-21
7.930700377e-21
4.873084611e-22
3.798669833e-21
5.942185022e-21
3.445812353e-21
2.540403004e-21
4.990436206e-21
4.534216774e-21
1.136122151e-20
5.549464746e-22
2.323062078e-21
1.019972398e-21
8.472271117e-21
1.716173599e-21
7.958733696e-22
3.75912389e-21
9.71064286e-22
5.533119223e-22
2.316538978e-22
3.852170109e-22
6.043212694e-21
5.922165424e-20
2.806991642e-21
2.041542729e-21
6.098122771e-21
2.341388392e-23
3.207354589e-21
5.203002536e-21
3.449985942e-21
7.518456484e-21
7.332153984e-21
2.307998995e-21
9.947590944e-21
5.627627752e-23
3.324701665e-22
3.214523594e-21
8.505731004e-21
2.230761176e-21
1.609336018e-20
5.368572151e-21
7.096775999e-22
1.011119871e-21
9.550379129e-22
9.342168357e-22
2.83764629e-21
6.61006778e-21
2.187960499e-21
6.592649651e-21
1.831119133e-21
1.549594669e-20
8.889158285e-21
3.097199281e-21
1.592654796e-21
6.556649898e-21
1.221381534e-20
8.411019113e-21
6.791641517e-21
1.16517373e-21
6.364660226e-21
1.076390933e-20
9.28491139e-21
4.080992409e-22
1.647932863e-21
3.982687278e-21
1.297570913e-21
2.617416649e-21
2.273009282e-21
3.023736499e-21
9.13928892e-21
2.268870868e-21
1.563868024e-21
1.750410982e-21
2.99874076e-21
4.98448074e-21
8.244697869e-22
3.479629778e-21
1.244754211e-20
3.327279119e-21
9.135251146e-21
1.105488136e-20
5.681790652e-21
1.552415311e-21
8.805548237e-21
7.849343583e-21
8.321867253e-23
8.477325199e-21
7.825986847e-21
9.937016784e-21
1.016890354e-21
3.558598782e-21
1.87052152e-20
3.2027793e-21
3.837404632e-21
3.018865477e-21
9.917761259e-22
8.987718263e-21
2.200447867e-20
1.753530102e-22
2.538404363e-21
4.307145664e-21
6.728666004e-21
4.288381921e-22
3.561431593e-21
2.573412677e-22
9.310015369e-22
2.62865356e-21
3.182097783e-21
2.648654586e-21
3.174571034e-22
2.454410773e-21
2.714355758e-22
3.560847979e-21
3.69961958e-21
1.142555961e-20
8.294788929e-21
1.323960948e-21
2.633699894e-21
2.69129847e-21
2.980526399e-22
7.60439605e-21
1.769825761e-20
4.651735028e-21
3.263831937e-21
1.988842692e-22
9.724072222e-22
1.779085106e-22
2.689538896e-21
1.464974951e-21
1.051294635e-20
2.692911865e-21
1.160656597e-20
1.112312837e-20
3.214912862e-21
2.423825184e-21
7.024352009e-21
2.015134914e-21
7.486384872e-21
1.907964276e-20
4.270187645e-21
1.226551369e-21
4.806891415e-22
2.022132716e-22
9.29542084e-21
2.821920299e-21
5.075766336e-21
4.239445811e-23
1.289907873e-21
8.590760778e-21
1.279287026e-21
1.318782947e-21
3.760024773e-21
5.357349846e-21
3.905157566e-24
3.921639063e-21
1.593287597e-21
8.009798082e-23
2.823317505e-21
3.894431241e-21
2.921950086e-21
5.202395501e-21
1.523795915e-21
2.093332139e-20
2.879492107e-21
8.62453774e-21
6.040231382e-21
3.164382443e-22
6.781029608e-21
7.725089231e-21
2.824857065e-21
1.43168214e-21
6.509335588e-21
1.136038534e-20
2.15598944e-20
4.117733129e-22
3.62699752e-21
8.319717836e-21
1.922140006e-20
7.491123825e-21
1.195565581e-20
1.487677135e-20
4.719060698e-21
7.225060093e-22
5.375112318e-21
3.791721226e-22
5.748502578e-23
2.271705407e-21
4.66755897e-22
7.306104752e-21
4.092335539e-22
3.018515409e-21
4.339201606e-24
1.080298643e-20
7.620647911e-22
1.245950921e-20
1.427341121e-21
8.29116618e-21
5.326241798e-21
4.873406707e-21
1.188743615e-20
7.011938481e-22
8.138808437e-21
6.344967392e-21
1.498055905e-22
9.773475692e-22
1.496424155e-21
1.869489909e-21
5.493924633e-22
4.003948701e-21
4.263449581e-21
1.204482183e-21
8.647629524e-21
2.843709362e-21
1.021673338e-20
4.014275725e-22
2.063083005e-23
1.940488675e-21
1.289067796e-20
2.28014346e-21
5.548442609e-21
1.046902782e-20
5.156283871e-21
9.052932788e-21
7.279095267e-22
3.873214063e-23
1.407827487e-21
5.766471039e-21
1.667828672e-22
2.577603597e-21
3.882289477e-21
6.949624975e-21
6.611274812e-21
6.658377638e-21
7.655964753e-22
1.148494549e-23
6.934946535e-21
2.322464825e-20
2.068387324e-21
2.900235461e-21
1.724180528e-21
8.233026045e-21
1.433432469e-22
6.672994767e-21
1.930509974e-21
6.599032838e-22
2.457080931e-21
1.795282571e-21
1.265525249e-22
2.837187854e-20
8.674224737e-21
5.170997552e-21
2.005038163e-21
1.092428375e-20
1.283819211e-20
1.095844155e-20
7.110424529e-22
3.44039611e-21
3.378976507e-21
2.607254066e-21
4.950801313e-21
5.769414041e-21
9.128109511e-21
3.494950079e-22
1.043400308e-20
3.792726049e-22
1.677764503e-21
5.357123658e-22
5.024483234e-21
1.224057624e-20
2.505851847e-21
1.025593681e-20
1.179079146e-20
4.8833294e-21
1.656969142e-21
5.038461985e-22
1.392005961e-21
2.312255483e-22
5.954383292e-21
5.835646194e-21
2.559046765e-21
7.9308435e-22
8.799614628e-23
5.080080698e-22
5.475420211e-21
1.579624916e-20
2.057911426e-20
1.028617146e-21
4.491891457e-21
7.662450395e-22
2.755798916e-21
2.349156946e-21
2.289238951e-20
1.622196097e-20
6.016408062e-21
4.008180929e-21
1.083233297e-20
9.420441362e-22
4.744031883e-21
5.173231759e-22
3.536654506e-22
3.045186521e-21
3.151130381e-21
1.145189751e-20
2.903833771e-21
3.720993641e-22
2.88365648e-22
8.02843743e-21
1.151324792e-20
5.447000157e-21
2.956469431e-21
1.745735054e-21
9.895380381e-21
6.743216133e-21
8.765934491e-21
3.85230491e-21
6.499812242e-22
1.808286304e-21
2.712234808e-21
1.753854347e-21
1.842563865e-21
1.09949843e-20
1.450668355e-21
3.309898576e-21
7.777472943e-22
2.933726861e-21
2.613154727e-21
1.601413458e-21
2.312516253e-22
2.581833233e-21
7.840299231e-21
1.684720881e-22
3.583048531e-21
1.565577048e-21
5.963124668e-21
7.721802738e-21
1.112431324e-21
1.565303108e-21
2.044986178e-21
8.10021731e-21
5.520776071e-21
3.91918815e-21
3.03632812e-22
2.615450568e-22
1.103308125e-20
1.030465791e-21
1.838637494e-21
2.579657037e-21
2.022542132e-20
1.278206179e-21
1.149745956e-21
1.324554369e-21
1.618601768e-21
2.670594935e-21
2.110926295e-21
1.332365426e-20
2.397996251e-21
7.160853904e-21
3.699020637e-21
3.615229547e-21
2.473051752e-21
5.701787682e-21
1.77605139e-21
8.406922975e-21
3.352094188e-21
4.020702471e-21
5.876350843e-21
3.083930469e-21
2.280113895e-20
6.656441145e-21
2.899259804e-21
1.074623351e-20
3.581783358e-21
1.70744583e-21
1.202977512e-20
4.210470742e-21
8.614964438e-21
6.014373742e-21
1.218804652e-21
4.142142472e-22
6.244714629e-22
1.47076238e-20
1.435548553e-21
2.385526887e-21
1.946358919e-21
3.985628786e-21
7.341077537e-21
3.977189239e-22
9.908246535e-21
1.290505693e-20
1.730942665e-21
8.150664256e-22
1.1662533e-21
9.857147056e-21
1.101520903e-21
5.961353772e-21
1.787843578e-20
1.984743292e-20
5.860717334e-22
1.096954086e-20
3.696155783e-21
2.558295305e-21
5.256815266e-21
1.005383284e-20
5.280219867e-22
5.463856801e-21
1.283691358e-20
4.972653402e-21
7.645669108e-22
8.181013686e-22
1.036287985e-20
3.038268262e-21
1.212836125e-21
5.664150551e-21
1.898696742e-21
6.486561661e-21
1.109409475e-21
9.815806455e-22
8.070090823e-21
1.245228463e-20
6.341293091e-21
8.489180531e-21
1.533506161e-21
2.626662173e-20
1.451630457e-20
1.940787443e-21
4.260870486e-21
1.592922882e-21
1.571120575e-21
1.307848166e-21
1.689211215e-21
5.384913596e-21
1.063468302e-21
4.264794687e-21
7.774029921e-21
2.867473053e-21
6.700428011e-21
4.875029215e-21
2.425847287e-21
9.560403181e-23
5.942291049e-21
1.798881629e-21
1.023283758e-20
2.987662059e-21
6.483457003e-21
1.985432998e-21
7.152033852e-21
1.10457792e-20
6.61874255e-21
4.153691108e-21
1.913882185e-21
7.623579641e-22
7.191847995e-23
4.681172257e-21
3.899509053e-21
6.5942961e-21
5.135674813e-21
1.074263011e-21
1.256191383e-20
2.589876153e-21
1.954964311e-20
8.766784222e-21
1.62250814e-21
3.712007096e-21
4.41150784e-21
7.063536977e-21
1.251783224e-20
7.174573719e-21
5.625120216e-21
7.189542125e-21
2.636945976e-21
4.641551254e-21
4.313566147e-21
2.099905242e-20
2.848764852e-22
3.913493334e-21
1.349966238e-20
1.253848933e-21
8.813614393e-23
9.793312786e-21
6.792585856e-22
3.022271376e-21
4.902158124e-21
7.083134057e-21
8.777165468e-22
9.358001048e-22
5.139694125e-22
2.931293592e-21
3.275137317e-22
3.805544795e-23
1.129145535e-20
2.922818195e-21
9.753388349e-21
3.087056367e-22
4.836197821e-21
4.34011014e-21
1.227085951e-20
1.838604435e-21
1.235035651e-20
1.99309386e-22
1.278805067e-21
6.289906316e-21
1.746961423e-20
1.309382156e-20
4.313794506e-21
5.538115618e-22
4.537286561e-24
1.483632368e-21
7.134252132e-21
1.007912681e-20
1.595497033e-21
1.100294707e-20
6.289401545e-21
7.620834436e-22
2.847531754e-20
3.502749964e-21
3.878283274e-21
9.227937716e-22
1.505609167e-21
1.072432278e-20
3.796127855e-21
3.796023178e-22
1.579204667e-22
7.026514182e-21
5.766379796e-21
3.002817049e-21
4.23061403e-21
7.026957601e-21
5.200385252e-22
1.62226116e-21
3.334016304e-22
1.641664195e-21
4.180351838e-21
6.20298249e-21
3.02581486e-22
7.971396851e-21
7.325468471e-22
7.596063689e-23
3.214643952e-21
4.508363015e-21
2.705571184e-21
7.378853776e-22
1.172951199e-21
5.548121948e-21
1.661845305e-21
6.819916476e-22
5.245585628e-21
8.549369398e-22
5.463441816e-21
1.732431747e-21
7.868020122e-21
4.516572572e-21
2.48864053e-21
3.893306096e-21
1.498090697e-21
3.779860162e-21
1.600200766e-20
1.772699086e-22
1.415621121e-21
1.346276005e-21
2.966071393e-21
1.304736019e-21
9.863739963e-21
1.118103142e-21
6.70970813e-21
2.806692028e-21
1.022571243e-21
1.139002336e-21
2.339096915e-21
2.634708222e-21
9.211761423e-21
3.225657521e-21
1.81308985e-20
9.578727337e-21
3.66487607e-21
1.260200766e-21
3.884366654e-21
2.13669746e-20
1.288312128e-21
1.64849086e-22
1.324539079e-21
6.43141986e-21
3.272141571e-21
2.948022421e-22
3.390607233e-21
8.365741327e-21
7.327916556e-22
2.105744796e-21
3.3570581e-21
2.72305224e-21
5.193576115e-21
8.190192367e-21
1.872704611e-21
2.97147262e-21
3.461850239e-21
5.716209564e-21
1.077228314e-20
2.079579083e-21
7.925766247e-21
5.459226552e-21
7.319730699e-22
7.723489465e-21
8.816806983e-21
7.402750078e-22
1.90182171e-21
3.011615784e-21
1.317164555e-21
5.92749533e-21
1.271773522e-21
2.72955053e-21
1.753655682e-22
1.062045392e-20
5.156781216e-22
6.525479482e-21
1.173986818e-21
1.095357288e-20
3.505194277e-21
2.423652168e-21
5.149986521e-21
2.226179362e-21
6.927740966e-21
2.028207023e-22
7.915848888e-21
1.659556535e-21
7.635031266e-21
1.556734332e-21
5.21812117e-22
8.202694601e-22
7.987824237e-21
1.376483105e-21
1.117413079e-21
4.775211079e-21
4.371365224e-21
4.81511817e-22
3.170405138e-21
5.758454765e-23
4.652149376e-21
6.374491175e-21
3.65143686e-21
2.127884661e-22
1.107099655e-20
2.806907535e-21
1.42574382e-20
1.354004972e-20
4.72274335e-21
9.816415427e-21
1.638044677e-20
4.212925753e-21
2.142289846e-20
4.27376829e-21
3.876542348e-21
5.874663798e-21
9.118577508e-22
1.060459978e-20
5.972325747e-21
9.997259693e-21
2.922185764e-21
5.899894019e-21
5.768392093e-21
1.247202003e-20
2.785182469e-21
2.686921266e-21
2.356916566e-22
3.0741221e-20
4.392575017e-22
4.594860589e-21
3.389253183e-21
2.306844904e-21
8.729918907e-21
1.212912082e-21
2.102360716e-20
2.806930474e-21
1.642359266e-21
1.932560732e-20
8.652203277e-23
2.229663452e-21
4.503411726e-21
2.058284496e-21
1.710360163e-21
1.195770879e-22
1.010534337e-20
2.611424597e-21
3.538517058e-21
6.791418885e-22
1.20453451e-21
3.324813695e-21
8.29380344e-22
4.373623398e-21
1.254968933e-20
1.581932161e-20
1.495053449e-21
4.703949496e-21
1.697344245e-21
1.371856955e-21
2.261041753e-21
7.062167538e-22
6.266984052e-21
9.513581694e-21
4.410986878e-21
4.199316051e-22
6.758255406e-21
7.004447207e-21
3.941019543e-21
9.691065887e-21
9.217710493e-22
2.256902202e-21
1.501421752e-21
7.288006567e-22
6.796676754e-21
5.247333601e-21
3.363739224e-21
2.847152213e-21
1.828149014e-20
6.290257962e-21
5.594800378e-21
8.804857082e-21
6.768366459e-21
2.306654313e-21
1.20546374e-20
5.583087587e-21
7.679862307e-21
3.17894319e-21
4.513329021e-21
2.185009674e-20
1.301887675e-20
1.801531844e-21
5.556164547e-21
4.013954817e-22
4.147443535e-21
2.204150821e-21
2.969195565e-21
3.502619422e-21
7.68730484e-21
1.927769849e-20
4.396590936e-21
5.034150467e-21
1.30091944e-20
3.629884919e-24
9.788580247e-22
8.928492245e-22
4.559497261e-22
5.610315081e-21
1.05591341e-21
3.073321448e-21
1.135963673e-20
1.456536471e-21
2.628369185e-22
1.784063195e-20
7.102863466e-21
5.18493883e-21
6.586891885e-21
1.411018339e-21
7.824381766e-22
1.862155963e-21
3.056885764e-21
7.640897586e-22
3.476128457e-21
2.663957111e-21
1.558117613e-21
1.625755927e-21
6.883571833e-21
1.885778761e-21
5.776139384e-21
1.500608314e-20
7.709989525e-21
1.505935379e-22
3.753502903e-22
5.0443411e-21
4.201862232e-21
3.415174054e-21
6.22629151e-22
3.134802444e-21
4.824449519e-21
7.226933094e-21
1.163458159e-21
9.14021152e-22
7.320010115e-21
1.648764973e-21
5.832254607e-22
1.736891313e-21
4.138709805e-21
7.927873955e-21
3.762531295e-21
1.098358141e-20
3.838723747e-21
7.943266154e-21
3.411136568e-21
1.278231119e-21
4.579829393e-21
4.817927288e-22
3.915490029e-21
2.122048414e-21
3.421695095e-21
1.196901263e-20
5.567976664e-22
6.306004078e-22
5.385958255e-21
3.400531934e-21
6.687620566e-22
1.240495618e-21
2.790748705e-22
4.062137363e-22
7.180313269e-22
1.525161659e-21
4.860872752e-22
1.267142421e-21
1.023729607e-21
5.438929685e-21
1.343087248e-21
5.315474189e-21
6.89727164e-21
7.120383184e-22
4.782521541e-21
9.607711938e-21
5.254849575e-22
7.739841725e-22
1.199546908e-22
5.061241335e-21
2.460418382e-21
9.279625188e-22
5.946921676e-21
4.032153269e-22
5.635787882e-21
1.724034749e-21
1.038096109e-21
7.610252692e-21
3.09889294e-21
2.747328495e-24
3.906343115e-21
6.970712069e-21
7.344075599e-21
9.797907038e-21
1.158461055e-20
1.361166033e-21
6.825861735e-21
5.458166008e-21
7.369543841e-22
9.811804878e-21
3.208382518e-21
5.56848163e-21
9.578915273e-22
1.743059754e-20
1.018495886e-20
8.874234861e-21
5.528118671e-21
1.385798417e-20
1.726978452e-21
1.637060418e-21
2.378276352e-21
5.318891914e-22
5.761803931e-22
3.152252358e-21
2.376008307e-21
1.250996049e-21
1.98402071e-21
4.900558742e-21
2.946281882e-22
1.657457599e-21
8.199195467e-22
1.393254308e-21
1.856164993e-20
1.47898723e-20
2.84644352e-21
5.168020347e-21
7.459154955e-21
8.519083487e-22
9.941723013e-23
4.55679015e-22
6.864813727e-22
3.102477437e-21
7.161422532e-21
1.359179116e-21
6.795227809e-21
2.776939595e-21
3.918521103e-21
4.5245865e-21
8.137557438e-22
7.257191231e-21
8.094867963e-21
1.980320502e-21
4.501462257e-22
7.628465522e-22
9.222714888e-22
1.049046953e-21
3.31941088e-21
1.815919886e-21
1.591349544e-21
3.888681691e-21
2.910561008e-22
5.471074828e-21
9.359510927e-21
1.723751193e-21
2.978916906e-21
3.221930809e-21
1.238643412e-20
2.420203621e-21
3.428292413e-21
4.047495087e-21
1.585365841e-21
3.289851237e-22
1.080843882e-20
5.222952933e-21
9.047561675e-21
1.3433115e-20
2.286474076e-22
1.914193487e-21
4.183029259e-21
1.103612559e-20
8.527817638e-22
8.61239424e-21
1.113848324e-20
6.686575503e-21
1.049040777e-20
1.2871772e-20
2.418413256e-21
2.946328651e-21
3.75706659e-21
3.167444246e-21
1.791255098e-22
3.126159698e-21
5.102840443e-21
2.117780541e-22
8.36750717e-22
9.032280526e-21
6.347463634e-22
3.910337066e-21
1.958219938e-20
1.210838127e-20
1.351481253e-21
1.159438956e-20
8.90713559e-21
4.399370855e-21
4.038362506e-21
2.616907341e-22
4.346246721e-22
3.678032331e-21
3.412829382e-21
1.222001836e-20
4.031571195e-21
1.311903619e-20
3.60702461e-21
8.399916761e-22
1.585088675e-21
1.727440459e-20
2.125223624e-21
2.467608925e-21
4.252693542e-21
7.967376405e-21
5.792952715e-23
1.471202843e-21
6.136492611e-21
1.124899155e-20
4.720563038e-21
2.322416286e-21
1.889814752e-20
4.286609843e-21
2.309053892e-22
5.160940621e-21
1.293217771e-21
1.295805718e-21
1.80829808e-21
7.156221933e-21
1.488940935e-20
6.639266919e-21
2.99719166e-21
1.0965356e-20
4.864678675e-21
3.732025684e-21
1.267035094e-21
1.306577787e-21
8.668911551e-21
5.13551192e-21
1.257093497e-21
6.725113587e-22
6.736608888e-21
3.292784645e-21
4.987366768e-21
9.448210618e-22
2.721017806e-21
6.206968513e-22
4.418183452e-22
2.470224586e-21
6.182657755e-21
2.210210626e-20
7.057905962e-21
6.596507213e-21
1.091907896e-20
5.439065591e-21
1.157912997e-20
7.487629827e-21
1.153683864e-20
7.385234658e-21
6.555904793e-21
8.225597221e-22
1.902304775e-22
8.433598086e-21
2.153494279e-21
6.690125383e-24
5.888768274e-21
5.408879107e-21
4.228842179e-21
4.493130079e-21
3.439344305e-21
6.401276898e-21
9.879887473e-21
1.912747365e-21
7.904646864e-21
6.273586907e-22
1.54850074e-21
3.249677073e-21
6.757588432e-21
7.674263572e-22
4.947813521e-21
5.245610093e-21
7.5919358e-21
1.765575194e-20
4.533400303e-22
7.91787042e-22
3.566195132e-21
5.107853129e-23
6.905769648e-21
2.672367695e-21
4.088674451e-21
8.053506127e-21
2.438642392e-21
5.101967015e-21
1.025150933e-20
1.458879402e-21
3.041629349e-21
3.752939823e-21
3.515116894e-21
7.877917913e-21
2.621093876e-21
1.980637776e-21
5.98994534e-22
1.033591263e-20
3.226360061e-21
9.732924916e-21
7.848860087e-22
7.337658401e-22
2.412176861e-21
5.290942482e-21
9.532907262e-22
1.035078278e-20
8.556685122e-21
5.072971681e-22
4.819334646e-21
7.553042755e-22
7.837042086e-21
6.067915138e-22
1.543677621e-21
8.309940742e-22
7.208448563e-21
1.453149643e-20
6.480836417e-22
4.735880107e-21
7.879675144e-22
3.688188065e-21
1.410300406e-20
4.013018915e-22
3.804068574e-21
5.290683501e-21
1.203890294e-22
1.042335165e-21
2.08778266e-21
3.857850603e-22
4.042956516e-21
5.80070244e-21
3.419591105e-22
9.159070745e-21
1.124981202e-21
4.186321944e-21
9.498035312e-22
7.33024356e-21
6.942405273e-21
7.561410657e-21
6.392742571e-21
5.412485402e-21
1.251592281e-20
6.638253362e-23
3.633690477e-21
7.534207304e-22
5.598117813e-21
3.322644702e-21
6.931256173e-23
7.664450287e-21
5.943977788e-21
8.223893401e-21
1.318459605e-21
4.403526384e-21
7.544804761e-21
3.144796475e-21
1.051795732e-20
3.75861802e-21
3.615181066e-22
2.561922978e-21
5.569851339e-21
6.162651962e-22
3.155712399e-22
8.298130582e-22
3.845749038e-21
9.956585116e-21
8.84519607e-21
9.491897431e-21
4.055702143e-21
4.525029322e-21
1.267166372e-21
4.533132465e-21
2.507267749e-22
1.110728616e-20
2.52867143e-21
2.635218102e-21
3.533911699e-21
1.195441576e-21
5.478384328e-21
1.450896338e-22
1.111431422e-20
2.03679497e-21
3.394986488e-21
4.239261281e-21
5.280314107e-21
6.883981814e-21
7.005626973e-22
6.311431142e-22
8.539800057e-22
5.15316306e-21
6.467631017e-21
6.977047467e-21
1.120865409e-21
2.890858491e-21
4.004334633e-21
5.596465917e-21
1.506726658e-20
1.263834489e-20
3.188748823e-21
1.895924526e-21
4.838431507e-22
1.50873168e-20
2.57337868e-21
1.748406565e-23
9.101313459e-22
1.963380526e-21
3.746297021e-21
1.062740273e-20
2.941783748e-21
5.832647351e-21
4.600516618e-21
3.894686154e-22
3.23305198e-21
2.797166251e-21
6.442870534e-24
1.844999103e-21
4.863160174e-21
5.226766285e-21
4.643505845e-22
2.746782879e-21
3.702809141e-21
1.589667617e-20
1.596120458e-21
1.609692733e-21
2.490041903e-21
5.766269043e-21
1.816618148e-20
4.043485882e-21
3.083968194e-21
2.505911403e-21
1.680274691e-21
4.368345055e-21
1.256256035e-21
2.943656785e-21
1.051406729e-22
5.339679893e-21
5.987188908e-21
1.915357243e-21
3.321254563e-21
8.809163761e-22
1.14416996e-20
7.155205234e-21
1.304000619e-21
3.169162229e-21
7.405245685e-21
2.690692549e-20
1.35856692e-20
6.752639212e-21
5.309342097e-21
5.44333668e-21
8.101729164e-21
2.294600396e-21
3.759971832e-21
2.796367027e-21
9.89176541e-23
1.932633547e-22
3.837796621e-21
1.191455391e-21
1.021039468e-20
2.098802788e-21
3.396163054e-21
4.85640039e-21
2.922781818e-21
1.001408889e-20
2.443260932e-22
2.404164718e-21
1.16117917e-20
9.236004082e-22
9.040882233e-22
1.17930008e-20
1.064425403e-21
1.104584094e-21
4.591739776e-21
9.365643853e-21
2.510704476e-21
1.427457865e-20
6.718806671e-21
3.483572465e-21
1.180328294e-20
6.099406079e-21
2.311203884e-21
2.695187757e-21
7.397053667e-22
1.599578586e-21
8.829398483e-21
3.454051071e-21
2.536364566e-21
5.74967134e-21
1.165893648e-21
3.062351941e-22
2.061230493e-21
3.752683525e-21
4.674075262e-22
2.032600156e-20
5.427067928e-21
1.203362588e-21
6.926120251e-22
7.107394766e-21
6.915345815e-22
2.872425926e-21
1.105590666e-21
3.598833613e-21
2.708391645e-20
1.413495841e-20
1.427702364e-21
5.640543786e-21
6.609561544e-22
3.936718918e-21
1.482205274e-20
7.41711825e-21
7.658503223e-21
2.353298547e-21
2.143985458e-22
1.691960445e-20
1.12362191e-21
1.650012787e-21
8.886008122e-22
5.713507465e-21
1.60303295e-21
3.822299852e-21
2.639026387e-20
4.327935612e-21
4.58306193e-21
1.187248564e-20
1.922038993e-20
1.068353139e-20
2.764769318e-21
3.980086005e-21
3.264628371e-22
9.838226636e-22
8.160616543e-21
7.05950821e-21
1.454347479e-20
5.096631842e-21
9.444005157e-22
3.117583445e-21
1.543536402e-21
1.501233141e-20
3.912286098e-21
6.019604671e-21
6.633147256e-21
1.719980015e-21
2.844579446e-22
1.042447892e-21
2.221091014e-21
6.079283141e-22
7.674119906e-21
1.027423846e-20
4.569062888e-21
3.890931623e-21
5.803502062e-21
9.981886112e-21
1.253071618e-20
9.485448436e-22
9.113815178e-22
9.386733938e-21
9.545516784e-21
5.818804151e-21
7.333282991e-22
1.095926394e-21
3.345125341e-21
1.357977671e-21
2.950855115e-21
1.251393624e-22
2.035518101e-21
5.699587161e-21
5.271771271e-22
3.068435316e-20
1.407111575e-21
1.571898589e-21
1.990883264e-21
8.640101562e-22
1.522078189e-21
2.758077452e-21
9.014430503e-23
8.659238109e-21
3.317723202e-21
3.328682466e-21
1.543218265e-21
3.580710647e-21
4.322460127e-21
1.189953575e-21
3.881788861e-21
2.189660431e-22
2.728722399e-21
6.978337349e-21
3.651629182e-21
3.20401771e-21
1.507379201e-20
4.264340042e-21
2.513071896e-21
4.444344033e-21
1.354421425e-20
1.500972033e-20
4.219537423e-21
2.32796536e-21
1.080449094e-22
5.658894599e-22
1.267930491e-21
1.626592823e-21
8.313554945e-22
1.062962031e-20
1.407251464e-21
1.42567021e-20
2.302139832e-21
3.666225856e-21
6.108523804e-21
2.294141554e-21
9.779036458e-22
5.023663057e-21
1.319186819e-20
3.010254427e-21
4.858582264e-22
2.007540587e-21
2.673103781e-21
5.304952971e-22
4.383258732e-22
2.313494675e-21
9.271933887e-21
9.648978053e-21
6.201422893e-21
4.20028099e-21
9.019969819e-21
5.195108749e-22
1.071424732e-20
3.414335005e-21
7.89422513e-24
1.801360145e-21
9.900432734e-21
5.895760389e-22
1.572134342e-20
7.22087759e-21
6.474220874e-21
1.377097826e-22
1.205409279e-20
9.131144024e-22
1.146745448e-20
4.471449271e-21
8.68085046e-22
1.557912031e-21
1.34361171e-22
5.228998469e-21
6.08115718e-21
3.031514288e-21
1.111075115e-20
9.544494036e-21
3.163910354e-21
2.197893979e-21
6.890330774e-21
1.557570007e-20
7.362922919e-21
3.711364737e-22
1.521411004e-21
2.084545733e-21
1.507719062e-21
3.903743994e-22
2.836957347e-22
9.672765162e-21
1.06360577e-20
2.833502902e-21
2.979874531e-22
4.576901353e-21
9.080535207e-21
7.6358495e-23
6.207084956e-21
2.952194456e-21
4.37590367e-21
2.89631059e-21
2.093402158e-20
1.052230174e-20
3.429881067e-22
5.674943979e-21
1.617097736e-21
3.157229205e-21
4.586359189e-22
1.66071189e-22
1.531676917e-21
1.736307438e-20
7.306417036e-21
4.936691941e-21
3.529837619e-21
9.238638005e-21
1.901606762e-21
1.709693126e-21
9.084936672e-21
5.317451409e-21
7.982805637e-22
5.942000379e-21
3.709906967e-21
1.184710889e-23
1.349298694e-21
4.511782785e-21
1.121273995e-20
2.114743343e-21
1.574530905e-22
4.624008003e-21
6.531469518e-22
1.25545255e-21
3.228180296e-21
1.063288846e-20
1.398542507e-21
1.056788144e-21
6.802964836e-21
1.214100033e-20
1.408525605e-20
2.125489621e-21
7.624226869e-21
3.863578846e-21
1.341340569e-20
2.360640523e-22
1.123659592e-21
4.121631013e-22
3.778178758e-21
8.330273987e-21
2.678903152e-21
1.235829061e-21
2.973926414e-22
3.642726252e-21
5.737096256e-21
2.133823421e-21
7.37555501e-22
2.826085912e-21
2.323408411e-21
3.760663792e-21
2.311217353e-21
4.344219032e-21
1.889331083e-21
9.873890942e-22
9.9466796e-21
7.102267307e-21
7.677197122e-22
1.607165577e-21
7.439189339e-21
2.425915628e-21
1.961380475e-21
2.663753861e-20
7.274160193e-21
7.651200185e-21
5.672437431e-22
2.277997218e-21
1.022245281e-20
4.951091664e-21
2.93431784e-21
5.578409077e-22
4.549701108e-21
9.830573005e-21
3.943028735e-21
2.009005341e-21
2.901104513e-21
3.648408736e-22
1.281604256e-21
4.104919525e-21
7.685978817e-22
1.995593608e-21
1.469401668e-20
1.058259454e-21
7.055147145e-21
8.916677619e-23
8.609358245e-22
2.663195097e-21
1.476092529e-21
5.753209283e-21
1.062437498e-20
5.970061694e-21
6.035759162e-21
6.979661766e-21
1.008535399e-20
8.194551183e-22
1.185123611e-21
1.212735953e-20
2.111472824e-20
3.249314164e-21
1.357401615e-21
3.5774866e-21
1.450915242e-20
8.358090486e-22
1.051004518e-21
9.548836233e-22
9.636717916e-22
4.841650596e-22
8.604913105e-21
2.970995979e-21
7.659308459e-22
9.916396516e-22
8.520892929e-21
3.794603167e-21
5.110807202e-21
1.468507796e-21
1.016999791e-20
1.616214995e-20
7.648222064e-21
1.910560001e-22
1.501994718e-20
1.114545683e-21
4.641896989e-22
1.05769405e-21
3.214320139e-21
3.682210335e-21
2.182952158e-21
1.426756433e-20
2.083276885e-21
3.843848394e-21
7.625206201e-21
3.122930594e-21
8.934840853e-22
3.002355983e-20
4.646965967e-21
7.009851975e-21
3.869486678e-21
2.521028082e-21
1.511885648e-20
6.668572613e-21
4.028897545e-21
4.398800204e-21
6.933958546e-22
2.385199804e-21
4.411261202e-21
6.943399964e-23
2.796860088e-22
3.068835372e-21
4.509057015e-21
8.358443507e-21
2.440308976e-21
1.523364624e-21
2.92456269e-21
1.710571037e-22
5.950899098e-21
1.638482875e-21
2.544200665e-21
2.880130413e-22
1.596241449e-21
1.607303163e-21
3.629515297e-21
6.568733797e-21
2.004990875e-21
7.362568105e-21
1.079789214e-20
3.752854366e-21
2.145010448e-21
4.437943119e-22
3.730601769e-21
1.510556056e-21
4.033950981e-22
5.550746217e-21
1.324634235e-20
1.198583614e-20
1.174513222e-21
8.265900009e-22
1.628405914e-20
8.985483375e-23
3.327931047e-21
3.699622678e-21
8.545343139e-21
2.868375611e-20
3.256210569e-21
1.311985739e-21
1.028351572e-21
6.168862156e-21
7.338536664e-21
1.000406778e-20
1.690133263e-21
3.504820426e-21
1.017088919e-21
7.420135004e-21
5.471425469e-21
1.630613022e-21
3.97544352e-21
1.683464827e-21
4.369152303e-21
5.649544355e-21
1.040704668e-20
6.290586486e-21
4.824877621e-21
2.994677113e-21
2.324301409e-20
2.03321497e-21
9.690327682e-22
6.070203716e-21
8.476850665e-22
3.162280309e-21
2.058493023e-21
3.406210271e-22
5.909628926e-21
2.883294731e-21
1.843366847e-21
3.7400581e-21
2.613732558e-21
2.340903636e-21
5.043401795e-21
6.891121098e-21
4.006216108e-21
8.234815851e-22
1.27237204e-21
2.688960798e-21
4.151117118e-21
6.128696465e-21
4.984738348e-21
3.912314217e-21
7.421656395e-21
7.65640077e-22
2.673208581e-21
3.196547251e-21
1.416428529e-21
2.177000115e-21
9.245171849e-23
1.657169635e-20
8.10732928e-21
2.175256891e-23
1.925040626e-21
1.481542871e-21
1.061066637e-21
1.550914541e-20
4.196910384e-21
1.089563161e-20
4.130945453e-21
6.397691224e-21
4.097763936e-21
4.192672698e-21
3.753079826e-21
8.596835161e-21
1.735650144e-20
1.965777037e-21
1.248435906e-21
1.606691756e-21
1.909161462e-21
9.892273109e-22
7.800928967e-21
8.095267122e-22
1.141262018e-20
8.039727494e-22
2.410678561e-22
4.763212549e-22
7.59622482e-21
2.12920894e-21
8.536341891e-21
3.127261576e-21
4.696719892e-21
7.433778915e-21
3.857538078e-21
1.248380721e-21
5.29612083e-21
1.395706312e-22
7.824382791e-22
5.888442798e-21
2.290123706e-21
6.828503949e-21
6.015593931e-21
1.52753042e-21
1.098705224e-21
9.811716888e-21
6.944563421e-21
9.917425331e-21
1.234705481e-20
8.271921389e-22
1.098751187e-21
3.105960955e-21
4.481042392e-22
3.680745359e-21
2.950569104e-22
2.614325433e-21
1.500347274e-21
1.576399491e-21
5.377731985e-21
1.416737854e-21
1.941780755e-22
1.985829115e-20
3.727184708e-21
7.483641443e-22
1.475780383e-21
4.894491966e-21
3.613177862e-22
1.942381742e-20
2.757577997e-21
1.851548736e-20
5.742247072e-21
1.005301031e-20
4.861837995e-21
7.631551362e-21
2.683308826e-21
6.272599835e-21
3.982875672e-21
1.404037746e-20
1.760844777e-21
7.897525545e-21
1.965728159e-21
3.125020498e-21
1.493257548e-20
6.484406554e-21
2.166536648e-21
5.060134138e-22
8.599547546e-21
4.111635017e-21
3.954351321e-21
8.882572807e-21
4.271404764e-21
3.187954918e-22
1.821748197e-21
1.382305203e-21
6.145754539e-21
1.248666762e-21
1.503234487e-20
1.036808393e-20
6.275803484e-21
6.970867066e-21
4.251566437e-21
4.669819464e-21
9.424701707e-22
8.105847107e-21
1.25068495e-20
2.690727523e-21
3.483850788e-22
7.995335022e-22
4.382214685e-21
4.431323388e-21
1.654081012e-21
7.162104934e-21
9.483915132e-21
3.135049352e-21
1.045319762e-20
1.09094923e-20
1.850778469e-21
6.560011613e-21
6.206686406e-21
2.475114909e-21
1.282017747e-21
6.998944758e-21
5.551450186e-22
4.096039544e-21
1.545475399e-21
5.51499592e-21
6.949477911e-21
5.525980092e-21
1.488037963e-21
7.061095004e-22
1.110253206e-20
1.536933373e-21
3.637514776e-21
1.455196737e-21
6.801142321e-21
2.529652489e-21
8.014465467e-22
9.438265134e-21
3.431116171e-22
5.208902468e-22
5.695081147e-21
9.394794625e-22
3.632229444e-22
4.498928348e-21
3.458763862e-21
1.052633594e-20
9.565340924e-21
5.55353389e-22
3.806907903e-21
1.435371962e-20
1.420837608e-21
7.032262349e-22
5.125823017e-21
3.076963952e-21
2.866405609e-21
1.801205648e-22
3.268343678e-21
2.151794545e-21
5.902643105e-21
1.815856261e-20
9.608080738e-21
2.779937272e-21
7.602368992e-21
1.531822542e-20
8.967351207e-22
9.027978451e-22
7.825345036e-21
6.992667581e-21
2.661932137e-21
1.16508573e-22
1.3147418e-20
9.567463995e-21
5.236907141e-22
8.099561606e-22
1.767736343e-22
4.307684603e-21
1.459327935e-21
6.327263431e-22
7.023391756e-21
1.981732851e-21
1.802474484e-21
1.181003357e-20
1.226272812e-20
8.140633627e-21
6.07285014e-21
1.10420265e-21
1.440040595e-21
1.291374017e-21
1.574774977e-20
7.339080733e-22
2.223511524e-21
4.632234199e-21
4.736936917e-21
2.655768726e-21
1.171149568e-20
1.801314694e-21
1.036685073e-20
1.744871298e-21
4.308302607e-21
9.166449776e-22
1.073078378e-21
4.639523024e-22
1.322798606e-21
8.045849631e-22
6.257525488e-21
1.376979899e-21
5.346306563e-21
2.90696834e-22
1.612845891e-21
1.47207559e-21
6.950694976e-21
7.045767767e-21
8.284762749e-22
1.682781489e-21
5.890295989e-22
3.161739617e-21
1.094328035e-21
7.106743666e-21
4.743190507e-21
2.269114801e-21
4.021309152e-21
2.618292853e-21
1.597031855e-21
3.538774324e-21
7.467944369e-21
2.520250873e-21
5.250345691e-21
3.520673616e-21
1.029850529e-21
8.094911656e-21
5.337801477e-21
5.236179078e-22
2.06717708e-20
2.34049322e-20
2.987219492e-22
1.009567292e-21
2.40276203e-21
3.150940834e-21
8.08088484e-21
1.25159845e-20
4.07757605e-21
7.165810027e-21
2.575704664e-21
5.720321948e-21
6.104788029e-21
3.936436357e-21
1.302401479e-21
1.581372735e-21
1.2265697e-21
3.106203867e-21
8.200169459e-22
2.802012e-21
5.764839208e-21
6.834427705e-22
1.524351535e-22
7.231270531e-21
1.645576218e-21
6.350317264e-22
6.776145317e-21
7.223299043e-21
1.469953139e-20
2.051451373e-21
1.952748542e-21
7.564286926e-22
3.549106783e-21
2.869301608e-21
1.286262059e-20
2.571605582e-20
2.530680343e-20
1.56032084e-21
1.87157938e-21
3.792170522e-21
1.136839081e-20
1.062063288e-21
5.337623014e-21
5.399326611e-21
8.853654242e-22
2.86945083e-21
1.375021993e-21
8.661297718e-22
2.763015126e-21
1.679408423e-21
8.992044928e-21
3.815943793e-21
8.961514507e-21
3.686338233e-21
2.266316187e-21
6.772787761e-22
1.693701233e-21
1.878466675e-21
2.168449349e-21
6.330385141e-24
2.52760933e-21
4.957460195e-22
3.878307464e-21
5.316682801e-22
1.118159451e-20
1.337295573e-20
2.520037819e-21
4.500228086e-21
3.998698424e-21
3.462792988e-21
1.223467411e-21
3.472089767e-21
6.512216538e-22
8.501069522e-21
3.039507291e-21
3.60898636e-21
2.33011088e-21
1.406682323e-21
3.948809306e-21
1.331630915e-20
2.946328691e-21
1.404072637e-20
8.802186812e-21
4.344316218e-21
9.924974731e-22
1.358191942e-21
6.133990028e-21
3.060325178e-21
7.818999929e-21
1.095508355e-22
3.82065801e-21
1.108083341e-20
1.984002887e-21
3.949434592e-21
2.93630741e-21
3.394067413e-21
2.454787264e-21
4.644232665e-21
2.688725909e-21
1.399844948e-21
3.609304674e-22
2.266297065e-21
4.010066928e-22
8.387955779e-22
2.025387895e-20
3.270100874e-21
1.21307237e-20
1.508572697e-20
1.550303774e-20
1.115872591e-21
7.035842404e-21
1.706414206e-22
1.080660389e-20
8.640408497e-21
1.190566569e-20
3.535243801e-21
1.099326289e-21
6.698313505e-21
7.616816883e-21
1.096840889e-20
8.433260891e-22
5.223431854e-21
7.446466287e-22
3.350378683e-24
1.512221902e-21
6.422594467e-21
9.996274181e-22
7.376788444e-22
4.797594663e-22
1.430967135e-21
4.221666504e-21
2.644446876e-21
3.05101313e-20
5.630873731e-21
1.325591582e-21
5.668110364e-21
5.200259738e-21
4.162159601e-21
4.013489758e-21
1.698861009e-20
7.61706495e-22
3.06680992e-23
2.966530141e-21
1.36444447e-21
4.040856782e-21
5.282963294e-21
2.883797125e-21
1.456722996e-20
1.975852843e-20
1.384975995e-20
3.505136172e-21
4.027672243e-21
1.276524806e-20
3.049549367e-21
4.290954084e-21
4.289249252e-21
3.628932536e-21
)


// ************************************************************************* //
