/*--------------------------------*- C++ -*----------------------------------*\
  =========                 |
  \\      /  F ield         | OpenFOAM: The Open Source CFD Toolbox
   \\    /   O peration     | Website:  https://openfoam.org
    \\  /    A nd           | Version:  7
     \\/     M anipulation  |
\*---------------------------------------------------------------------------*/
FoamFile
{
    version     2.0;
    format      ascii;
    class       volVectorField;
    location    "0.45";
    object      U;
}
// * * * * * * * * * * * * * * * * * * * * * * * * * * * * * * * * * * * * * //

dimensions      [0 1 -1 0 0 0 0];

internalField   nonuniform List<vector> 
2268
(
(-0.0486635 0.0184094 0)
(-0.0809949 0.00587009 0)
(-0.0698013 -0.00831026 0)
(-0.0349087 -0.0136866 0)
(0.00812877 -0.0147781 0)
(0.0529449 -0.0146426 0)
(0.0965607 -0.0138902 0)
(0.137933 -0.0129687 0)
(0.176644 -0.0120229 0)
(0.212502 -0.0110536 0)
(0.245271 -0.0100091 0)
(0.274503 -0.00880321 0)
(0.299409 -0.00730703 0)
(0.318692 -0.00529723 0)
(0.330406 -0.00225313 0)
(0.330653 0.00251425 0)
(0.312996 0.00977221 0)
(0.271913 0.0192898 0)
(0.203408 0.0294935 0)
(0.101431 0.0371684 0)
(-0.0171152 0.0388533 0)
(-0.169845 0.00266738 0)
(-0.085763 -0.0585079 0)
(-0.0466087 0.0408182 0)
(-0.0441512 0.00780423 0)
(-0.024151 -0.0173028 0)
(0.0100686 -0.0283323 0)
(0.0503325 -0.0318377 0)
(0.0920106 -0.0320005 0)
(0.132675 -0.0307253 0)
(0.17132 -0.0289388 0)
(0.207521 -0.0269575 0)
(0.241021 -0.0248122 0)
(0.271512 -0.0224029 0)
(0.298504 -0.0195398 0)
(0.321221 -0.0159332 0)
(0.338511 -0.0111351 0)
(0.348649 -0.00437895 0)
(0.350275 0.00538935 0)
(0.34112 0.019244 0)
(0.31627 0.0373797 0)
(0.270406 0.0586118 0)
(0.193217 0.0783022 0)
(0.096966 0.0870447 0)
(-0.0477808 0.0460224 0)
(-0.0141723 -0.0886232 0)
(-0.0277957 0.0551562 0)
(-0.0140307 0.000976327 0)
(0.00914099 -0.0308151 0)
(0.0429545 -0.0451077 0)
(0.0808044 -0.0498351 0)
(0.119381 -0.0499153 0)
(0.156874 -0.0479535 0)
(0.192509 -0.0452049 0)
(0.225924 -0.0421143 0)
(0.25684 -0.0387238 0)
(0.284915 -0.0348789 0)
(0.309641 -0.030292 0)
(0.330269 -0.0245373 0)
(0.345745 -0.0170032 0)
(0.354614 -0.00685834 0)
(0.355357 0.00707878 0)
(0.346427 0.026143 0)
(0.325586 0.0512077 0)
(0.290891 0.0816144 0)
(0.236924 0.111862 0)
(0.170172 0.128078 0)
(0.0584093 0.0815994 0)
(0.0446123 -0.0806952 0)
(-0.00796338 0.0602992 0)
(0.0112597 -0.00781371 0)
(0.0378073 -0.0447958 0)
(0.0716925 -0.0617022 0)
(0.107513 -0.0671959 0)
(0.143113 -0.0670068 0)
(0.177424 -0.0643209 0)
(0.210011 -0.0606455 0)
(0.240618 -0.0564984 0)
(0.268972 -0.0519082 0)
(0.294705 -0.0466636 0)
(0.317301 -0.0403889 0)
(0.33605 -0.0325405 0)
(0.349994 -0.0223703 0)
(0.357895 -0.00892719 0)
(0.35842 0.00900244 0)
(0.350388 0.0327488 0)
(0.332661 0.0632177 0)
(0.30487 0.0998304 0)
(0.264785 0.137105 0)
(0.215599 0.160078 0)
(0.129782 0.117553 0)
(0.0875288 -0.0439014 0)
(0.00754918 0.0540326 0)
(0.0329345 -0.0187807 0)
(0.063751 -0.059775 0)
(0.0981366 -0.0780537 0)
(0.132118 -0.0836047 0)
(0.164776 -0.0828734 0)
(0.195888 -0.0794382 0)
(0.225417 -0.0749186 0)
(0.253237 -0.0698231 0)
(0.279079 -0.064135 0)
(0.302553 -0.0575836 0)
(0.323148 -0.0497187 0)
(0.340198 -0.0399024 0)
(0.352848 -0.0272811 0)
(0.360047 -0.0108228 0)
(0.360698 0.0106683 0)
(0.35393 0.0384141 0)
(0.33919 0.0731359 0)
(0.316808 0.114084 0)
(0.286069 0.156094 0)
(0.247683 0.18525 0)
(0.179274 0.154733 0)
(0.117667 0.0134886 0)
(0.0171821 0.0401396 0)
(0.0511918 -0.0334558 0)
(0.0876749 -0.0760274 0)
(0.122911 -0.0941162 0)
(0.154974 -0.0988401 0)
(0.184584 -0.0972436 0)
(0.212467 -0.0930493 0)
(0.238974 -0.0878003 0)
(0.264076 -0.0818982 0)
(0.287493 -0.0752478 0)
(0.308815 -0.0675204 0)
(0.327535 -0.0582077 0)
(0.343046 -0.0466023 0)
(0.3546 -0.0317727 0)
(0.361316 -0.0126402 0)
(0.362319 0.0119416 0)
(0.356995 0.0430312 0)
(0.345144 0.0810972 0)
(0.327443 0.125181 0)
(0.303956 0.170669 0)
(0.273525 0.205825 0)
(0.218298 0.192497 0)
(0.144247 0.0886149 0)
(0.0224728 0.0212363 0)
(0.0670457 -0.05226 0)
(0.110392 -0.0937709 0)
(0.146354 -0.109814 0)
(0.176026 -0.112762 0)
(0.202354 -0.110035 0)
(0.226999 -0.105134 0)
(0.250584 -0.0993034 0)
(0.273098 -0.0927479 0)
(0.294219 -0.0852746 0)
(0.313509 -0.0765065 0)
(0.330477 -0.0658988 0)
(0.344587 -0.0526997 0)
(0.355207 -0.035921 0)
(0.361612 -0.0144608 0)
(0.363128 0.0127585 0)
(0.359347 0.046615 0)
(0.3503 0.0873036 0)
(0.336886 0.133649 0)
(0.319716 0.181704 0)
(0.296636 0.222454 0)
(0.254601 0.229488 0)
(0.172018 0.176078 0)
(0.0257415 -0.00113783 0)
(0.0826731 -0.0750338 0)
(0.132984 -0.112795 0)
(0.168483 -0.124892 0)
(0.194863 -0.125294 0)
(0.217666 -0.121353 0)
(0.239185 -0.115891 0)
(0.260061 -0.109645 0)
(0.280197 -0.102571 0)
(0.2992 -0.0943822 0)
(0.316602 -0.0846759 0)
(0.331938 -0.0728996 0)
(0.344758 -0.0582875 0)
(0.354563 -0.0398126 0)
(0.360784 -0.0163625 0)
(0.362923 0.0130636 0)
(0.360741 0.0491661 0)
(0.354414 0.0918635 0)
(0.345026 0.139698 0)
(0.333718 0.189311 0)
(0.318531 0.234336 0)
(0.290174 0.261014 0)
(0.220492 0.292036 0)
(-0.0102085 0.018819 0)
(-0.213576 0.0557484 0)
(-0.527087 0.0800016 0)
(-0.897616 0.0945967 0)
(-1.29396 0.0962248 0)
(-1.66719 0.0836544 0)
(-1.96178 0.0584921 0)
(-2.13639 0.0266301 0)
(-2.19099 -0.000137968 0)
(-2.16932 -0.0152143 0)
(-2.12267 -0.0231329 0)
(-2.02586 -0.0375966 0)
(-1.85787 -0.0555583 0)
(-1.62463 -0.0681468 0)
(-1.35469 -0.0715233 0)
(-1.07425 -0.0707999 0)
(-0.779826 -0.0759119 0)
(-0.45586 -0.0874504 0)
(-0.145025 -0.0690672 0)
(-0.107235 0.103156 0)
(-0.463915 0.191074 0)
(-0.88269 0.233444 0)
(-1.28265 0.249813 0)
(-1.63457 0.238034 0)
(-1.90992 0.197822 0)
(-2.08692 0.134938 0)
(-2.16207 0.0621897 0)
(-2.16771 0.00341395 0)
(-2.15398 -0.0258824 0)
(-2.11685 -0.0447685 0)
(-2.03397 -0.0813103 0)
(-1.87538 -0.130729 0)
(-1.64272 -0.170808 0)
(-1.36525 -0.187904 0)
(-1.07615 -0.189657 0)
(-0.781237 -0.200517 0)
(-0.466079 -0.224687 0)
(-0.152219 -0.180426 0)
(-0.159521 0.241523 0)
(-0.514523 0.349063 0)
(-0.880012 0.388325 0)
(-1.20839 0.390621 0)
(-1.49866 0.356931 0)
(-1.74292 0.28753 0)
(-1.92558 0.190759 0)
(-2.0291 0.0846331 0)
(-2.05973 0.00148303 0)
(-2.05839 -0.0365214 0)
(-2.04555 -0.0647444 0)
(-1.99235 -0.122792 0)
(-1.85878 -0.203799 0)
(-1.63913 -0.272098 0)
(-1.36332 -0.302909 0)
(-1.07473 -0.305519 0)
(-0.786285 -0.321352 0)
(-0.479938 -0.361353 0)
(-0.161466 -0.309958 0)
(-0.176389 0.381454 0)
(-0.476933 0.491321 0)
(-0.770574 0.519519 0)
(-1.04358 0.511341 0)
(-1.30174 0.464318 0)
(-1.53182 0.376338 0)
(-1.71346 0.253905 0)
(-1.82363 0.117349 0)
(-1.86412 0.00920618 0)
(-1.88375 -0.0375978 0)
(-1.90619 -0.0719076 0)
(-1.89824 -0.152554 0)
(-1.80773 -0.271004 0)
(-1.61628 -0.375542 0)
(-1.34926 -0.424716 0)
(-1.06421 -0.426404 0)
(-0.78391 -0.444707 0)
(-0.486984 -0.499671 0)
(-0.167817 -0.444562 0)
(-0.170164 0.530521 0)
(-0.401509 0.607368 0)
(-0.627896 0.623402 0)
(-0.8478 0.614525 0)
(-1.06453 0.560849 0)
(-1.25432 0.45858 0)
(-1.40272 0.314504 0)
(-1.49797 0.152201 0)
(-1.54619 0.0239617 0)
(-1.59764 -0.0254668 0)
(-1.6598 -0.0597607 0)
(-1.7071 -0.159244 0)
(-1.68204 -0.317817 0)
(-1.54866 -0.468162 0)
(-1.3117 -0.544185 0)
(-1.04071 -0.544827 0)
(-0.774147 -0.564691 0)
(-0.488631 -0.63456 0)
(-0.170924 -0.581705 0)
(-0.154128 0.593429 0)
(-0.311863 0.690437 0)
(-0.463464 0.696497 0)
(-0.615327 0.694406 0)
(-0.768287 0.634664 0)
(-0.887343 0.519197 0)
(-0.972344 0.360695 0)
(-1.03502 0.18623 0)
(-1.09602 0.0494169 0)
(-1.19564 0.00250615 0)
(-1.28715 -0.0282079 0)
(-1.37772 -0.137847 0)
(-1.42681 -0.332628 0)
(-1.3888 -0.537955 0)
(-1.22553 -0.650724 0)
(-0.993836 -0.652415 0)
(-0.75589 -0.676373 0)
(-0.488059 -0.76338 0)
(-0.173398 -0.718759 0)
(-0.148869 0.794537 0)
(-0.192022 0.78038 0)
(-0.272018 0.73925 0)
(-0.338787 0.750439 0)
(-0.409784 0.683374 0)
(-0.438833 0.552466 0)
(-0.436418 0.383767 0)
(-0.440229 0.218404 0)
(-0.521661 0.0968284 0)
(-0.70024 0.0506916 0)
(-0.801308 0.0127764 0)
(-0.902188 -0.0988964 0)
(-1.0014 -0.318046 0)
(-1.07533 -0.575672 0)
(-1.05112 -0.727844 0)
(-0.902685 -0.738763 0)
(-0.722663 -0.774987 0)
(-0.486701 -0.886266 0)
(-0.177624 -0.859043 0)
(-0.0609167 0.781941 0)
(0.0252041 0.851581 0)
(-0.0490151 0.847877 0)
(-0.0122518 0.850626 0)
(-0.000543009 0.751155 0)
(0.0500712 0.57442 0)
(0.138309 0.369775 0)
(0.23282 0.235796 0)
(0.130406 0.18753 0)
(-0.13686 0.131096 0)
(-0.222523 0.0500154 0)
(-0.301269 -0.0601713 0)
(-0.401555 -0.269316 0)
(-0.558312 -0.541521 0)
(-0.752478 -0.745509 0)
(-0.742291 -0.793143 0)
(-0.661141 -0.857256 0)
(-0.48109 -1.00438 0)
(-0.18377 -1.00725 0)
(0.0316699 -0.0453251 0)
(0.11289 -0.121488 0)
(0.168256 -0.14515 0)
(0.198505 -0.147199 0)
(0.218543 -0.142864 0)
(0.236236 -0.137225 0)
(0.253655 -0.131205 0)
(0.271031 -0.124553 0)
(0.288034 -0.116827 0)
(0.304164 -0.107626 0)
(0.318931 -0.0965467 0)
(0.331938 -0.0830717 0)
(0.342902 -0.0664753 0)
(0.351567 -0.0457045 0)
(0.357632 -0.0196317 0)
(0.360864 0.0126266 0)
(0.36122 0.0514848 0)
(0.358978 0.0964834 0)
(0.355461 0.145487 0)
(0.352599 0.195664 0)
(0.350336 0.243926 0)
(0.345908 0.288068 0)
(0.353626 0.365762 0)
(0.0641559 -0.12908 0)
(0.170037 -0.207676 0)
(0.209521 -0.192859 0)
(0.221646 -0.173305 0)
(0.23304 -0.161805 0)
(0.246653 -0.154465 0)
(0.261298 -0.148112 0)
(0.276163 -0.141165 0)
(0.290626 -0.132795 0)
(0.304127 -0.12252 0)
(0.31621 -0.109961 0)
(0.326574 -0.094691 0)
(0.335182 -0.0761443 0)
(0.342217 -0.0533816 0)
(0.347978 -0.0253291 0)
(0.352693 0.00883359 0)
(0.356514 0.0492999 0)
(0.359291 0.0956172 0)
(0.362294 0.144238 0)
(0.367766 0.192529 0)
(0.374857 0.240164 0)
(0.379068 0.28517 0)
(0.388152 0.336531 0)
(0.160251 -0.26254 0)
(0.226946 -0.279752 0)
(0.215703 -0.19439 0)
(0.212956 -0.170179 0)
(0.22534 -0.163716 0)
(0.240792 -0.159405 0)
(0.256026 -0.154493 0)
(0.27051 -0.148192 0)
(0.283976 -0.139966 0)
(0.296111 -0.129483 0)
(0.306602 -0.116509 0)
(0.315233 -0.100805 0)
(0.321998 -0.0820872 0)
(0.327026 -0.0591058 0)
(0.331625 -0.0307029 0)
(0.336889 0.00364797 0)
(0.343199 0.0440354 0)
(0.350862 0.0890645 0)
(0.361305 0.134179 0)
(0.375912 0.17834 0)
(0.391209 0.226156 0)
(0.404167 0.272647 0)
(0.419325 0.316635 0)
(0.201548 -0.458583 0)
(0.130098 -0.253466 0)
(0.150626 -0.170961 0)
(0.191626 -0.175136 0)
(0.214928 -0.173281 0)
(0.232876 -0.168357 0)
(0.248312 -0.161952 0)
(0.261768 -0.154099 0)
(0.273491 -0.144321 0)
(0.283491 -0.132317 0)
(0.291555 -0.117889 0)
(0.297443 -0.100801 0)
(0.300537 -0.0809465 0)
(0.298308 -0.0574058 0)
(0.297342 -0.0309014 0)
(0.303213 0.000186387 0)
(0.314429 0.0390345 0)
(0.332889 0.0827764 0)
(0.35606 0.124174 0)
(0.379605 0.163455 0)
(0.402958 0.207481 0)
(0.428592 0.25135 0)
(0.458193 0.287617 0)
(-0.118194 -0.657036 0)
(-0.0523617 -0.311108 0)
(0.00632419 -0.223271 0)
(0.0621148 -0.230587 0)
(0.103431 -0.233387 0)
(0.137107 -0.22619 0)
(0.164809 -0.215525 0)
(0.187142 -0.203084 0)
(0.205042 -0.188149 0)
(0.219475 -0.170023 0)
(0.231178 -0.148383 0)
(0.24075 -0.123043 0)
(0.249003 -0.0940173 0)
(0.25819 -0.0606556 0)
(0.268107 -0.0357126 0)
(0.269945 -0.00648086 0)
(0.275214 0.0309256 0)
(0.296664 0.0740531 0)
(0.331368 0.11024 0)
(0.365271 0.146557 0)
(0.403546 0.190298 0)
(0.449695 0.231449 0)
(0.500325 0.258494 0)
(-0.070875 -0.348655 0)
(-0.0637757 -0.345322 0)
(-0.0107187 -0.296418 0)
(0.0365003 -0.271748 0)
(0.0750643 -0.253233 0)
(0.10685 -0.235659 0)
(0.133673 -0.218773 0)
(0.156208 -0.202176 0)
(0.174937 -0.185 0)
(0.190493 -0.166453 0)
(0.203557 -0.145992 0)
(0.214791 -0.123298 0)
(0.224865 -0.0983405 0)
(0.234591 -0.0718993 0)
(0.24427 -0.0484532 0)
(0.25429 -0.0277054 0)
(0.270086 -0.016495 0)
(0.300061 -0.00708549 0)
(0.308596 0.0651141 0)
(0.32921 0.122035 0)
(0.369036 0.170578 0)
(0.439328 0.207655 0)
(0.512425 0.226646 0)
(-0.0181198 -0.382343 0)
(-0.0211982 -0.374185 0)
(0.00575258 -0.338572 0)
(0.0379218 -0.309908 0)
(0.0686917 -0.286076 0)
(0.0964323 -0.264297 0)
(0.121312 -0.243556 0)
(0.143467 -0.223279 0)
(0.163029 -0.202818 0)
(0.180305 -0.181558 0)
(0.195752 -0.159035 0)
(0.209906 -0.134976 0)
(0.223364 -0.109346 0)
(0.236836 -0.0824949 0)
(0.250815 -0.0556518 0)
(0.265255 -0.0301802 0)
(0.278125 -0.00911496 0)
(0.288052 0.00690152 0)
(0.304599 0.0181718 0)
(0.342737 0.0108283 0)
(0.402691 -0.00388826 0)
(0.457931 0.0481018 0)
(0.507137 0.158777 0)
(-0.00955918 -0.357978 0)
(-0.00492742 -0.385612 0)
(0.0159641 -0.363541 0)
(0.0396588 -0.337757 0)
(0.0642487 -0.31333 0)
(0.0882772 -0.290108 0)
(0.11132 -0.267604 0)
(0.133176 -0.2454 0)
(0.153755 -0.223043 0)
(0.17314 -0.200097 0)
(0.191571 -0.176231 0)
(0.209396 -0.151276 0)
(0.227039 -0.125275 0)
(0.244984 -0.0985928 0)
(0.263489 -0.072146 0)
(0.282343 -0.0472469 0)
(0.300352 -0.02512 0)
(0.317336 -0.00385289 0)
(0.33819 0.018121 0)
(0.363866 0.027142 0)
(0.384992 0.0231755 0)
(0.405029 0.0149571 0)
(0.443468 0.012963 0)
(-0.00233014 -0.353717 0)
(0.00392458 -0.398205 0)
(0.019878 -0.382465 0)
(0.037688 -0.359195 0)
(0.0574289 -0.335599 0)
(0.0781084 -0.312479 0)
(0.099181 -0.289677 0)
(0.120323 -0.266928 0)
(0.141348 -0.243936 0)
(0.16222 -0.220425 0)
(0.183033 -0.196192 0)
(0.203984 -0.171158 0)
(0.225326 -0.145418 0)
(0.247321 -0.119322 0)
(0.270082 -0.093586 0)
(0.293435 -0.0691537 0)
(0.316792 -0.0468946 0)
(0.339977 -0.026638 0)
(0.364618 -0.00891367 0)
(0.38944 0.00174953 0)
(0.409607 0.00897661 0)
(0.428002 0.0246076 0)
(0.454681 0.0489945 0)
(0.00236169 -0.357276 0)
(0.00698656 -0.409029 0)
(0.018473 -0.396649 0)
(0.0320176 -0.37593 0)
(0.0479486 -0.354076 0)
(0.0656265 -0.332125 0)
(0.0845714 -0.310093 0)
(0.104465 -0.287842 0)
(0.125114 -0.265209 0)
(0.146439 -0.242048 0)
(0.168469 -0.218263 0)
(0.19131 -0.193842 0)
(0.215106 -0.168903 0)
(0.239994 -0.143742 0)
(0.266006 -0.118884 0)
(0.29298 -0.0950208 0)
(0.320512 -0.0728832 0)
(0.348245 -0.0529376 0)
(0.376195 -0.0358871 0)
(0.403032 -0.0234085 0)
(0.426387 -0.0131163 0)
(0.446982 0.00049278 0)
(0.468922 0.0177594 0)
(0.00371286 -0.3617 0)
(0.00630103 -0.416462 0)
(0.0140545 -0.406954 0)
(0.0242828 -0.389011 0)
(0.0370804 -0.369416 0)
(0.0520175 -0.349259 0)
(0.068716 -0.328673 0)
(0.086913 -0.307628 0)
(0.106445 -0.286067 0)
(0.127239 -0.263943 0)
(0.149302 -0.24124 0)
(0.172696 -0.217996 0)
(0.197511 -0.194336 0)
(0.223819 -0.170506 0)
(0.25161 -0.14689 0)
(0.280726 -0.123998 0)
(0.310826 -0.102395 0)
(0.34146 -0.0825767 0)
(0.37213 -0.0650604 0)
(0.401752 -0.0503892 0)
(0.429039 -0.037374 0)
(0.454098 -0.0236411 0)
(0.479161 -0.00843825 0)
(0.00344061 -0.365764 0)
(0.00407528 -0.42088 0)
(0.00882023 -0.414173 0)
(0.0163036 -0.399099 0)
(0.026394 -0.381976 0)
(0.0387803 -0.363919 0)
(0.0531744 -0.345157 0)
(0.0693748 -0.325748 0)
(0.0872597 -0.305719 0)
(0.106777 -0.285097 0)
(0.127933 -0.263925 0)
(0.150774 -0.242274 0)
(0.17536 -0.22027 0)
(0.201732 -0.198109 0)
(0.229863 -0.176076 0)
(0.259609 -0.154529 0)
(0.290675 -0.133867 0)
(0.322627 -0.114457 0)
(0.354896 -0.0966179 0)
(0.38666 -0.0805347 0)
(0.417157 -0.0656904 0)
(0.446295 -0.0511825 0)
(0.475237 -0.0366874 0)
(0.00243693 -0.368237 0)
(0.00154026 -0.422862 0)
(0.00410365 -0.418924 0)
(0.0093366 -0.406661 0)
(0.0170803 -0.392032 0)
(0.0271195 -0.376184 0)
(0.0392483 -0.359422 0)
(0.0533245 -0.34188 0)
(0.0692674 -0.323649 0)
(0.087049 -0.30481 0)
(0.106683 -0.285445 0)
(0.128209 -0.265651 0)
(0.151675 -0.245546 0)
(0.177106 -0.225284 0)
(0.20447 -0.205067 0)
(0.233641 -0.185133 0)
(0.264375 -0.165739 0)
(0.2963 -0.147119 0)
(0.328923 -0.129458 0)
(0.361649 -0.112846 0)
(0.393987 -0.0971413 0)
(0.42572 -0.0821939 0)
(0.457377 -0.0681005 0)
(0.00130503 -0.369053 0)
(-0.000570118 -0.423185 0)
(0.000585438 -0.421799 0)
(0.00404229 -0.412129 0)
(0.00981025 -0.399879 0)
(0.0177639 -0.386214 0)
(0.0277773 -0.371498 0)
(0.0397656 -0.355917 0)
(0.0536871 -0.339609 0)
(0.0695374 -0.322695 0)
(0.0873405 -0.305286 0)
(0.107136 -0.287489 0)
(0.128964 -0.269413 0)
(0.152842 -0.251175 0)
(0.178741 -0.232908 0)
(0.206555 -0.214756 0)
(0.236088 -0.196863 0)
(0.267041 -0.179358 0)
(0.299027 -0.16234 0)
(0.331617 -0.145886 0)
(0.364478 -0.130075 0)
(0.397337 -0.115172 0)
(0.430408 -0.101554 0)
(0.000397246 -0.368563 0)
(-0.00191524 -0.422564 0)
(-0.0015278 -0.423346 0)
(0.000612424 -0.415939 0)
(0.0047993 -0.405856 0)
(0.0109878 -0.39426 0)
(0.0191312 -0.381544 0)
(0.0292005 -0.367925 0)
(0.0411915 -0.353573 0)
(0.0551235 -0.338633 0)
(0.071032 -0.323234 0)
(0.088959 -0.307487 0)
(0.108942 -0.291488 0)
(0.130997 -0.275323 0)
(0.155098 -0.259067 0)
(0.181162 -0.24279 0)
(0.209032 -0.226553 0)
(0.23848 -0.210405 0)
(0.269211 -0.19439 0)
(0.30092 -0.178592 0)
(0.333381 -0.163227 0)
(0.36632 -0.148804 0)
(0.399829 -0.135928 0)
(-0.000110655 -0.367281 0)
(-0.00240991 -0.421621 0)
(-0.00232826 -0.424063 0)
(-0.00107229 -0.418521 0)
(0.001932 -0.410338 0)
(0.00670906 -0.400639 0)
(0.0132887 -0.389815 0)
(0.0216952 -0.378098 0)
(0.031961 -0.365671 0)
(0.0441287 -0.352693 0)
(0.0582468 -0.339298 0)
(0.074362 -0.325597 0)
(0.0925126 -0.311672 0)
(0.112716 -0.297577 0)
(0.134953 -0.283345 0)
(0.159159 -0.268986 0)
(0.185214 -0.254498 0)
(0.212945 -0.239873 0)
(0.242137 -0.225125 0)
(0.272577 -0.210348 0)
(0.304122 -0.195847 0)
(0.336539 -0.182302 0)
(0.369892 -0.170522 0)
(-0.00025291 -0.365771 0)
(-0.00217642 -0.420791 0)
(-0.00204082 -0.424374 0)
(-0.00130625 -0.420278 0)
(0.000884943 -0.413701 0)
(0.00460409 -0.405693 0)
(0.00994726 -0.39662 0)
(0.0169874 -0.386705 0)
(0.0257911 -0.376132 0)
(0.0364243 -0.365062 0)
(0.0489486 -0.353628 0)
(0.0634183 -0.341934 0)
(0.0798752 -0.330046 0)
(0.0983401 -0.317992 0)
(0.118803 -0.305765 0)
(0.141215 -0.293331 0)
(0.165487 -0.280641 0)
(0.191493 -0.26765 0)
(0.219079 -0.254355 0)
(0.248108 -0.240868 0)
(0.278508 -0.227562 0)
(0.310105 -0.215249 0)
(0.342981 -0.204939 0)
(-9.41558e-05 -0.36454 0)
(-0.00141181 -0.420328 0)
(-0.000980041 -0.424613 0)
(-0.00046308 -0.421558 0)
(0.00123194 -0.416293 0)
(0.00421529 -0.409761 0)
(0.00863486 -0.402276 0)
(0.0146041 -0.394039 0)
(0.02222 -0.385222 0)
(0.0315696 -0.375979 0)
(0.0427284 -0.366438 0)
(0.0557589 -0.356689 0)
(0.0707088 -0.346781 0)
(0.0876049 -0.336717 0)
(0.106446 -0.326458 0)
(0.127199 -0.315934 0)
(0.1498 -0.305061 0)
(0.174159 -0.293771 0)
(0.200174 -0.282057 0)
(0.227768 -0.270057 0)
(0.256932 -0.258208 0)
(0.287558 -0.247438 0)
(0.319762 -0.238943 0)
(0.000315138 -0.363963 0)
(-0.000325796 -0.420432 0)
(0.000507339 -0.424966 0)
(0.00107986 -0.422624 0)
(0.00252208 -0.418409 0)
(0.00503873 -0.413143 0)
(0.00880839 -0.407076 0)
(0.0139729 -0.400377 0)
(0.0206532 -0.3932 0)
(0.0289544 -0.385686 0)
(0.0389641 -0.377948 0)
(0.050754 -0.370064 0)
(0.064379 -0.362063 0)
(0.0798732 -0.353924 0)
(0.0972447 -0.34558 0)
(0.116474 -0.336931 0)
(0.137519 -0.327869 0)
(0.160319 -0.318313 0)
(0.18481 -0.308264 0)
(0.210965 -0.297891 0)
(0.23883 -0.287698 0)
(0.268358 -0.278722 0)
(0.299698 -0.272329 0)
(0.000902999 -0.364184 0)
(0.000971019 -0.421223 0)
(0.00215745 -0.425571 0)
(0.00293131 -0.423676 0)
(0.00432281 -0.420284 0)
(0.00658917 -0.416086 0)
(0.00993197 -0.411268 0)
(0.0145125 -0.405961 0)
(0.0204691 -0.400295 0)
(0.0279198 -0.394393 0)
(0.0369623 -0.388354 0)
(0.0476766 -0.382238 0)
(0.0601255 -0.376056 0)
(0.0743511 -0.369763 0)
(0.0903709 -0.363265 0)
(0.108178 -0.356438 0)
(0.127745 -0.349156 0)
(0.149035 -0.341335 0)
(0.172015 -0.332988 0)
(0.196697 -0.324327 0)
(0.223167 -0.315925 0)
(0.251432 -0.308927 0)
(0.281663 -0.304842 0)
(0.00149976 -0.365252 0)
(0.00226031 -0.422641 0)
(0.00377401 -0.426531 0)
(0.00481053 -0.424854 0)
(0.0062775 -0.422089 0)
(0.00844811 -0.418784 0)
(0.0115314 -0.415051 0)
(0.0156979 -0.410985 0)
(0.0210953 -0.406689 0)
(0.0278489 -0.40227 0)
(0.0360632 -0.397809 0)
(0.045825 -0.393349 0)
(0.0572048 -0.388881 0)
(0.0702524 -0.384336 0)
(0.0849938 -0.379598 0)
(0.101432 -0.37452 0)
(0.119553 -0.368963 0)
(0.139338 -0.362842 0)
(0.160776 -0.356194 0)
(0.183904 -0.349275 0)
(0.208839 -0.342733 0)
(0.235628 -0.337818 0)
(0.264453 -0.33616 0)
(0.00204109 -0.367196 0)
(0.00341811 -0.424549 0)
(0.00518781 -0.427835 0)
(0.00650264 -0.426229 0)
(0.0081128 -0.423937 0)
(0.0102858 -0.421368 0)
(0.0132242 -0.418567 0)
(0.0170979 -0.415591 0)
(0.0220551 -0.412521 0)
(0.0282224 -0.409443 0)
(0.0357069 -0.406425 0)
(0.0446005 -0.403492 0)
(0.0549797 -0.400615 0)
(0.0669011 -0.397704 0)
(0.0803981 -0.39462 0)
(0.0954822 -0.391197 0)
(0.11215 -0.387284 0)
(0.130395 -0.382799 0)
(0.150222 -0.377801 0)
(0.171682 -0.372601 0)
(0.194912 -0.367924 0)
(0.219989 -0.365122 0)
(0.247097 -0.365923 0)
(0.00247966 -0.369917 0)
(0.00436897 -0.426816 0)
(0.00629422 -0.429434 0)
(0.00786562 -0.427816 0)
(0.00964101 -0.425886 0)
(0.0118675 -0.423922 0)
(0.0147311 -0.421911 0)
(0.0183911 -0.419878 0)
(0.0229882 -0.417883 0)
(0.028644 -0.415998 0)
(0.0354646 -0.414275 0)
(0.0435436 -0.412724 0)
(0.0529612 -0.411299 0)
(0.0637792 -0.40989 0)
(0.0760372 -0.408337 0)
(0.0897542 -0.406454 0)
(0.104935 -0.40408 0)
(0.121583 -0.401135 0)
(0.13971 -0.397705 0)
(0.159377 -0.394155 0)
(0.180732 -0.391292 0)
(0.203871 -0.390565 0)
(0.228977 -0.393787 0)
(0.00278801 -0.373264 0)
(0.00507672 -0.429297 0)
(0.0070488 -0.43126 0)
(0.00882651 -0.429599 0)
(0.0107541 -0.427953 0)
(0.013049 -0.426487 0)
(0.0158726 -0.425139 0)
(0.019365 -0.423907 0)
(0.0236517 -0.422837 0)
(0.0288442 -0.421989 0)
(0.0350429 -0.421403 0)
(0.0423396 -0.421079 0)
(0.0508154 -0.420953 0)
(0.0605348 -0.420898 0)
(0.0715428 -0.420735 0)
(0.0838652 -0.420259 0)
(0.0975146 -0.419297 0)
(0.1125 -0.417772 0)
(0.128839 -0.415798 0)
(0.146594 -0.413792 0)
(0.165921 -0.412646 0)
(0.186934 -0.41391 0)
(0.209815 -0.419464 0)
(0.00297307 -0.377065 0)
(0.00554153 -0.431855 0)
(0.00745539 -0.433225 0)
(0.00936927 -0.43153 0)
(0.0114106 -0.430124 0)
(0.0137633 -0.429073 0)
(0.0165564 -0.428276 0)
(0.0199035 -0.427713 0)
(0.0239084 -0.42742 0)
(0.0286675 -0.427451 0)
(0.0342714 -0.42784 0)
(0.0408061 -0.428574 0)
(0.0483497 -0.429582 0)
(0.0569676 -0.430721 0)
(0.0667089 -0.431792 0)
(0.0776058 -0.432575 0)
(0.0896782 -0.432882 0)
(0.10294 -0.432638 0)
(0.117412 -0.431982 0)
(0.13316 -0.431389 0)
(0.150341 -0.431837 0)
(0.16909 -0.434978 0)
(0.189592 -0.442751 0)
(0.0030843 -0.381162 0)
(0.00579459 -0.434366 0)
(0.0075488 -0.435234 0)
(0.00951698 -0.433548 0)
(0.0116193 -0.432367 0)
(0.0140038 -0.431669 0)
(0.0167604 -0.431326 0)
(0.019969 -0.431309 0)
(0.0237074 -0.431653 0)
(0.0280527 -0.432408 0)
(0.0330816 -0.433603 0)
(0.03887 -0.435224 0)
(0.0454896 -0.43719 0)
(0.0530041 -0.439349 0)
(0.0614652 -0.441487 0)
(0.0709114 -0.443366 0)
(0.0813698 -0.444784 0)
(0.0928598 -0.445668 0)
(0.105405 -0.446182 0)
(0.119074 -0.446856 0)
(0.134031 -0.448759 0)
(0.150425 -0.45365 0)
(0.168457 -0.463529 0)
(0.00319952 -0.385445 0)
(0.00588215 -0.436702 0)
(0.00737251 -0.437183 0)
(0.00931306 -0.435581 0)
(0.0114208 -0.434637 0)
(0.0138063 -0.434251 0)
(0.0165129 -0.434282 0)
(0.019582 -0.434702 0)
(0.0230625 -0.435549 0)
(0.0270095 -0.436874 0)
(0.0314821 -0.43871 0)
(0.0365422 -0.441041 0)
(0.0422518 -0.443783 0)
(0.0486696 -0.446779 0)
(0.055848 -0.449803 0)
(0.063831 -0.452602 0)
(0.0726529 -0.454964 0)
(0.0823396 -0.456815 0)
(0.0929198 -0.458341 0)
(0.104466 -0.460129 0)
(0.117149 -0.463342 0)
(0.131136 -0.469858 0)
(0.146644 -0.481744 0)
(0.00338493 -0.389869 0)
(0.00584153 -0.438723 0)
(0.00695981 -0.438969 0)
(0.00880711 -0.437561 0)
(0.0108735 -0.436891 0)
(0.0132326 -0.436797 0)
(0.0158745 -0.437136 0)
(0.0188008 -0.437894 0)
(0.0220306 -0.439119 0)
(0.0255952 -0.44087 0)
(0.0295341 -0.443184 0)
(0.0338921 -0.446046 0)
(0.0387175 -0.449377 0)
(0.0440606 -0.453016 0)
(0.0499712 -0.456735 0)
(0.0564972 -0.460272 0)
(0.0636804 -0.463402 0)
(0.0715543 -0.466054 0)
(0.0801544 -0.46843 0)
(0.0895592 -0.471176 0)
(0.0999432 -0.475551 0)
(0.11149 -0.483564 0)
(0.12444 -0.497375 0)
(0.00365055 -0.394432 0)
(0.00568366 -0.440278 0)
(0.00632908 -0.440508 0)
(0.00805027 -0.439439 0)
(0.0100446 -0.4391 0)
(0.0123578 -0.439287 0)
(0.0149228 -0.43988 0)
(0.0177034 -0.440888 0)
(0.0206905 -0.442378 0)
(0.0238926 -0.444419 0)
(0.0273279 -0.447053 0)
(0.031022 -0.450272 0)
(0.035006 -0.454002 0)
(0.0393168 -0.458089 0)
(0.0439981 -0.462307 0)
(0.0490994 -0.46639 0)
(0.0546691 -0.470108 0)
(0.060749 -0.473386 0)
(0.0673822 -0.476446 0)
(0.0746515 -0.479985 0)
(0.0827302 -0.485367 0)
(0.0918103 -0.49474 0)
(0.10216 -0.510388 0)
(0.00393661 -0.399123 0)
(0.00539757 -0.441217 0)
(0.00549562 -0.441748 0)
(0.00709916 -0.441192 0)
(0.00900703 -0.441247 0)
(0.0112617 -0.44171 0)
(0.01374 -0.442509 0)
(0.0163727 -0.44369 0)
(0.0191274 -0.445343 0)
(0.0219913 -0.447548 0)
(0.0249621 -0.450356 0)
(0.0280446 -0.453764 0)
(0.0312493 -0.457709 0)
(0.0345952 -0.46205 0)
(0.038116 -0.466569 0)
(0.0418592 -0.471003 0)
(0.0458777 -0.475122 0)
(0.0502202 -0.478846 0)
(0.0549361 -0.482413 0)
(0.0601069 -0.486568 0)
(0.0658946 -0.492777 0)
(0.0724873 -0.503342 0)
(0.0801678 -0.520704 0)
(0.00414692 -0.403862 0)
(0.00497373 -0.44143 0)
(0.00448776 -0.442689 0)
(0.00602122 -0.442819 0)
(0.00783699 -0.443323 0)
(0.0100233 -0.444056 0)
(0.0124043 -0.445017 0)
(0.0148866 -0.446304 0)
(0.0174197 -0.44803 0)
(0.0199733 -0.450291 0)
(0.0225265 -0.453142 0)
(0.025063 -0.456588 0)
(0.0275704 -0.460576 0)
(0.030047 -0.464984 0)
(0.0325121 -0.469609 0)
(0.0350069 -0.474199 0)
(0.0375843 -0.478524 0)
(0.0402962 -0.482506 0)
(0.0431933 -0.486391 0)
(0.0463473 -0.490965 0)
(0.0498936 -0.497787 0)
(0.053994 -0.509316 0)
(0.0589186 -0.528192 0)
(0.00419384 -0.408516 0)
(0.00442122 -0.440876 0)
(0.00335412 -0.443379 0)
(0.00489351 -0.444334 0)
(0.00660764 -0.445326 0)
(0.00871364 -0.446314 0)
(0.0109837 -0.447397 0)
(0.0133099 -0.44873 0)
(0.0156307 -0.450457 0)
(0.0179028 -0.452684 0)
(0.0200898 -0.45547 0)
(0.0221561 -0.458824 0)
(0.0240665 -0.462707 0)
(0.0257979 -0.467011 0)
(0.0273516 -0.471557 0)
(0.0287567 -0.47611 0)
(0.0300595 -0.480448 0)
(0.0313094 -0.484495 0)
(0.0325515 -0.488498 0)
(0.0338376 -0.493269 0)
(0.0352565 -0.50044 0)
(0.0369103 -0.512623 0)
(0.0390128 -0.532691 0)
(0.00403192 -0.41298 0)
(0.0037728 -0.439575 0)
(0.00215028 -0.44391 0)
(0.00379195 -0.445757 0)
(0.00537909 -0.44725 0)
(0.00738985 -0.448468 0)
(0.00953083 -0.449635 0)
(0.0116911 -0.45097 0)
(0.0138051 -0.452644 0)
(0.0158222 -0.454771 0)
(0.017695 -0.45741 0)
(0.0193721 -0.460574 0)
(0.0207995 -0.464228 0)
(0.0219336 -0.468285 0)
(0.022756 -0.472587 0)
(0.0232778 -0.476925 0)
(0.0235319 -0.481094 0)
(0.0235588 -0.485016 0)
(0.0233921 -0.488933 0)
(0.0230537 -0.493655 0)
(0.0225646 -0.500858 0)
(0.0219262 -0.513282 0)
(0.0212348 -0.534059 0)
(0.00364839 -0.417209 0)
(0.00307469 -0.437567 0)
(0.000905295 -0.444387 0)
(0.00277634 -0.447096 0)
(0.00418668 -0.449084 0)
(0.00608921 -0.4505 0)
(0.00808113 -0.451717 0)
(0.0100621 -0.453021 0)
(0.0119707 -0.454609 0)
(0.0137549 -0.456595 0)
(0.0153617 -0.459036 0)
(0.0167301 -0.461941 0)
(0.0177928 -0.46528 0)
(0.0184901 -0.468981 0)
(0.0187842 -0.47291 0)
(0.0186657 -0.476888 0)
(0.0181495 -0.48073 0)
(0.0172631 -0.484359 0)
(0.0160255 -0.487995 0)
(0.0144223 -0.492418 0)
(0.0123904 -0.499297 0)
(0.00979121 -0.511453 0)
(0.00653041 -0.532277 0)
(0.00292644 -0.421006 0)
(0.00237136 -0.434971 0)
(-0.000421439 -0.444806 0)
(0.00187305 -0.448337 0)
(0.00302769 -0.450812 0)
(0.00482592 -0.452387 0)
(0.00665376 -0.453624 0)
(0.00844278 -0.454877 0)
(0.0101451 -0.45636 0)
(0.0117134 -0.458187 0)
(0.0130952 -0.460405 0)
(0.0142266 -0.463018 0)
(0.0150347 -0.465998 0)
(0.0154502 -0.469282 0)
(0.0154212 -0.472761 0)
(0.0149206 -0.476282 0)
(0.0139458 -0.479683 0)
(0.0125109 -0.482889 0)
(0.0106205 -0.486086 0)
(0.00822661 -0.489989 0)
(0.00518069 -0.496198 0)
(0.00118523 -0.507531 0)
(-0.00410801 -0.527595 0)
(0.00108278 -0.423689 0)
(0.001725 -0.432196 0)
(-0.00193153 -0.444988 0)
(0.00099734 -0.449581 0)
(0.00185981 -0.452446 0)
(0.00359864 -0.454104 0)
(0.00525877 -0.455326 0)
(0.00684845 -0.456513 0)
(0.00834395 -0.457887 0)
(0.00970855 -0.459554 0)
(0.0108957 -0.46155 0)
(0.0118455 -0.463872 0)
(0.0124874 -0.466491 0)
(0.012752 -0.46935 0)
(0.012583 -0.472358 0)
(0.0119438 -0.475385 0)
(0.0108203 -0.478294 0)
(0.00921656 -0.48101 0)
(0.00712883 -0.48368 0)
(0.00448985 -0.486924 0)
(0.00109106 -0.492202 0)
(-0.00350501 -0.502216 0)
(-0.009918 -0.520674 0)
(-0.00390325 -0.424474 0)
(0.00112926 -0.42994 0)
(-0.00384341 -0.445366 0)
(-0.000122933 -0.451019 0)
(0.000703885 -0.454018 0)
(0.00241913 -0.455668 0)
(0.00390989 -0.456836 0)
(0.00529951 -0.457944 0)
(0.00658989 -0.459208 0)
(0.00775832 -0.460723 0)
(0.00876887 -0.462515 0)
(0.00957133 -0.464574 0)
(0.0101052 -0.466867 0)
(0.0103112 -0.46934 0)
(0.01014 -0.471911 0)
(0.00955654 -0.474473 0)
(0.00854421 -0.476908 0)
(0.00710525 -0.479148 0)
(0.00523945 -0.4813 0)
(0.00288528 -0.483872 0)
(-0.00017977 -0.488123 0)
(-0.00446608 -0.496511 0)
(-0.0108063 -0.512666 0)
(-0.0140556 -0.422827 0)
(-1.62424e-05 -0.429209 0)
(-0.00637836 -0.446693 0)
(-0.0014029 -0.452926 0)
(-0.000428735 -0.455715 0)
(0.00127106 -0.457238 0)
(0.00262427 -0.458294 0)
(0.00382803 -0.459297 0)
(0.00491857 -0.460448 0)
(0.00589438 -0.461824 0)
(0.00673419 -0.463442 0)
(0.00740208 -0.465282 0)
(0.00785411 -0.467308 0)
(0.00804852 -0.469466 0)
(0.00795161 -0.471679 0)
(0.00753944 -0.473857 0)
(0.00680313 -0.475905 0)
(0.00575371 -0.477763 0)
(0.00440786 -0.479507 0)
(0.00273422 -0.481534 0)
(0.000549465 -0.484878 0)
(-0.00262939 -0.491655 0)
(-0.00770408 -0.505203 0)
(-0.030475 -0.417383 0)
(-0.00188368 -0.429896 0)
(-0.00952368 -0.448831 0)
(-0.00276895 -0.455311 0)
(-0.00145004 -0.457625 0)
(0.000218592 -0.458843 0)
(0.00145977 -0.459696 0)
(0.00249086 -0.460553 0)
(0.00338382 -0.461581 0)
(0.004164 -0.462832 0)
(0.00482796 -0.464308 0)
(0.00535706 -0.465982 0)
(0.0057269 -0.467811 0)
(0.00591567 -0.469739 0)
(0.00590739 -0.471697 0)
(0.00569336 -0.473611 0)
(0.00527896 -0.475404 0)
(0.00469139 -0.477033 0)
(0.00397181 -0.478556 0)
(0.00313413 -0.480281 0)
(0.0020769 -0.48303 0)
(0.00044077 -0.488561 0)
(-0.00256097 -0.499805 0)
(-0.0551019 -0.399986 0)
(-0.00380346 -0.434243 0)
(-0.0127348 -0.451383 0)
(-0.00411414 -0.457335 0)
(-0.00221709 -0.458876 0)
(-0.000582937 -0.459565 0)
(0.000533888 -0.460101 0)
(0.00137607 -0.460764 0)
(0.00205822 -0.461652 0)
(0.00263083 -0.462785 0)
(0.003108 -0.464144 0)
(0.00348762 -0.46569 0)
(0.00376192 -0.467375 0)
(0.00392399 -0.469145 0)
(0.00397078 -0.47094 0)
(0.00390662 -0.472701 0)
(0.00375079 -0.474372 0)
(0.0035452 -0.475927 0)
(0.00335101 -0.477424 0)
(0.00322317 -0.479112 0)
(0.00314518 -0.481649 0)
(0.00290926 -0.486496 0)
(0.00193902 -0.496262 0)
(-0.0896502 -0.361714 0)
(-0.00504879 -0.45259 0)
(-0.0142569 -0.457302 0)
(-0.00492132 -0.459482 0)
(-0.00238729 -0.459273 0)
(-0.000896574 -0.459036 0)
(-1.01785e-05 -0.4591 0)
(0.000585359 -0.459511 0)
(0.00102805 -0.460246 0)
(0.0013803 -0.461263 0)
(0.0016661 -0.462517 0)
(0.00189231 -0.463958 0)
(0.00205894 -0.465536 0)
(0.00216545 -0.467198 0)
(0.00221506 -0.468891 0)
(0.00221889 -0.470565 0)
(0.0022008 -0.472187 0)
(0.00220199 -0.473753 0)
(0.00228267 -0.475335 0)
(0.0025117 -0.477155 0)
(0.00291691 -0.479762 0)
(0.00336318 -0.484364 0)
(0.0033657 -0.493237 0)
(-0.111601 -0.304773 0)
(-0.00523269 -0.494746 0)
(-0.00924756 -0.473138 0)
(-0.00318122 -0.467948 0)
(-0.0013043 -0.464873 0)
(-0.000483379 -0.463483 0)
(-7.85745e-05 -0.463069 0)
(0.00016337 -0.463285 0)
(0.000330183 -0.463943 0)
(0.000456812 -0.464934 0)
(0.0005565 -0.466183 0)
(0.00063393 -0.467629 0)
(0.00069088 -0.469217 0)
(0.000728665 -0.470894 0)
(0.000749452 -0.47261 0)
(0.000758258 -0.474324 0)
(0.000766458 -0.476009 0)
(0.000794245 -0.477681 0)
(0.000872961 -0.479425 0)
(0.00104413 -0.481464 0)
(0.00134407 -0.484282 0)
(0.00173686 -0.488876 0)
(0.00196374 -0.497073 0)
(0.299204 0.310463 0)
(0.145067 0.240798 0)
(0.0037661 0.18593 0)
(-0.132378 0.214623 0)
(0.38889 0.358024 0)
(0.354166 0.356938 0)
(0.301291 0.346588 0)
(0.241574 0.347003 0)
(0.437545 0.345389 0)
(0.449806 0.361491 0)
(0.458237 0.372706 0)
(0.462758 0.380934 0)
(0.486518 0.306391 0)
(0.507454 0.317135 0)
(0.530185 0.327112 0)
(0.55369 0.336656 0)
(0.535125 0.266616 0)
(0.556055 0.270554 0)
(0.57826 0.275292 0)
(0.601704 0.2812 0)
(0.556654 0.232639 0)
(0.581902 0.236469 0)
(0.606455 0.24095 0)
(0.629241 0.246142 0)
(0.550194 0.19599 0)
(0.574071 0.209867 0)
(0.598448 0.220598 0)
(0.619825 0.227684 0)
(0.485713 0.0273211 0)
(0.515693 0.0420445 0)
(0.546749 0.0590182 0)
(0.578317 0.0803722 0)
(0.477041 0.0665548 0)
(0.48991 0.0760906 0)
(0.502372 0.0828063 0)
(0.51648 0.086102 0)
(0.487708 0.0298227 0)
(0.500498 0.03782 0)
(0.51341 0.0463621 0)
(0.526127 0.0554743 0)
(0.499581 0.00325444 0)
(0.51308 0.01108 0)
(0.526459 0.0194822 0)
(0.539313 0.0288293 0)
(0.497869 -0.0258455 0)
(0.512495 -0.0181739 0)
(0.526824 -0.00925904 0)
(0.54046 0.00128311 0)
(0.481762 -0.0577735 0)
(0.497461 -0.050024 0)
(0.51286 -0.0403683 0)
(0.527592 -0.0283645 0)
(0.455865 -0.0917084 0)
(0.47232 -0.0839518 0)
(0.488577 -0.0737371 0)
(0.504315 -0.0605402 0)
(0.425793 -0.126791 0)
(0.442687 -0.119249 0)
(0.459516 -0.108787 0)
(0.476002 -0.0947866 0)
(0.395993 -0.162416 0)
(0.413092 -0.155344 0)
(0.430258 -0.144953 0)
(0.447242 -0.130524 0)
(0.36899 -0.198181 0)
(0.386133 -0.191815 0)
(0.403453 -0.181771 0)
(0.420721 -0.167232 0)
(0.345502 -0.233802 0)
(0.36255 -0.228335 0)
(0.379858 -0.218852 0)
(0.39721 -0.204441 0)
(0.324974 -0.269008 0)
(0.341774 -0.264575 0)
(0.358887 -0.255794 0)
(0.376105 -0.241671 0)
(0.306233 -0.303471 0)
(0.322602 -0.300146 0)
(0.339307 -0.292142 0)
(0.356148 -0.278389 0)
(0.288037 -0.336797 0)
(0.303768 -0.3346 0)
(0.319838 -0.327386 0)
(0.336047 -0.314023 0)
(0.269409 -0.36856 0)
(0.2843 -0.367468 0)
(0.299515 -0.361014 0)
(0.314858 -0.34802 0)
(0.249763 -0.398364 0)
(0.263639 -0.398323 0)
(0.277819 -0.392577 0)
(0.292112 -0.379916 0)
(0.228883 -0.425888 0)
(0.241618 -0.426834 0)
(0.25464 -0.421746 0)
(0.267772 -0.409401 0)
(0.206823 -0.450922 0)
(0.218347 -0.452802 0)
(0.230157 -0.448354 0)
(0.242095 -0.436358 0)
(0.183793 -0.473366 0)
(0.194087 -0.476161 0)
(0.204686 -0.472388 0)
(0.215468 -0.460848 0)
(0.160069 -0.49321 0)
(0.169142 -0.496945 0)
(0.178567 -0.493947 0)
(0.188263 -0.483058 0)
(0.135938 -0.510482 0)
(0.143798 -0.515224 0)
(0.152076 -0.513161 0)
(0.160741 -0.503197 0)
(0.111683 -0.525165 0)
(0.118303 -0.531005 0)
(0.125412 -0.530072 0)
(0.133033 -0.521352 0)
(0.0876152 -0.53716 0)
(0.0929198 -0.544178 0)
(0.0987709 -0.544561 0)
(0.105249 -0.537398 0)
(0.06414 -0.546273 0)
(0.0680055 -0.554506 0)
(0.0724473 -0.556348 0)
(0.077602 -0.551 0)
(0.0418354 -0.552238 0)
(0.0441085 -0.561651 0)
(0.0469447 -0.565013 0)
(0.0505322 -0.561652 0)
(0.0215233 -0.55476 0)
(0.0220579 -0.565213 0)
(0.0230815 -0.570044 0)
(0.0248283 -0.568714 0)
(0.00428287 -0.553625 0)
(0.00300641 -0.564839 0)
(0.00206856 -0.570935 0)
(0.00173645 -0.571503 0)
(-0.00862496 -0.548876 0)
(-0.0116142 -0.56042 0)
(-0.0144987 -0.567385 0)
(-0.017002 -0.569486 0)
(-0.0160384 -0.541019 0)
(-0.0203619 -0.552308 0)
(-0.0248799 -0.559544 0)
(-0.0293309 -0.562555 0)
(-0.0174415 -0.531199 0)
(-0.0223694 -0.541587 0)
(-0.0277879 -0.548372 0)
(-0.0334799 -0.551479 0)
(-0.0135589 -0.521308 0)
(-0.0181165 -0.530276 0)
(-0.0233475 -0.535962 0)
(-0.0291051 -0.538362 0)
(-0.00662386 -0.513474 0)
(-0.00999782 -0.520891 0)
(-0.0140267 -0.525192 0)
(-0.0186005 -0.526399 0)
(-0.0001066 -0.508311 0)
(-0.00204155 -0.514599 0)
(-0.00443082 -0.517781 0)
(-0.0071085 -0.517864 0)
(0.00270904 -0.504169 0)
(0.00201604 -0.509797 0)
(0.0011371 -0.512495 0)
(0.000231196 -0.512263 0)
(0.00183074 -0.506803 0)
(0.00160582 -0.511928 0)
(0.00131795 -0.514693 0)
(0.00110747 -0.515104 0)
(-0.11958 0.5252 0)
(0.342566 0.501727 0)
(0.458181 0.569766 0)
(0.574292 0.630325 0)
(0.669715 0.55834 0)
(0.749886 0.424534 0)
(0.812383 0.304708 0)
(0.780681 0.233236 0)
(0.800895 0.182978 0)
(0.837973 0.138228 0)
(0.833548 0.0836012 0)
(0.80413 0.02144 0)
(0.735042 -0.04053 0)
(0.510562 -0.181325 0)
(-0.107582 -0.584655 0)
(-0.352904 -0.770397 0)
(-0.478224 -0.917744 0)
(-0.443861 -1.1421 0)
(-0.192704 -1.23226 0)
(0.20396 0.418867 0)
(0.341085 0.460837 0)
(0.441443 0.51444 0)
(0.592506 0.538404 0)
(0.744142 0.490242 0)
(0.844357 0.392841 0)
(0.888759 0.295508 0)
(0.899806 0.226445 0)
(0.899586 0.17896 0)
(0.896614 0.136429 0)
(0.887023 0.089296 0)
(0.863045 0.0394061 0)
(0.825399 -0.0151937 0)
(0.778569 -0.067604 0)
(0.715031 -0.126703 0)
(0.358574 -0.399305 0)
(-0.0373944 -0.782118 0)
(-0.30461 -1.17989 0)
(-0.20227 -1.51714 0)
(0.472453 0.400728 0)
(0.522507 0.423884 0)
(0.590437 0.455434 0)
(0.691374 0.460995 0)
(0.79719 0.426881 0)
(0.874223 0.36158 0)
(0.914383 0.288517 0)
(0.928039 0.229501 0)
(0.928961 0.185449 0)
(0.922752 0.145362 0)
(0.909137 0.101373 0)
(0.887249 0.0550857 0)
(0.859878 0.00978648 0)
(0.823596 -0.0318872 0)
(0.773307 -0.0776846 0)
(0.70822 -0.137594 0)
(0.508801 -0.302078 0)
(0.0242535 -0.955093 0)
(-0.141899 -1.76997 0)
(0.593039 0.35306 0)
(0.647757 0.373974 0)
(0.705398 0.392233 0)
(0.772479 0.391809 0)
(0.841304 0.363033 0)
(0.897619 0.313976 0)
(0.933751 0.262034 0)
(0.950242 0.220393 0)
(0.951294 0.188366 0)
(0.940065 0.157588 0)
(0.918386 0.121264 0)
(0.88781 0.0796245 0)
(0.850599 0.0354934 0)
(0.811065 -0.00798863 0)
(0.77403 -0.0492189 0)
(0.73366 -0.0951557 0)
(0.677897 -0.152457 0)
(0.486569 -0.468375 0)
(0.0823177 -1.93527 0)
(0.643256 0.295169 0)
(0.703574 0.317922 0)
(0.762056 0.333248 0)
(0.820218 0.330865 0)
(0.876087 0.306946 0)
(0.923538 0.270524 0)
(0.956855 0.235255 0)
(0.97277 0.209935 0)
(0.970585 0.192748 0)
(0.950993 0.176141 0)
(0.916994 0.1528 0)
(0.873478 0.120851 0)
(0.824868 0.0802318 0)
(0.776223 0.0311897 0)
(0.735312 -0.0237007 0)
(0.705004 -0.0737891 0)
(0.671896 -0.114004 0)
(0.594584 -0.209653 0)
(0.38816 -1.46233 0)
(0.66527 0.259483 0)
(0.722871 0.282588 0)
(0.784558 0.297614 0)
(0.84616 0.295609 0)
(0.902509 0.274791 0)
(0.947262 0.245469 0)
(0.977322 0.220197 0)
(0.989905 0.206435 0)
(0.982486 0.20097 0)
(0.951671 0.194865 0)
(0.901472 0.179754 0)
(0.840487 0.159181 0)
(0.774939 0.131432 0)
(0.714067 0.0833521 0)
(0.668022 0.0164982 0)
(0.639721 -0.0500678 0)
(0.624458 -0.0902416 0)
(0.582013 -0.142673 0)
(0.530056 -0.687972 0)
(0.651991 0.241528 0)
(0.710635 0.261663 0)
(0.781505 0.274442 0)
(0.85516 0.273036 0)
(0.919043 0.255195 0)
(0.962783 0.231438 0)
(0.986535 0.212601 0)
(0.991939 0.205918 0)
(0.979344 0.20813 0)
(0.939987 0.214784 0)
(0.872801 0.213003 0)
(0.775254 0.19114 0)
(0.673404 0.162392 0)
(0.607691 0.12386 0)
(0.562029 0.0561537 0)
(0.538131 -0.0254811 0)
(0.540205 -0.0683204 0)
(0.515316 -0.0857798 0)
(0.459956 -0.346392 0)
(0.62249 0.11159 0)
(0.678858 0.124121 0)
(0.745491 0.134355 0)
(0.815979 0.147238 0)
(0.879198 0.16206 0)
(0.909651 0.169246 0)
(0.908318 0.181714 0)
(0.872355 0.212997 0)
(0.836349 0.263409 0)
(0.824724 0.306267 0)
(0.821584 0.295342 0)
(0.767293 0.275101 0)
(0.542724 0.182689 0)
(0.45261 0.140314 0)
(0.4174 0.0687763 0)
(0.404484 -0.0168394 0)
(0.424113 -0.0509323 0)
(0.408842 -0.0239515 0)
(0.342231 -0.084908 0)
(0.546043 0.0845839 0)
(0.587475 0.0756737 0)
(0.618684 0.0700554 0)
(0.638773 0.0769533 0)
(0.648609 0.105491 0)
(0.64306 0.154896 0)
(0.621855 0.209939 0)
(0.584973 0.255292 0)
(0.535634 0.29146 0)
(0.473968 0.341454 0)
(0.383472 0.435932 0)
(0.262424 0.594107 0)
(-0.23625 0.71873 0)
(0.233437 0.128464 0)
(0.268627 0.0387646 0)
(0.27251 -0.0364328 0)
(0.298872 -0.0401615 0)
(0.281067 0.0384987 0)
(0.211501 0.130003 0)
(0.547868 0.0709113 0)
(0.574614 0.0874503 0)
(0.588757 0.103673 0)
(0.588775 0.125918 0)
(0.577104 0.159488 0)
(0.554765 0.203922 0)
(0.521251 0.25262 0)
(0.473359 0.297747 0)
(0.405322 0.340352 0)
(0.311904 0.398065 0)
(0.193187 0.497453 0)
(0.0937341 0.635131 0)
(-0.173466 0.632392 0)
(0.0426093 -0.0682236 0)
(0.138357 -0.0497448 0)
(0.175343 -0.070281 0)
(0.190389 -0.0323518 0)
(0.162643 0.0920327 0)
(0.107125 0.2738 0)
(0.559542 0.0460652 0)
(0.582509 0.0720542 0)
(0.593732 0.100623 0)
(0.591762 0.135231 0)
(0.578068 0.179121 0)
(0.553638 0.232211 0)
(0.517491 0.291383 0)
(0.465776 0.353294 0)
(0.393105 0.41907 0)
(0.297978 0.497494 0)
(0.192393 0.597398 0)
(0.127605 0.689391 0)
(0.0690159 0.58041 0)
(0.0283309 -0.0412076 0)
(0.0546151 -0.111379 0)
(0.109503 -0.098647 0)
(0.112231 -0.0249828 0)
(0.0777426 0.128051 0)
(0.0404777 0.346831 0)
(0.561562 0.0215039 0)
(0.586216 0.0550778 0)
(0.600959 0.0934781 0)
(0.60433 0.138593 0)
(0.596717 0.192851 0)
(0.577926 0.256971 0)
(0.546406 0.329565 0)
(0.499119 0.408622 0)
(0.433274 0.493666 0)
(0.350877 0.585848 0)
(0.26571 0.679292 0)
(0.215209 0.731027 0)
(0.209078 0.586445 0)
(0.0730162 0.104105 0)
(0.0423857 -0.118914 0)
(0.0801894 -0.111205 0)
(0.0783335 -0.0162445 0)
(0.0404065 0.149363 0)
(0.0134007 0.374022 0)
(0.550565 -0.00464643 0)
(0.578874 0.0358588 0)
(0.59916 0.0827051 0)
(0.609926 0.137123 0)
(0.610746 0.201295 0)
(0.600406 0.276469 0)
(0.576867 0.362094 0)
(0.537704 0.456138 0)
(0.481698 0.555588 0)
(0.4118 0.655105 0)
(0.338572 0.739679 0)
(0.283749 0.765039 0)
(0.259722 0.61806 0)
(0.0992056 0.197308 0)
(0.0589265 -0.0859791 0)
(0.0852592 -0.110039 0)
(0.0902592 -0.00779487 0)
(0.0536826 0.16633 0)
(0.0243387 0.390837 0)
(0.529235 -0.0338871 0)
(0.561434 0.0122025 0)
(0.587343 0.0658924 0)
(0.605403 0.12833 0)
(0.614588 0.201824 0)
(0.612916 0.288019 0)
(0.597831 0.386692 0)
(0.566858 0.495235 0)
(0.518894 0.608183 0)
(0.45606 0.715485 0)
(0.385194 0.797425 0)
(0.318031 0.813212 0)
(0.263179 0.677144 0)
(0.0983726 0.291628 0)
(0.0867185 -0.0646141 0)
(0.113587 -0.105733 0)
(0.126232 -0.00526664 0)
(0.0982382 0.185528 0)
(0.0633844 0.429459 0)
(0.502501 -0.0659674 0)
(0.538061 -0.0156634 0)
(0.568819 0.0434061 0)
(0.593143 0.112677 0)
(0.609531 0.194862 0)
(0.615389 0.292031 0)
(0.607588 0.404118 0)
(0.583159 0.527863 0)
(0.540302 0.655836 0)
(0.479713 0.774826 0)
(0.405595 0.862704 0)
(0.324988 0.881482 0)
(0.243286 0.755196 0)
(0.113544 0.357255 0)
(0.117881 -0.0507799 0)
(0.150072 -0.108293 0)
(0.161121 -0.0103347 0)
(0.140019 0.205272 0)
(0.112551 0.511965 0)
(0.474864 -0.100245 0)
(0.513016 -0.0468985 0)
(0.547552 0.0163754 0)
(0.576748 0.0915308 0)
(0.598716 0.1819 0)
(0.610364 0.290065 0)
(0.60803 0.416132 0)
(0.588131 0.556316 0)
(0.547979 0.701665 0)
(0.48699 0.836617 0)
(0.407913 0.937196 0)
(0.315698 0.966063 0)
(0.205819 0.843715 0)
(0.151626 0.362716 0)
(0.157361 -0.0182682 0)
(0.204034 -0.111871 0)
(0.192467 -0.0175223 0)
(0.158738 0.217349 0)
(0.155386 0.620847 0)
(0.449042 -0.136082 0)
(0.488992 -0.0806244 0)
(0.526204 -0.0140281 0)
(0.558821 0.0663412 0)
(0.584675 0.164576 0)
(0.600304 0.283847 0)
(0.601681 0.42449 0)
(0.5848 0.582328 0)
(0.546311 0.747174 0)
(0.484902 0.901374 0)
(0.403309 1.01876 0)
(0.307441 1.05986 0)
(0.155598 0.93364 0)
(0.169792 0.277774 0)
(0.237624 0.0486638 0)
(0.316332 -0.10632 0)
(0.272928 -0.0131576 0)
(0.189862 0.203745 0)
(0.193679 0.795754 0)
(0.425821 -0.17287 0)
(0.466777 -0.115979 0)
(0.50558 -0.046666 0)
(0.540241 0.0385054 0)
(0.568411 0.144437 0)
(0.586447 0.274892 0)
(0.590241 0.430437 0)
(0.575803 0.606543 0)
(0.539724 0.791907 0)
(0.4807 0.966756 0)
(0.403007 1.1018 0)
(0.31868 1.15056 0)
(0.110923 0.998395 0)
(0.310485 0.22261 0)
(0.438205 -0.0035291 0)
(0.50532 -0.10487 0)
(0.46028 0.022177 0)
(0.376828 0.238539 0)
(0.220761 1.11607 0)
(0.404572 -0.209981 0)
(0.445713 -0.152099 0)
(0.485037 -0.0804357 0)
(0.520479 0.00931067 0)
(0.549576 0.122808 0)
(0.568763 0.264317 0)
(0.574226 0.434473 0)
(0.562629 0.628275 0)
(0.531471 0.833229 0)
(0.48074 1.02717 0)
(0.41695 1.17635 0)
(0.358747 1.2208 0)
(0.141437 0.987197 0)
(0.542796 0.0751705 0)
(0.651063 -0.113611 0)
(0.674975 -0.114303 0)
(0.642996 0.0708876 0)
(0.615128 0.402718 0)
(0.324185 1.38463 0)
(0.384006 -0.246748 0)
(0.424493 -0.188124 0)
(0.463321 -0.114303 0)
(0.498394 -0.0201086 0)
(0.527217 0.100768 0)
(0.546534 0.252836 0)
(0.553224 0.436432 0)
(0.545319 0.645631 0)
(0.522415 0.866265 0)
(0.487767 1.07267 0)
(0.453192 1.22406 0)
(0.446629 1.24172 0)
(0.409637 0.890415 0)
(0.661269 -0.155761 0)
(0.724933 -0.19803 0)
(0.731186 -0.124544 0)
(0.709196 0.111291 0)
(0.678238 0.589361 0)
(0.443699 1.67281 0)
(0.362833 -0.282489 0)
(0.401881 -0.223234 0)
(0.439315 -0.147329 0)
(0.47303 -0.0487538 0)
(0.500557 0.0792456 0)
(0.519063 0.241024 0)
(0.52633 0.436072 0)
(0.52221 0.656858 0)
(0.508406 0.886652 0)
(0.491539 1.0944 0)
(0.490349 1.22924 0)
(0.539721 1.20203 0)
(0.658855 0.802085 0)
(0.587439 -0.0359659 0)
(0.629756 -0.257808 0)
(0.657655 -0.130933 0)
(0.626447 0.147234 0)
(0.571538 0.727799 0)
(0.452213 2.06577 0)
(0.340163 -0.316587 0)
(0.377141 -0.256731 0)
(0.412504 -0.178737 0)
(0.444132 -0.0757798 0)
(0.469558 0.0591148 0)
(0.486327 0.229691 0)
(0.493127 0.434009 0)
(0.491383 0.662455 0)
(0.482599 0.895477 0)
(0.475029 1.09412 0)
(0.496349 1.19124 0)
(0.599644 1.09245 0)
(0.772968 0.6771 0)
(0.909516 0.141337 0)
(0.630261 -0.215645 0)
(0.432383 -0.149567 0)
(0.370524 0.182037 0)
(0.281903 0.930888 0)
(0.409092 2.5186 0)
(0.315638 -0.348566 0)
(0.350154 -0.288132 0)
(0.383112 -0.20802 0)
(0.412349 -0.100613 0)
(0.435309 0.0411255 0)
(0.44968 0.219982 0)
(0.45509 0.432145 0)
(0.453079 0.666696 0)
(0.443164 0.901738 0)
(0.429218 1.08854 0)
(0.441293 1.13567 0)
(0.556184 0.947571 0)
(0.759317 0.568397 0)
(0.952334 0.178873 0)
(0.737257 0.0738458 0)
(0.534855 0.125941 0)
(0.115798 0.200771 0)
(-0.12245 0.938333 0)
(0.460009 2.89055 0)
(0.289369 -0.37817 0)
(0.321341 -0.31727 0)
(0.35201 -0.23511 0)
(0.37921 -0.123252 0)
(0.400283 0.0253241 0)
(0.412894 0.212222 0)
(0.41828 0.431227 0)
(0.417773 0.672445 0)
(0.408579 0.914253 0)
(0.383082 1.09935 0)
(0.36806 1.10561 0)
(0.476302 0.771367 0)
(0.711875 0.25147 0)
(0.88496 0.118338 0)
(0.912907 0.148261 0)
(0.893297 0.341375 0)
(1.3195 0.406421 0)
(0.124985 0.712904 0)
(0.521521 3.15535 0)
(0.261772 -0.405389 0)
(0.291429 -0.344351 0)
(0.320405 -0.260503 0)
(0.346661 -0.14456 0)
(0.367624 0.0103704 0)
(0.381181 0.204417 0)
(0.391441 0.427474 0)
(0.402801 0.671533 0)
(0.415547 0.919042 0)
(0.414869 1.09999 0)
(0.446115 1.04288 0)
(0.760082 0.541076 0)
(0.947875 0.142726 0)
(1.00902 0.0921546 0)
(1.02852 0.145222 0)
(0.998574 0.275026 0)
(1.28773 0.457718 0)
(0.538094 1.20732 0)
(0.581477 3.53768 0)
(0.233361 -0.430442 0)
(0.261172 -0.369918 0)
(0.289414 -0.285206 0)
(0.316374 -0.166169 0)
(0.339696 -0.00620971 0)
(0.35758 0.192588 0)
(0.376431 0.414485 0)
(0.408876 0.649817 0)
(0.464253 0.888098 0)
(0.523816 1.04742 0)
(0.621214 0.920718 0)
(0.95813 0.236019 0)
(0.992795 0.11119 0)
(0.998665 0.112509 0)
(0.993801 0.154716 0)
(0.969008 0.212909 0)
(1.06003 0.483289 0)
(0.494979 1.72996 0)
(0.631023 3.96125 0)
(0.20457 -0.453701 0)
(0.231103 -0.39474 0)
(0.259734 -0.310592 0)
(0.289353 -0.190248 0)
(0.318005 -0.027385 0)
(0.343675 0.173261 0)
(0.372519 0.387528 0)
(0.429284 0.596492 0)
(0.530612 0.806759 0)
(0.657535 0.9334 0)
(0.819294 0.745948 0)
(0.976765 0.140358 0)
(0.983172 0.103272 0)
(0.978187 0.109077 0)
(0.967623 0.165551 0)
(0.964119 0.230454 0)
(0.960485 0.492658 0)
(0.611763 2.04767 0)
(0.615445 4.28964 0)
(0.175619 -0.475542 0)
(0.201322 -0.41959 0)
(0.231275 -0.338107 0)
(0.265326 -0.219263 0)
(0.302444 -0.0568022 0)
(0.340613 0.142618 0)
(0.381925 0.345211 0)
(0.458311 0.506998 0)
(0.575867 0.671541 0)
(0.734827 0.787659 0)
(0.892383 0.639225 0)
(0.969474 0.115118 0)
(0.971548 0.0932227 0)
(0.961295 0.120405 0)
(0.943184 0.189544 0)
(0.930942 0.270172 0)
(0.909351 0.521585 0)
(0.587442 2.51283 0)
(0.230264 4.87079 0)
(0.146491 -0.496148 0)
(0.171444 -0.444891 0)
(0.202959 -0.368606 0)
(0.24198 -0.254816 0)
(0.288741 -0.0971905 0)
(0.341356 0.0964924 0)
(0.399474 0.29281 0)
(0.480489 0.416718 0)
(0.573182 0.537277 0)
(0.69548 0.635318 0)
(0.845676 0.531522 0)
(0.941819 0.100332 0)
(0.948567 0.0833799 0)
(0.934754 0.137852 0)
(0.909592 0.22451 0)
(0.878032 0.326132 0)
(0.814775 0.655976 0)
(0.362519 2.96814 0)
(0.116168 5.08216 0)
(0.1171 -0.515383 0)
(0.140912 -0.470459 0)
(0.173379 -0.401813 0)
(0.216296 -0.296397 0)
(0.270626 -0.147313 0)
(0.334282 0.0388314 0)
(0.405065 0.234952 0)
(0.470919 0.358367 0)
(0.531478 0.463264 0)
(0.606271 0.529606 0)
(0.73158 0.407665 0)
(0.889534 0.0512807 0)
(0.90607 0.0711638 0)
(0.889701 0.159514 0)
(0.862157 0.271501 0)
(0.824686 0.403827 0)
(0.732321 0.797871 0)
(0.22541 3.30387 0)
(0.130706 5.21694 0)
(0.0874896 -0.532802 0)
(0.109408 -0.495615 0)
(0.14171 -0.43666 0)
(0.186868 -0.342267 0)
(0.246341 -0.204222 0)
(0.31824 -0.0261815 0)
(0.398798 0.171196 0)
(0.454608 0.316358 0)
(0.491394 0.418055 0)
(0.510027 0.48157 0)
(0.643292 0.287991 0)
(0.806824 -0.0427013 0)
(0.819668 0.0638244 0)
(0.811925 0.179546 0)
(0.78946 0.315665 0)
(0.77058 0.489553 0)
(0.707424 0.933214 0)
(0.24774 3.6417 0)
(0.257492 5.34028 0)
(0.0579658 -0.547731 0)
(0.0769586 -0.519384 0)
(0.107671 -0.471828 0)
(0.153344 -0.390802 0)
(0.216297 -0.266281 0)
(0.295616 -0.09784 0)
(0.385684 0.0998988 0)
(0.454769 0.286677 0)
(0.493431 0.393497 0)
(0.484765 0.449283 0)
(0.654173 0.0128642 0)
(0.685491 -0.0557315 0)
(0.693586 0.0576145 0)
(0.694097 0.18744 0)
(0.679926 0.342865 0)
(0.670725 0.558148 0)
(0.657392 0.946717 0)
(0.374525 3.90019 0)
(0.482148 5.51547 0)
(0.0292297 -0.559292 0)
(0.0440081 -0.540519 0)
(0.0713397 -0.505779 0)
(0.115456 -0.440495 0)
(0.180175 -0.33295 0)
(0.266657 -0.178365 0)
(0.370276 0.0159838 0)
(0.475024 0.223394 0)
(0.537346 0.369353 0)
(0.597176 0.424373 0)
(0.566162 -0.0748833 0)
(0.55263 -0.0458682 0)
(0.550568 0.0601694 0)
(0.551399 0.193993 0)
(0.544918 0.358255 0)
(0.537549 0.582835 0)
(0.535273 0.943379 0)
(0.384841 4.08908 0)
(0.706426 5.8843 0)
(0.00254002 -0.566462 0)
(0.0116359 -0.557449 0)
(0.0333152 -0.536455 0)
(0.0728814 -0.489142 0)
(0.136034 -0.402758 0)
(0.22679 -0.268846 0)
(0.344001 -0.0877425 0)
(0.478681 0.124616 0)
(0.590046 0.31771 0)
(0.706327 0.406951 0)
(0.54696 0.0871939 0)
(0.42797 -0.0426151 0)
(0.40776 0.0781094 0)
(0.408777 0.210846 0)
(0.405029 0.373793 0)
(0.391487 0.580522 0)
(0.390504 1.00402 0)
(0.13487 4.16366 0)
(0.639071 6.39875 0)
(-0.0201464 -0.568248 0)
(-0.0180777 -0.568356 0)
(-0.0045782 -0.561139 0)
(0.0265708 -0.533247 0)
(0.0830172 -0.471841 0)
(0.172139 -0.365862 0)
(0.297612 -0.209494 0)
(0.455332 -0.00807412 0)
(0.620783 0.208925 0)
(0.771305 0.373743 0)
(0.753654 0.309145 0)
(0.345968 0.0524841 0)
(0.301828 0.0847154 0)
(0.292375 0.215748 0)
(0.286301 0.36011 0)
(0.243289 0.557706 0)
(0.282044 1.21994 0)
(-0.149883 4.09006 0)
(0.320128 6.569 0)
(-0.03625 -0.564011 0)
(-0.0418484 -0.571545 0)
(-0.0386476 -0.576788 0)
(-0.0199964 -0.568177 0)
(0.0232107 -0.533986 0)
(0.10154 -0.46217 0)
(0.223977 -0.342215 0)
(0.393174 -0.170056 0)
(0.596213 0.0434459 0)
(0.802947 0.26616 0)
(0.926781 0.404307 0)
(0.844692 0.411414 0)
(0.338556 0.111187 0)
(0.21081 0.202294 0)
(0.199165 0.342091 0)
(0.185467 0.51262 0)
(0.154533 1.57488 0)
(-0.290658 4.11912 0)
(0.0589835 6.45558 0)
(-0.0431126 -0.554048 0)
(-0.0555038 -0.56619 0)
(-0.0631372 -0.580883 0)
(-0.0597865 -0.589077 0)
(-0.0359797 -0.58138 0)
(0.020917 -0.546796 0)
(0.12492 -0.472463 0)
(0.286796 -0.346669 0)
(0.506696 -0.165219 0)
(0.768768 0.0623356 0)
(1.02731 0.297764 0)
(1.22809 0.494551 0)
(1.20404 0.506952 0)
(1.081 0.384065 0)
(0.943571 0.399469 0)
(0.666449 0.662156 0)
(0.15204 1.79718 0)
(-0.285587 4.24577 0)
(-0.0915193 6.22357 0)
(-0.0393894 -0.540332 0)
(-0.0554734 -0.553521 0)
(-0.0714545 -0.573052 0)
(-0.0827084 -0.592812 0)
(-0.0811418 -0.606844 0)
(-0.0542431 -0.607134 0)
(0.0146079 -0.5817 0)
(0.143168 -0.514813 0)
(0.343802 -0.391376 0)
(0.615156 -0.204733 0)
(0.930922 0.030264 0)
(1.24924 0.276372 0)
(1.45689 0.426072 0)
(1.47821 0.490094 0)
(1.29979 0.641636 0)
(0.914287 1.0811 0)
(0.274942 2.20338 0)
(-0.270719 4.4849 0)
(-0.182346 5.97925 0)
(-0.026964 -0.526479 0)
(-0.0416222 -0.537358 0)
(-0.0598177 -0.556494 0)
(-0.0794872 -0.580526 0)
(-0.095729 -0.60723 0)
(-0.0993471 -0.633136 0)
(-0.0755134 -0.650331 0)
(-0.00428286 -0.643824 0)
(0.135734 -0.592013 0)
(0.357804 -0.473184 0)
(0.652858 -0.279174 0)
(0.986096 -0.0240864 0)
(1.27134 0.238626 0)
(1.39416 0.51368 0)
(1.27379 0.894835 0)
(0.902388 1.55526 0)
(0.284173 2.76193 0)
(-0.338808 4.8292 0)
(-0.294951 5.70574 0)
(-0.0117447 -0.515743 0)
(-0.020208 -0.522741 0)
(-0.032835 -0.537739 0)
(-0.050107 -0.559148 0)
(-0.0710691 -0.587586 0)
(-0.0922283 -0.623917 0)
(-0.105793 -0.666163 0)
(-0.097784 -0.705158 0)
(-0.0471808 -0.720397 0)
(0.0706447 -0.681596 0)
(0.270781 -0.555047 0)
(0.540986 -0.316915 0)
(0.816087 0.0315984 0)
(0.979615 0.480211 0)
(0.930251 1.08682 0)
(0.627881 1.96871 0)
(0.051099 3.30944 0)
(-0.529449 5.17772 0)
(-0.425316 5.27637 0)
(-0.00112235 -0.509575 0)
(-0.00318917 -0.514457 0)
(-0.0067345 -0.525778 0)
(-0.0130962 -0.542359 0)
(-0.0236416 -0.565596 0)
(-0.0396082 -0.598109 0)
(-0.0614395 -0.64155 0)
(-0.08758 -0.69298 0)
(-0.111437 -0.740056 0)
(-0.115393 -0.757033 0)
(-0.0703287 -0.702697 0)
(0.0489656 -0.525011 0)
(0.221196 -0.157504 0)
(0.359451 0.41988 0)
(0.355008 1.2147 0)
(0.123327 2.31293 0)
(-0.382655 3.84106 0)
(-0.810795 5.47118 0)
(-0.54978 4.80903 0)
(0.00100835 -0.513969 0)
(0.00123707 -0.519626 0)
(0.00164506 -0.530737 0)
(0.00207439 -0.546243 0)
(0.00237475 -0.566867 0)
(0.00194406 -0.594054 0)
(-0.000644868 -0.628048 0)
(-0.00825261 -0.664525 0)
(-0.0266261 -0.691832 0)
(-0.0634102 -0.691788 0)
(-0.120818 -0.63811 0)
(-0.186955 -0.489979 0)
(-0.262021 -0.15337 0)
(-0.279183 0.474967 0)
(-0.348821 1.42686 0)
(-0.542423 2.71301 0)
(-0.863545 4.26338 0)
(-0.999938 5.26148 0)
(-0.569439 3.69565 0)
)
;

boundaryField
{
    leftWall
    {
        type            noSlip;
    }
    rightWall
    {
        type            noSlip;
    }
    lowerWall
    {
        type            noSlip;
    }
    atmosphere
    {
        type            pressureInletOutletVelocity;
        value           nonuniform List<vector> 
46
(
(0 -0.304773 0)
(0 -0.494746 0)
(0 -0.473138 0)
(0 -0.467948 0)
(0 -0.464873 0)
(0 -0.463483 0)
(0 -0.463069 0)
(0 -0.463285 0)
(0 -0.463943 0)
(0 -0.464934 0)
(0 -0.466183 0)
(0 -0.467629 0)
(0 -0.469217 0)
(0 -0.470894 0)
(0 -0.47261 0)
(0 -0.474324 0)
(0 -0.476009 0)
(0 -0.477681 0)
(0 -0.479425 0)
(0 -0.481464 0)
(0 -0.484282 0)
(0 -0.488876 0)
(0 -0.497073 0)
(0 -0.506803 0)
(0 -0.511928 0)
(0 -0.514693 0)
(0 -0.515104 0)
(0 -0.513969 0)
(0 -0.519626 0)
(0 -0.530737 0)
(0 -0.546243 0)
(0 -0.566867 0)
(0 -0.594054 0)
(0 -0.628048 0)
(0 -0.664525 0)
(0 -0.691832 0)
(0 -0.691788 0)
(0 -0.63811 0)
(0 -0.489979 0)
(0 -0.15337 0)
(-0.279183 0.474967 0)
(-0.348821 1.42686 0)
(-0.542423 2.71301 0)
(-0.863545 4.26338 0)
(-0.999938 5.26148 0)
(-0.569439 3.69565 0)
)
;
    }
    defaultFaces
    {
        type            empty;
    }
}


// ************************************************************************* //
