/*--------------------------------*- C++ -*----------------------------------*\
  =========                 |
  \\      /  F ield         | OpenFOAM: The Open Source CFD Toolbox
   \\    /   O peration     | Website:  https://openfoam.org
    \\  /    A nd           | Version:  7
     \\/     M anipulation  |
\*---------------------------------------------------------------------------*/
FoamFile
{
    version     2.0;
    format      ascii;
    class       volScalarField;
    location    "0.15";
    object      epsilon;
}
// * * * * * * * * * * * * * * * * * * * * * * * * * * * * * * * * * * * * * //

dimensions      [0 2 -3 0 0 0 0];

internalField   nonuniform List<scalar> 
7700
(
0.0751316
0.202001
0.333613
0.44266
0.533459
0.610439
0.676851
0.735302
0.788016
0.836913
0.883678
0.929827
0.976768
1.02585
1.07842
1.13583
1.19944
1.27059
1.35049
1.44007
1.5397
1.64888
1.76586
1.88725
2.00783
2.12058
2.21727
2.28945
2.32988
2.33392
2.30016
2.22827
2.11836
1.98823
1.8513
1.71391
1.58685
1.48169
1.40694
1.3654
1.35347
1.36173
1.3437
1.24393
1.1142
0.774651
0.135779
0.167373
0.205617
0.236235
0.260475
0.280087
0.296419
0.310499
0.323123
0.33492
0.346405
0.358021
0.370164
0.38321
0.397533
0.413513
0.431539
0.451997
0.475237
0.501517
0.530926
0.563275
0.59799
0.634004
0.669721
0.703069
0.731714
0.753439
0.766644
0.770815
0.766642
0.755868
0.741384
0.731233
0.723775
0.711663
0.69305
0.669865
0.646596
0.629357
0.623483
0.631585
0.653389
0.709657
1.10904
1.39661
0.190043
0.189533
0.204337
0.215722
0.224107
0.230493
0.235642
0.240137
0.244421
0.248828
0.253622
0.25902
0.265217
0.272402
0.280766
0.290507
0.301829
0.314924
0.329949
0.34698
0.365956
0.386612
0.408408
0.430485
0.451664
0.470526
0.485606
0.495699
0.500234
0.499618
0.495347
0.489765
0.485489
0.485377
0.490491
0.497439
0.503084
0.507149
0.513443
0.529486
0.565478
0.636279
0.769046
0.929096
1.29904
1.93023
0.230402
0.21052
0.212557
0.213699
0.213867
0.213632
0.213387
0.213428
0.213981
0.215212
0.217246
0.220192
0.224146
0.229209
0.235488
0.243098
0.25215
0.26274
0.274919
0.288654
0.303782
0.319961
0.336623
0.352957
0.367936
0.38042
0.389341
0.393978
0.394266
0.391056
0.386149
0.381957
0.380814
0.384492
0.393918
0.408326
0.427402
0.452983
0.490652
0.551077
0.652742
0.838405
1.23344
1.77457
2.00545
2.27694
0.261829
0.226012
0.219764
0.214479
0.20947
0.205063
0.201449
0.198751
0.197052
0.196404
0.196841
0.198396
0.201102
0.205002
0.210147
0.216593
0.224392
0.233569
0.244101
0.255883
0.268684
0.282117
0.295608
0.308402
0.319607
0.328304
0.333725
0.335492
0.333866
0.329936
0.325603
0.32323
0.325016
0.332648
0.347573
0.370982
0.405381
0.455995
0.532815
0.653541
0.849704
1.18273
1.70673
2.34275
2.59665
2.34366
0.287311
0.236632
0.224516
0.215046
0.206641
0.19944
0.193535
0.18896
0.185713
0.183771
0.183107
0.183698
0.185531
0.188606
0.19293
0.198516
0.205366
0.213455
0.222708
0.23297
0.243975
0.255324
0.266469
0.276737
0.285382
0.291693
0.295156
0.295651
0.293646
0.290335
0.28761
0.287757
0.292996
0.305453
0.327802
0.363638
0.418774
0.503038
0.633358
0.843032
1.17716
1.60226
1.93369
2.32869
2.695
2.16517
0.308642
0.243716
0.227124
0.214836
0.204177
0.195078
0.187575
0.181659
0.177284
0.174382
0.172883
0.172727
0.173864
0.176259
0.179888
0.184726
0.190738
0.197864
0.205992
0.21494
0.224433
0.234086
0.243409
0.251829
0.258752
0.263663
0.266258
0.266606
0.265287
0.263504
0.263069
0.266189
0.275265
0.29333
0.325038
0.377164
0.459351
0.585828
0.786188
1.09356
1.46017
1.71369
1.83183
2.10018
2.44172
1.96345
0.326979
0.248422
0.228213
0.213933
0.201745
0.191344
0.182716
0.175829
0.170611
0.16697
0.164807
0.164034
0.164578
0.166375
0.169374
0.173523
0.17876
0.184998
0.192108
0.199897
0.208103
0.216379
0.224307
0.23143
0.237303
0.241586
0.244147
0.245177
0.245299
0.245656
0.247931
0.254233
0.267256
0.29131
0.333653
0.403495
0.512463
0.679705
0.913486
1.17486
1.38218
1.50436
1.60279
1.85185
2.15005
1.77764
0.343107
0.251585
0.228336
0.212562
0.199295
0.187985
0.178558
0.170961
0.165108
0.160887
0.158184
0.156892
0.156917
0.158176
0.160596
0.164106
0.168626
0.174054
0.180253
0.187041
0.19418
0.201378
0.208303
0.214612
0.220006
0.224294
0.227478
0.229829
0.231961
0.234915
0.240202
0.249751
0.266483
0.296008
0.346955
0.429356
0.553906
0.717152
0.888264
1.03672
1.15479
1.25713
1.39444
1.66388
1.99178
1.65382
0.357577
0.253763
0.227887
0.210921
0.196855
0.184894
0.174893
0.166775
0.160438
0.155761
0.152617
0.150884
0.150455
0.151231
0.153126
0.156054
0.159925
0.164632
0.170044
0.175998
0.182295
0.188708
0.194994
0.200925
0.206333
0.211158
0.21551
0.219706
0.224326
0.230304
0.238905
0.251721
0.271641
0.305041
0.362094
0.449433
0.559485
0.674076
0.777473
0.865096
0.948121
1.05457
1.2373
1.56396
2.0803
1.76896
0.0620398
0.0853796
0.0864079
0.407688
0.467322
0.50649
0.529305
0.540546
0.543977
0.542348
0.537576
0.530935
0.523623
0.518144
0.51322
0.508394
0.503677
0.499114
0.494715
0.490467
0.486353
0.482353
0.478447
0.474603
0.47077
0.466865
0.462759
0.458266
0.453116
0.446936
0.439214
0.429256
0.41614
0.398646
0.375339
0.085861
0.0862328
0.368087
0.0843481
0.0834912
0.140521
0.14337
0.188578
0.221179
0.237431
0.245969
0.249904
0.251254
0.251234
0.250521
0.249476
0.248309
0.247266
0.246866
0.246622
0.246298
0.245867
0.245344
0.24475
0.244103
0.243414
0.242692
0.241946
0.241178
0.240389
0.239571
0.238705
0.237758
0.236672
0.235357
0.233675
0.231419
0.228279
0.223782
0.216989
0.200202
0.184016
0.165073
0.128323
0.137778
0.184924
0.176422
0.196598
0.207654
0.210368
0.208481
0.204765
0.200854
0.197502
0.194936
0.193123
0.191938
0.191282
0.19113
0.191239
0.191409
0.191548
0.191622
0.191621
0.191547
0.191408
0.191215
0.190981
0.190715
0.190429
0.190132
0.18983
0.189527
0.189217
0.188886
0.188497
0.187985
0.187227
0.18601
0.183915
0.179744
0.17336
0.164393
0.154648
0.192525
0.229592
0.206897
0.218966
0.219765
0.212611
0.202412
0.19231
0.183765
0.177191
0.172481
0.169318
0.167348
0.16626
0.165827
0.165794
0.165947
0.166158
0.166358
0.16651
0.166602
0.166634
0.166614
0.166552
0.166463
0.166362
0.166266
0.166194
0.166168
0.166209
0.166342
0.166583
0.166939
0.167393
0.167884
0.168264
0.168212
0.167549
0.166789
0.170787
0.242037
0.270651
0.243735
0.253964
0.245562
0.227767
0.208402
0.191333
0.177792
0.167743
0.160657
0.155897
0.152868
0.151079
0.150174
0.149829
0.149796
0.149915
0.150085
0.15025
0.15038
0.150467
0.150512
0.150526
0.150521
0.150516
0.150533
0.1506
0.15075
0.151023
0.151467
0.152132
0.153074
0.154344
0.155984
0.158015
0.160456
0.16351
0.168374
0.18198
0.282761
0.315786
0.293234
0.303447
0.284087
0.253084
0.222446
0.197027
0.177685
0.163705
0.153975
0.147431
0.143192
0.140576
0.139098
0.138354
0.138054
0.138001
0.138068
0.138177
0.138286
0.138375
0.138439
0.138485
0.138525
0.13858
0.138676
0.138845
0.139131
0.139584
0.14027
0.141265
0.142656
0.144544
0.147043
0.150296
0.154522
0.160241
0.169229
0.190197
0.315654
0.350442
0.360917
0.368505
0.335239
0.287764
0.243152
0.207613
0.18146
0.163021
0.150374
0.141898
0.136358
0.13285
0.130745
0.129558
0.128947
0.128681
0.128606
0.128624
0.128678
0.12874
0.128798
0.128854
0.12892
0.129017
0.129173
0.129426
0.129824
0.13043
0.13132
0.132586
0.134343
0.136726
0.139905
0.144107
0.149696
0.157434
0.169576
0.196358
0.342098
0.375931
0.458947
0.450095
0.398015
0.330582
0.269251
0.221829
0.187908
0.164548
0.148781
0.138286
0.131404
0.126985
0.124237
0.122591
0.121652
0.121153
0.120915
0.120822
0.120804
0.120823
0.12086
0.120914
0.120995
0.121123
0.121329
0.121653
0.122151
0.122889
0.123955
0.125454
0.127518
0.13031
0.134042
0.139004
0.145668
0.154982
0.169594
0.201015
0.363313
0.615156
0.614842
0.552912
0.470808
0.379061
0.298719
0.238168
0.195895
0.167393
0.148451
0.135947
0.127747
0.122441
0.119067
0.11697
0.115705
0.114969
0.114561
0.114349
0.11425
0.114216
0.114224
0.114268
0.114356
0.114509
0.114758
0.115146
0.115732
0.116589
0.11781
0.119511
0.121838
0.124975
0.129164
0.134746
0.142273
0.15284
0.169411
0.204548
0.380306
1.43202
0.850117
0.677301
0.549429
0.428846
0.328454
0.254643
0.204149
0.170699
0.148761
0.134388
0.124977
0.118849
0.114894
0.112376
0.110801
0.109838
0.109263
0.108931
0.108748
0.108658
0.108633
0.108663
0.108755
0.108928
0.109214
0.10966
0.110325
0.111288
0.112647
0.114527
0.117082
0.120512
0.125085
0.131178
0.139408
0.150982
0.169119
0.207235
0.3939
0.370787
0.255314
0.227111
0.209138
0.194444
0.181997
0.171575
0.163069
0.156363
0.151325
0.147818
0.145711
0.144885
0.145232
0.146656
0.149065
0.152363
0.156448
0.161203
0.166495
0.172173
0.178079
0.184063
0.190008
0.195866
0.201696
0.207694
0.214214
0.221805
0.231286
0.243593
0.259824
0.282578
0.319484
0.379087
0.454722
0.532853
0.603023
0.661498
0.714131
0.779513
0.891634
1.10915
1.51914
2.26102
1.66461
0.383167
0.25648
0.22615
0.207283
0.192066
0.179243
0.168507
0.159713
0.152726
0.147405
0.143604
0.141183
0.140017
0.139992
0.141005
0.142962
0.145772
0.149343
0.15358
0.158386
0.163666
0.169334
0.175334
0.181657
0.188369
0.195637
0.203741
0.213068
0.224154
0.237685
0.25421
0.27429
0.299745
0.339261
0.392056
0.445559
0.49225
0.528986
0.557756
0.588629
0.642143
0.752844
0.979695
1.42873
2.20478
1.95009
0.394824
0.257392
0.225095
0.205409
0.189741
0.176618
0.165646
0.15664
0.149445
0.143907
0.139873
0.137197
0.135749
0.135411
0.136079
0.137661
0.140076
0.143247
0.14711
0.151608
0.156705
0.162391
0.168703
0.175737
0.183671
0.192776
0.203417
0.21602
0.231132
0.249271
0.270566
0.294614
0.322285
0.360132
0.397769
0.427432
0.448053
0.460508
0.469553
0.486089
0.529073
0.629117
0.837248
1.24818
1.9485
2.23705
0.405902
0.258138
0.223994
0.203542
0.187471
0.1741
0.162948
0.153787
0.146442
0.140743
0.13653
0.133653
0.131979
0.131387
0.131778
0.133065
0.135179
0.138067
0.141695
0.146056
0.151173
0.157115
0.164011
0.172061
0.181555
0.192875
0.20647
0.222824
0.242495
0.265812
0.292552
0.320241
0.349447
0.378869
0.397052
0.404894
0.405136
0.400613
0.396833
0.403629
0.436601
0.520106
0.693577
1.02536
1.59594
2.13445
0.416508
0.258774
0.222876
0.201695
0.185253
0.17167
0.160379
0.151108
0.143657
0.137844
0.1335
0.130473
0.128624
0.127838
0.128017
0.129087
0.130994
0.13371
0.137239
0.141622
0.146947
0.153362
0.161088
0.170435
0.181806
0.195699
0.212658
0.233249
0.258028
0.287076
0.319609
0.350241
0.378784
0.393671
0.391997
0.381378
0.366372
0.350403
0.338548
0.33872
0.36272
0.428457
0.564097
0.814214
1.23912
1.75582
0.426719
0.259335
0.221753
0.199872
0.183083
0.169315
0.157915
0.148566
0.141045
0.135157
0.130725
0.127591
0.125618
0.124692
0.124724
0.125651
0.127439
0.130089
0.133643
0.138195
0.143899
0.150983
0.159766
0.170667
0.184215
0.201028
0.221759
0.247089
0.277573
0.313061
0.351492
0.385119
0.407513
0.404417
0.384669
0.359242
0.333179
0.309758
0.293026
0.288778
0.305346
0.355123
0.45712
0.639377
0.939081
1.33395
0.436593
0.259842
0.220632
0.198075
0.180959
0.167024
0.155537
0.146136
0.138574
0.132642
0.128157
0.124956
0.122904
0.12189
0.121834
0.122687
0.124438
0.127118
0.130812
0.135666
0.141903
0.149834
0.15988
0.172577
0.188585
0.208662
0.233586
0.264179
0.301004
0.343871
0.388769
0.424626
0.434205
0.412263
0.376833
0.339772
0.305863
0.277751
0.25822
0.251093
0.261858
0.298665
0.37379
0.50442
0.710669
0.983528
0.446168
0.260305
0.219516
0.196306
0.178877
0.164792
0.153233
0.143799
0.136219
0.130269
0.12576
0.122527
0.120435
0.119379
0.119289
0.120132
0.121921
0.12472
0.128656
0.133932
0.14084
0.149781
0.161279
0.175998
0.194744
0.218425
0.247985
0.284404
0.328231
0.379219
0.429884
0.46437
0.457207
0.417761
0.369307
0.323328
0.28398
0.253032
0.231995
0.223017
0.229396
0.25621
0.311049
0.403984
0.544711
0.725831
0.455472
0.260731
0.218404
0.194562
0.176838
0.162614
0.150996
0.141544
0.133962
0.128016
0.123509
0.120273
0.118175
0.117118
0.117042
0.117932
0.119826
0.122822
0.127093
0.132898
0.140603
0.150701
0.163828
0.180786
0.20254
0.230168
0.264828
0.307677
0.359263
0.41882
0.474533
0.501271
0.475636
0.421157
0.36233
0.309721
0.266715
0.234144
0.212369
0.202186
0.205271
0.22454
0.26442
0.33041
0.426374
0.545473
0.464523
0.261122
0.217294
0.192845
0.174841
0.16049
0.148823
0.139363
0.131794
0.125868
0.121382
0.118167
0.116094
0.115071
0.115051
0.116039
0.118098
0.121362
0.126049
0.13248
0.141098
0.152489
0.167415
0.186822
0.211851
0.243774
0.284006
0.333906
0.394193
0.463567
0.52295
0.534534
0.490227
0.422969
0.35597
0.298534
0.253153
0.219735
0.197652
0.186651
0.187224
0.200785
0.229664
0.276506
0.342158
0.420706
0.473332
0.261477
0.216185
0.191154
0.172885
0.158417
0.146711
0.137253
0.129706
0.123814
0.119366
0.116193
0.11417
0.113211
0.113285
0.114415
0.116692
0.120286
0.125465
0.13261
0.142245
0.15506
0.171945
0.194009
0.222581
0.259154
0.305425
0.362972
0.432855
0.512259
0.570809
0.562984
0.501418
0.423435
0.350088
0.289243
0.242416
0.208648
0.186494
0.174899
0.173506
0.182693
0.203421
0.236611
0.281664
0.33378
0.481906
0.261794
0.215075
0.189487
0.170971
0.156399
0.144661
0.135212
0.127697
0.121848
0.117452
0.114338
0.112385
0.111518
0.111718
0.113029
0.115572
0.119553
0.125291
0.133232
0.143984
0.158347
0.177349
0.202273
0.234656
0.276242
0.329016
0.394757
0.474788
0.561621
0.612775
0.585016
0.508818
0.422363
0.344376
0.281309
0.233738
0.199953
0.177859
0.16581
0.162842
0.168629
0.183247
0.206643
0.237597
0.272368
0.490248
0.262072
0.213961
0.187844
0.169099
0.154434
0.142674
0.133241
0.125765
0.119969
0.115634
0.112594
0.110729
0.109976
0.110331
0.111859
0.114709
0.11913
0.125489
0.134303
0.146268
0.162299
0.183574
0.211561
0.24802
0.294981
0.354723
0.429226
0.519721
0.610864
0.647413
0.600246
0.512356
0.41967
0.338583
0.274278
0.226505
0.192937
0.170988
0.158583
0.154338
0.157457
0.167463
0.183768
0.204994
0.228277
0.49836
0.262308
0.21284
0.186223
0.16727
0.152523
0.14075
0.13134
0.12391
0.118173
0.11391
0.110955
0.109195
0.108576
0.109111
0.110887
0.114085
0.118993
0.126034
0.135795
0.149066
0.166886
0.190589
0.221841
0.262638
0.315322
0.382484
0.466424
0.568376
0.660401
0.675211
0.610085
0.512821
0.415608
0.332605
0.267815
0.220248
0.187072
0.165335
0.152661
0.147385
0.148403
0.154914
0.166064
0.180516
0.196085
0.506244
0.262497
0.211709
0.184624
0.165481
0.150668
0.13889
0.129511
0.122132
0.116463
0.112279
0.10942
0.107778
0.107312
0.10805
0.110105
0.113688
0.11913
0.12691
0.137691
0.152362
0.172091
0.198379
0.233098
0.278491
0.337223
0.412203
0.506198
0.620005
0.707531
0.697796
0.616255
0.511059
0.410438
0.326377
0.261671
0.214624
0.181981
0.160519
0.147665
0.14157
0.140944
0.144804
0.152194
0.161895
0.172234
0.5139
0.262637
0.210565
0.183043
0.163734
0.148869
0.137096
0.127756
0.120435
0.114838
0.110743
0.107988
0.106478
0.106182
0.107146
0.109507
0.113511
0.119532
0.128109
0.139984
0.156149
0.177911
0.206944
0.245335
0.295581
0.36066
0.443764
0.548168
0.671004
0.746849
0.714296
0.618755
0.507098
0.404145
0.319789
0.255651
0.209386
0.177399
0.156283
0.143341
0.136618
0.134721
0.136581
0.141223
0.14757
0.154329
0.52133
0.262724
0.209405
0.181479
0.162027
0.147126
0.13537
0.126076
0.118821
0.113303
0.109302
0.106663
0.105296
0.105186
0.106398
0.109094
0.113554
0.120201
0.129633
0.142676
0.160432
0.184353
0.216295
0.258564
0.313926
0.385642
0.477118
0.591814
0.717965
0.775635
0.723115
0.616683
0.500627
0.396626
0.312752
0.24962
0.204365
0.17315
0.152454
0.139519
0.13234
0.12948
0.129843
0.13248
0.136448
0.140732
0.528539
0.262753
0.208224
0.179929
0.160359
0.145439
0.133713
0.124475
0.117291
0.11186
0.107962
0.105447
0.104237
0.104329
0.10581
0.108869
0.113823
0.121141
0.131489
0.145777
0.165226
0.191435
0.226451
0.272807
0.333553
0.412228
0.512427
0.637449
0.76182
0.794973
0.724554
0.610329
0.491885
0.388013
0.305282
0.243517
0.199463
0.169122
0.14892
0.136086
0.128608
0.125039
0.124293
0.125472
0.127747
0.130306
0.535538
0.262721
0.207018
0.178391
0.15873
0.143811
0.132128
0.122955
0.115852
0.110514
0.106726
0.104345
0.103305
0.103617
0.10539
0.108841
0.114325
0.122363
0.133689
0.149305
0.170552
0.199184
0.237442
0.288094
0.354487
0.440468
0.549935
0.686054
0.803619
0.807873
0.721647
0.601462
0.481731
0.37866
0.297487
0.237336
0.194627
0.165247
0.145612
0.132969
0.125326
0.121258
0.119706
0.119828
0.120895
0.122244
0.542348
0.262628
0.205784
0.176865
0.157141
0.142244
0.130619
0.121522
0.114508
0.109272
0.105602
0.103367
0.102509
0.103059
0.105147
0.109021
0.115074
0.123882
0.136251
0.15328
0.176435
0.207632
0.249306
0.304463
0.376744
0.470337
0.589654
0.737359
0.843012
0.818432
0.717494
0.591689
0.470876
0.368846
0.289455
0.231084
0.189829
0.161488
0.142487
0.130117
0.122427
0.118028
0.115902
0.115266
0.115472
0.115966
0.549006
0.262473
0.204519
0.17535
0.155596
0.140743
0.129192
0.120183
0.113267
0.10814
0.104599
0.10252
0.101859
0.102666
0.105094
0.109421
0.116085
0.125715
0.139196
0.157726
0.182905
0.216815
0.26209
0.321961
0.400339
0.501721
0.631181
0.786601
0.873274
0.825661
0.71184
0.580872
0.459286
0.358581
0.281198
0.224763
0.185061
0.157826
0.139521
0.127496
0.119856
0.115262
0.112742
0.111568
0.111161
0.111049
0.555581
0.262264
0.203226
0.173851
0.154101
0.139317
0.127856
0.118948
0.112139
0.107132
0.103729
0.101818
0.10137
0.102454
0.105246
0.110061
0.117376
0.127883
0.142544
0.162667
0.189991
0.226769
0.275838
0.340651
0.42533
0.534528
0.673605
0.828557
0.89132
0.825701
0.70211
0.567795
0.446507
0.34774
0.272699
0.218375
0.180324
0.154258
0.136701
0.125082
0.117573
0.112889
0.110111
0.108561
0.107718
0.107175
0.562195
0.262015
0.201915
0.172381
0.152669
0.137977
0.126625
0.117829
0.111138
0.10626
0.103007
0.101277
0.101059
0.10244
0.105624
0.110958
0.118967
0.130405
0.146317
0.168125
0.197713
0.237518
0.290588
0.360609
0.451882
0.569045
0.716999
0.865383
0.899483
0.817283
0.68725
0.55201
0.432435
0.33634
0.263995
0.211952
0.175635
0.150787
0.134022
0.122857
0.115542
0.110852
0.107917
0.10611
0.10496
0.104109
0.569065
0.261755
0.200616
0.170968
0.151324
0.136747
0.125518
0.116847
0.110284
0.105546
0.102453
0.100919
0.100948
0.102648
0.106251
0.112138
0.120883
0.133304
0.150537
0.174117
0.206085
0.249068
0.306348
0.381879
0.480189
0.605942
0.763326
0.899578
0.900925
0.803611
0.669261
0.53459
0.41759
0.324621
0.255198
0.205546
0.17102
0.147426
0.131484
0.120811
0.113737
0.1091
0.106084
0.104107
0.102741
0.101669
0.576555
0.261544
0.199404
0.169666
0.150107
0.135657
0.124563
0.116027
0.109602
0.105013
0.102094
0.10077
0.101064
0.103106
0.107154
0.113627
0.123148
0.136603
0.155219
0.180654
0.215106
0.261404
0.323082
0.404413
0.510288
0.645706
0.814109
0.93414
0.902281
0.790174
0.65137
0.517108
0.402659
0.312866
0.246427
0.199211
0.166507
0.14419
0.129091
0.118935
0.112135
0.107595
0.104552
0.102465
0.100948
0.0997168
0.585288
0.261567
0.198437
0.168574
0.149083
0.134756
0.123799
0.115403
0.109124
0.104695
0.101961
0.100863
0.101442
0.103848
0.108368
0.115458
0.125791
0.140324
0.160377
0.187735
0.224757
0.274478
0.340692
0.428022
0.541863
0.6881
0.867435
0.965572
0.905811
0.779136
0.634744
0.500085
0.387851
0.301166
0.237734
0.192987
0.162124
0.141095
0.12685
0.117223
0.110718
0.106303
0.103269
0.101116
0.0994925
0.098145
0.596347
0.262392
0.19803
0.167852
0.148347
0.134111
0.123279
0.115021
0.108891
0.10463
0.102095
0.10124
0.102123
0.104916
0.109933
0.117668
0.128845
0.14449
0.16602
0.195348
0.234998
0.288212
0.359031
0.452398
0.574184
0.731429
0.911729
0.981349
0.90451
0.766388
0.617161
0.48244
0.372721
0.289385
0.229109
0.186903
0.157906
0.138167
0.124773
0.115677
0.109473
0.1052
0.102197
0.100005
0.0983054
0.0968706
0.611772
0.265571
0.198737
0.167747
0.148039
0.133813
0.12307
0.114936
0.108954
0.104868
0.102544
0.10195
0.103158
0.106361
0.1119
0.120305
0.132349
0.149128
0.172153
0.203468
0.245764
0.302493
0.377936
0.477262
0.606457
0.772384
0.944241
0.984443
0.892042
0.746203
0.59524
0.462503
0.356631
0.277376
0.22059
0.181039
0.153923
0.135453
0.122884
0.114304
0.108395
0.104265
0.101303
0.0990887
0.0973318
0.095829
0.631693
0.272195
0.200995
0.168557
0.148339
0.133979
0.123259
0.115217
0.109373
0.105465
0.103364
0.103049
0.104606
0.108246
0.114334
0.123432
0.13636
0.154278
0.178789
0.212062
0.256964
0.317168
0.397227
0.502546
0.639098
0.812984
0.969319
0.973224
0.865418
0.716025
0.567415
0.439902
0.339567
0.265173
0.212199
0.175413
0.150198
0.132987
0.121219
0.113122
0.107482
0.103484
0.100562
0.0983322
0.0965287
0.09497
0.654412
0.284412
0.205346
0.170438
0.149413
0.134746
0.123943
0.115942
0.110213
0.106481
0.104617
0.104603
0.106538
0.110646
0.117313
0.12713
0.140955
0.160004
0.18596
0.22111
0.26849
0.332017
0.41659
0.52803
0.672562
0.855227
0.988863
0.952713
0.829152
0.678779
0.535758
0.415406
0.321804
0.25289
0.203991
0.17005
0.146737
0.130754
0.119755
0.112116
0.106731
0.10285
0.0999587
0.0977095
0.0958632
0.0942547
0.680279
0.306558
0.212571
0.173686
0.151373
0.136227
0.125225
0.117186
0.111537
0.107974
0.10636
0.106677
0.109027
0.113647
0.120937
0.131508
0.146248
0.166415
0.193752
0.230639
0.280258
0.346767
0.435477
0.552944
0.706572
0.89988
1.00347
0.927314
0.788915
0.638867
0.502388
0.39011
0.303868
0.240768
0.19607
0.164994
0.143553
0.128759
0.118487
0.111274
0.106118
0.102338
0.0994709
0.0972007
0.0953104
0.0936534
0.714925
0.346195
0.223232
0.178721
0.154562
0.138605
0.127228
0.119037
0.113401
0.109988
0.108638
0.109324
0.112146
0.117343
0.125322
0.136709
0.152407
0.173695
0.202349
0.240799
0.292314
0.361214
0.453145
0.575542
0.738166
0.929623
0.989171
0.889783
0.743681
0.596681
0.468108
0.364661
0.286162
0.229021
0.188543
0.160289
0.140665
0.127003
0.117411
0.110585
0.105628
0.101931
0.0990755
0.0967785
0.0948451
0.0931434
0.779283
0.390434
0.235988
0.185801
0.159471
0.142303
0.130208
0.121665
0.115921
0.1126
0.111516
0.112617
0.115985
0.121852
0.130627
0.142933
0.159677
0.182137
0.212084
0.251941
0.30497
0.375487
0.469108
0.59348
0.759454
0.921377
0.935582
0.828832
0.687307
0.549944
0.432425
0.339156
0.268879
0.217795
0.181491
0.155978
0.138089
0.125488
0.116521
0.110038
0.105249
0.101612
0.0987551
0.0964243
0.094445
0.0926991
0.810807
0.378964
0.248435
0.195315
0.166398
0.147614
0.134347
0.125196
0.119198
0.115884
0.115054
0.11662
0.120629
0.127293
0.137008
0.150392
0.168335
0.192091
0.223389
0.264592
0.318882
0.390366
0.484149
0.606934
0.76835
0.883019
0.848899
0.744972
0.618978
0.498289
0.395392
0.313797
0.252209
0.207222
0.174992
0.152098
0.135838
0.124216
0.115809
0.109622
0.104967
0.101367
0.0984937
0.0961218
0.0940942
0.0923046
0.820402
0.385369
0.25532
0.203646
0.17375
0.153741
0.139236
0.129391
0.123073
0.119709
0.119138
0.121247
0.126026
0.133654
0.144511
0.159196
0.178578
0.203865
0.23672
0.279412
0.335013
0.407416
0.500827
0.620192
0.755835
0.797908
0.745262
0.651909
0.546122
0.445236
0.358626
0.289335
0.236508
0.19747
0.169124
0.148682
0.13392
0.123179
0.115261
0.10932
0.104763
0.101178
0.0982753
0.0958555
0.0937779
0.0919453
0.825975
0.384035
0.255188
0.202032
0.174049
0.155178
0.141367
0.131653
0.125521
0.122508
0.122515
0.125442
0.131268
0.140157
0.152471
0.168789
0.189944
0.217076
0.251745
0.296051
0.352811
0.425293
0.515235
0.616778
0.692603
0.696893
0.643493
0.564253
0.477752
0.395569
0.324441
0.266818
0.22223
0.188727
0.163956
0.145745
0.132327
0.122359
0.114855
0.109108
0.104617
0.101024
0.0980811
0.0956086
0.0934801
0.0916064
0.832969
0.364756
0.246836
0.195263
0.168637
0.152277
0.140858
0.132747
0.127546
0.125328
0.126162
0.130018
0.136933
0.147081
0.1608
0.178619
0.201287
0.22981
0.265491
0.309967
0.364981
0.431515
0.506962
0.577523
0.61445
0.60311
0.554893
0.489046
0.418778
0.352346
0.294515
0.247077
0.209747
0.18114
0.15953
0.143282
0.131033
0.121722
0.114557
0.108956
0.104499
0.100883
0.0978912
0.0953639
0.0931863
0.0912753
0.84664
0.341494
0.233988
0.187291
0.162757
0.148237
0.1388
0.132573
0.129039
0.128199
0.130156
0.134985
0.142823
0.15389
0.168517
0.187167
0.210454
0.239149
0.274137
0.316247
0.365841
0.421521
0.477753
0.522229
0.53897
0.522311
0.480617
0.426681
0.369901
0.316341
0.26943
0.230448
0.19921
0.17475
0.15583
0.141251
0.129986
0.121218
0.11432
0.108823
0.104377
0.100728
0.0976838
0.0951041
0.0928824
0.0909403
0.86823
0.325226
0.22303
0.180232
0.157707
0.144759
0.136944
0.132364
0.130359
0.130817
0.133812
0.139475
0.147994
0.159605
0.174608
0.193371
0.216327
0.24393
0.27655
0.314228
0.356141
0.399682
0.439224
0.465961
0.471421
0.45382
0.419054
0.375628
0.330138
0.287067
0.248966
0.216814
0.19053
0.169468
0.152766
0.139564
0.129108
0.120778
0.114087
0.108661
0.104214
0.100528
0.0974363
0.0948116
0.0925546
0.0905904
0.8955
0.319751
0.217298
0.175696
0.154046
0.141965
0.135223
0.131874
0.131094
0.132631
0.136495
0.142812
0.151766
0.163574
0.178476
0.19672
0.218533
0.244051
0.273181
0.305361
0.339154
0.371721
0.398494
0.41385
0.413435
0.397086
0.368829
0.334348
0.298157
0.263549
0.232476
0.205756
0.183425
0.165091
0.15018
0.138095
0.128292
0.120315
0.113789
0.108418
0.103968
0.100253
0.0971259
0.0944694
0.0921902
0.0902158
0.914573
0.318557
0.215046
0.173676
0.152126
0.140212
0.133881
0.131173
0.131145
0.133407
0.137871
0.144601
0.153732
0.165424
0.179834
0.19708
0.217195
0.240051
0.265232
0.291848
0.318301
0.342091
0.359907
0.368338
0.36525
0.351036
0.328457
0.301273
0.272537
0.244648
0.219127
0.196694
0.177494
0.161334
0.147861
0.136681
0.127417
0.119735
0.113353
0.10804
0.1036
0.0998742
0.0967313
0.0940622
0.0917781
0.0898082
0.921994
0.318536
0.21473
0.173463
0.151745
0.139601
0.133182
0.130585
0.130812
0.133376
0.138088
0.144924
0.153943
0.165226
0.178834
0.194761
0.212886
0.232899
0.254208
0.275826
0.296271
0.313568
0.325451
0.329912
0.325944
0.314073
0.296179
0.274752
0.25185
0.229219
0.208054
0.189002
0.172289
0.157875
0.145577
0.135154
0.126354
0.118944
0.112713
0.107476
0.103074
0.0993666
0.0962352
0.0935779
0.0913096
0.0893613
0.919387
0.318126
0.215126
0.174236
0.15242
0.13994
0.133172
0.130323
0.130404
0.132879
0.13748
0.144103
0.152722
0.163334
0.175908
0.190337
0.206391
0.223659
0.241489
0.258941
0.274766
0.287486
0.295593
0.297912
0.293987
0.284304
0.270141
0.253156
0.234749
0.216199
0.198449
0.182083
0.167379
0.154407
0.143107
0.133353
0.124992
0.117863
0.111811
0.106689
0.102364
0.0987122
0.0956256
0.0930084
0.0907794
0.0888715
0.909106
0.316719
0.215447
0.175287
0.15358
0.14084
0.133656
0.130371
0.130048
0.132142
0.136339
0.142472
0.150444
0.160176
0.171563
0.184422
0.198458
0.213222
0.228081
0.242203
0.25459
0.26416
0.269912
0.271147
0.267667
0.259862
0.248604
0.235011
0.22005
0.204669
0.189623
0.175432
0.162401
0.150671
0.14027
0.131156
0.123245
0.116435
0.11061
0.105655
0.101455
0.0979026
0.0948978
0.0923515
0.0901864
0.0883381
0.89342
0.314206
0.21528
0.176115
0.154728
0.141869
0.134318
0.130549
0.129697
0.131232
0.134825
0.140266
0.147407
0.156115
0.166226
0.177513
0.189653
0.202199
0.214573
0.226075
0.235918
0.243316
0.24759
0.248309
0.245386
0.239114
0.230093
0.219093
0.206793
0.193908
0.181047
0.168672
0.157093
0.146491
0.136952
0.128489
0.121072
0.114636
0.109099
0.104369
0.100348
0.0969401
0.0940552
0.0916104
0.0895336
0.0877637
0.874119
0.310728
0.214475
0.176438
0.155512
0.142671
0.134847
0.130624
0.129209
0.130105
0.132981
0.137609
0.143806
0.151403
0.160205
0.169963
0.180348
0.190944
0.201243
0.210663
0.218592
0.224447
0.227755
0.228231
0.225835
0.22078
0.213484
0.204489
0.194285
0.183417
0.172381
0.161582
0.151318
0.14179
0.133114
0.125342
0.118475
0.112478
0.107294
0.102848
0.0990577
0.0958385
0.0931091
0.0907946
0.0888283
0.0871538
0.852578
0.306511
0.213042
0.176149
0.155745
0.143016
0.135008
0.130394
0.128438
0.128679
0.130796
0.134555
0.139757
0.146214
0.153716
0.162009
0.170782
0.179657
0.188197
0.195925
0.202359
0.207061
0.209686
0.210034
0.208083
0.203981
0.198027
0.190613
0.182115
0.172933
0.163476
0.154096
0.145067
0.136592
0.128801
0.121765
0.115506
0.110011
0.105238
0.101129
0.0976146
0.0946217
0.0920786
0.0899185
0.0880815
0.0865165
0.829804
0.30179
0.211082
0.175269
0.15538
0.142806
0.13468
0.129736
0.127285
0.126895
0.12826
0.131146
0.135351
0.140681
0.146924
0.153837
0.161132
0.168477
0.1755
0.181812
0.187031
0.190818
0.192916
0.193175
0.191576
0.188225
0.183337
0.177199
0.170134
0.162408
0.15436
0.146288
0.138442
0.13101
0.124123
0.11786
0.112256
0.10731
0.102994
0.0992629
0.0960592
0.0933214
0.0909879
0.0890007
0.0873071
0.085862
0.806487
0.296775
0.208735
0.173897
0.15447
0.142052
0.133843
0.128619
0.125724
0.124746
0.125394
0.127441
0.130685
0.134936
0.139991
0.145622
0.151571
0.157551
0.16325
0.168351
0.172548
0.175577
0.177238
0.177416
0.176093
0.173346
0.169331
0.164267
0.158413
0.151966
0.145192
0.13834
0.131625
0.125216
0.119237
0.113765
0.108841
0.104471
0.100639
0.0973103
0.0944388
0.0919742
0.0898649
0.0880619
0.0865205
0.0852016
0.783109
0.291636
0.206142
0.172161
0.153123
0.140834
0.132554
0.127085
0.123793
0.122281
0.122267
0.123531
0.12588
0.129129
0.133088
0.13755
0.142289
0.147059
0.151601
0.155655
0.158978
0.161362
0.162649
0.16275
0.161647
0.159393
0.156107
0.151956
0.147134
0.141829
0.136211
0.130489
0.124842
0.119416
0.114322
0.109632
0.105386
0.101597
0.098255
0.0953354
0.092803
0.0906177
0.0887379
0.0871234
0.0857372
0.0845466
0.760034
0.286503
0.203427
0.170192
0.151465
0.139269
0.130914
0.125226
0.12158
0.119589
0.11898
0.119537
0.121076
0.123421
0.126396
0.129818
0.133488
0.137199
0.140736
0.143891
0.146468
0.148302
0.14927
0.1493
0.148375
0.146535
0.143866
0.140494
0.136572
0.132262
0.127678
0.122982
0.118319
0.113812
0.109553
0.105607
0.102012
0.098784
0.0959182
0.0933982
0.0911982
0.0892875
0.0876337
0.0862052
0.0849722
0.083908
0.737559
0.281473
0.200687
0.168104
0.14962
0.13748
0.129045
0.123156
0.119198
0.116786
0.115653
0.115589
0.116416
0.117968
0.120085
0.122603
0.12535
0.128153
0.130836
0.133229
0.135178
0.136551
0.137252
0.137222
0.136448
0.134956
0.132811
0.130107
0.12696
0.123494
0.11982
0.116034
0.112252
0.108574
0.105076
0.101814
0.0988218
0.0961149
0.0936944
0.0915501
0.089664
0.0880137
0.0865753
0.0853244
0.0842381
0.0832952
0.715925
0.276615
0.197996
0.16599
0.147697
0.135582
0.127063
0.120993
0.116761
0.113987
0.112405
0.111809
0.112027
0.112904
0.114293
0.116046
0.118019
0.120063
0.122035
0.123798
0.125229
0.126225
0.126709
0.126636
0.125991
0.124793
0.123088
0.120948
0.118457
0.115709
0.112803
0.109798
0.106781
0.103828
0.101
0.0983444
0.0958893
0.0936508
0.0916327
0.0898299
0.0882308
0.0868201
0.0855806
0.0844948
0.0835452
0.0827158
0.695295
0.271972
0.195407
0.163921
0.145781
0.133673
0.125069
0.118837
0.11437
0.111289
0.10933
0.10829
0.108003
0.108321
0.109109
0.110235
0.111574
0.113001
0.114398
0.115654
0.116671
0.117367
0.117682
0.11758
0.117046
0.116094
0.114756
0.113082
0.111135
0.108986
0.106705
0.104356
0.101982
0.0996431
0.0973874
0.0952516
0.093261
0.09143
0.0897644
0.0882628
0.0869187
0.0857223
0.084662
0.0837257
0.0829008
0.0821751
0.675736
0.267572
0.192957
0.161948
0.143936
0.131824
0.123139
0.116767
0.112101
0.108766
0.106497
0.105096
0.104399
0.104267
0.104572
0.105199
0.106034
0.106973
0.107917
0.108776
0.109471
0.109938
0.110127
0.110008
0.109571
0.108821
0.10778
0.106486
0.104981
0.103318
0.101548
0.0997225
0.0978737
0.0960396
0.0942572
0.0925553
0.0909548
0.0894688
0.0881038
0.0868612
0.085738
0.0847288
0.0838264
0.0830227
0.082309
0.0816765
0.657232
0.263429
0.19067
0.160109
0.142208
0.130087
0.121329
0.114835
0.110004
0.106461
0.103944
0.102255
0.101235
0.100748
0.100678
0.100915
0.101361
0.101925
0.102523
0.10308
0.103533
0.103828
0.103926
0.103803
0.103447
0.10286
0.102058
0.101064
0.0999109
0.0986334
0.0972694
0.0958555
0.094425
0.092996
0.0915958
0.0902468
0.0889661
0.0877653
0.086651
0.0856262
0.0846907
0.0838418
0.0830757
0.0823875
0.0817715
0.0812214
0.639753
0.259548
0.188561
0.158422
0.140625
0.128494
0.11967
0.113073
0.108107
0.104397
0.101684
0.0997698
0.0984988
0.0977406
0.0973824
0.0973244
0.097477
0.0977595
0.0980996
0.0984341
0.0987091
0.0988812
0.0989177
0.0987971
0.0985089
0.0980528
0.0974374
0.0966788
0.0957986
0.0948217
0.0937747
0.092684
0.0915743
0.0904633
0.0893653
0.0882977
0.0872741
0.0863046
0.0853956
0.084551
0.0837721
0.0830584
0.0824083
0.0818194
0.0812879
0.0808096
0.623305
0.25593
0.18663
0.156896
0.139196
0.127056
0.118176
0.111492
0.106416
0.102575
0.0997085
0.0976216
0.0961603
0.0951972
0.0946242
0.0943472
0.0942834
0.0943598
0.0945125
0.0946863
0.094835
0.0949215
0.0949179
0.0948053
0.0945734
0.0942197
0.0937488
0.0931707
0.0924998
0.0917532
0.0909495
0.0901074
0.0892447
0.0883779
0.0875149
0.0866681
0.0858483
0.0850638
0.0843207
0.0836231
0.0829733
0.0823722
0.0818198
0.0813151
0.080856
0.0804398
0.607923
0.252579
0.184876
0.155526
0.137919
0.125775
0.116847
0.110092
0.104928
0.100983
0.0979986
0.0957809
0.094177
0.0930621
0.0923314
0.0918948
0.0916745
0.0916032
0.0916225
0.0916832
0.0917444
0.0917735
0.0917457
0.0916439
0.091458
0.0911841
0.0908236
0.0903826
0.0898703
0.0892981
0.0886791
0.0880264
0.0873529
0.0866704
0.0859891
0.0853141
0.0846541
0.0840162
0.0834059
0.0828273
0.0822831
0.0817751
0.0813041
0.0808703
0.0804727
0.0801097
0.593649
0.249496
0.183293
0.154305
0.136787
0.124641
0.115675
0.108862
0.103628
0.0996029
0.0965291
0.0942134
0.0925042
0.0912784
0.0904333
0.0898822
0.0895505
0.0893749
0.0893011
0.0892838
0.0892859
0.0892777
0.0892367
0.0891469
0.0889984
0.0887862
0.0885098
0.0881722
0.0877791
0.0873383
0.0868586
0.0863494
0.0858199
0.085279
0.084735
0.0841926
0.0836574
0.0831351
0.0826305
0.0821477
0.0816894
0.0812578
0.0808544
0.08048
0.0801344
0.0798164
0.580515
0.246681
0.181871
0.153222
0.13579
0.123645
0.114648
0.10779
0.102501
0.0984151
0.0952741
0.0928858
0.0910995
0.0897933
0.0888664
0.0882339
0.0878239
0.0875756
0.0874376
0.0873675
0.0873303
0.0872988
0.0872517
0.087174
0.0870557
0.0868912
0.0866785
0.0864187
0.0861152
0.0857729
0.085398
0.0849971
0.0845769
0.0841441
0.0837049
0.0832648
0.0828268
0.0823954
0.081975
0.0815691
0.0811805
0.0808115
0.080464
0.0801391
0.079837
0.0795572
0.568553
0.244131
0.180602
0.152267
0.134916
0.122777
0.113757
0.106864
0.101533
0.0974006
0.0942096
0.091768
0.0899259
0.0885621
0.087577
0.0868871
0.0864224
0.0861238
0.0859421
0.0858364
0.0857738
0.0857281
0.0856793
0.0856128
0.0855187
0.0853909
0.0852265
0.0850252
0.0847889
0.0845206
0.0842245
0.0839054
0.0835683
0.0832181
0.0828598
0.0824979
0.0821356
0.0817758
0.0814222
0.0810779
0.0807457
0.0804279
0.0801264
0.0798425
0.0795768
0.0793292
0.5578
0.241849
0.17948
0.151431
0.134157
0.122028
0.112992
0.106072
0.100709
0.0965426
0.0933151
0.0908353
0.0889533
0.0875487
0.0865226
0.0857927
0.08529
0.0849569
0.0847453
0.0846159
0.0845367
0.0844827
0.0844344
0.0843778
0.0843027
0.084203
0.084075
0.0839177
0.0837317
0.0835188
0.083282
0.0830247
0.0827505
0.0824635
0.0821674
0.0818658
0.0815622
0.0812586
0.0809579
0.080663
0.0803762
0.0801
0.0798361
0.0795861
0.0793506
0.0791298
0.548291
0.239841
0.178502
0.150711
0.133508
0.121389
0.112342
0.105403
0.100019
0.0958276
0.0925749
0.0900686
0.0881593
0.0867267
0.0856725
0.0849151
0.0843863
0.0840295
0.0837976
0.0836521
0.0835621
0.083503
0.0834561
0.0834074
0.083347
0.0832683
0.0831675
0.0830429
0.0828942
0.0827226
0.08253
0.082319
0.0820924
0.0818532
0.0816046
0.0813495
0.0810907
0.0808308
0.0805717
0.0803157
0.0800652
0.0798223
0.0795889
0.0793664
0.0791555
0.0789567
0.540058
0.238133
0.177682
0.150111
0.132967
0.120858
0.111803
0.104851
0.0994521
0.0952464
0.0919784
0.0894563
0.0875301
0.08608
0.0850077
0.0842321
0.0836859
0.0833129
0.0830671
0.0829105
0.0828129
0.0827504
0.0827045
0.0826615
0.0826117
0.0825482
0.0824671
0.0823661
0.0822445
0.082103
0.0819427
0.0817656
0.081574
0.0813702
0.0811569
0.0809366
0.0807117
0.0804846
0.080257
0.0800309
0.0798085
0.0795915
0.0793818
0.0791809
0.0789895
0.0788082
0.533201
0.236787
0.177056
0.149649
0.132542
0.120433
0.111371
0.104411
0.0990054
0.0947944
0.0915215
0.0889938
0.0870609
0.0856026
0.0845208
0.0837348
0.0831778
0.0827943
0.0825388
0.0823742
0.0822708
0.0822051
0.0821592
0.0821195
0.0820764
0.082023
0.081955
0.0818701
0.0817672
0.0816463
0.0815084
0.0813549
0.0811875
0.0810084
0.0808196
0.0806235
0.0804222
0.0802179
0.0800125
0.0798076
0.079605
0.0794066
0.079214
0.0790287
0.0788515
0.0786831
0.528067
0.235958
0.176707
0.149368
0.13225
0.120121
0.111045
0.10408
0.0986771
0.0944722
0.0912064
0.088685
0.0867564
0.0852998
0.0842171
0.0834279
0.0828658
0.0824762
0.0822143
0.0820436
0.0819351
0.081866
0.0818184
0.0817793
0.081739
0.0816909
0.0816304
0.0815549
0.0814631
0.0813548
0.0812305
0.0810911
0.0809382
0.0807736
0.080599
0.0804167
0.0802286
0.0800368
0.0798434
0.07965
0.0794583
0.0792701
0.079087
0.0789105
0.0787417
0.0785812
0.525555
0.235993
0.17681
0.149352
0.132128
0.119933
0.110827
0.103859
0.0984691
0.094285
0.0910423
0.0885425
0.0866319
0.0851888
0.0841149
0.0833302
0.0827691
0.0823777
0.0821121
0.0819369
0.0818236
0.08175
0.081699
0.0816578
0.0816167
0.0815693
0.081511
0.081439
0.0813516
0.0812484
0.0811294
0.0809954
0.0808474
0.0806869
0.0805157
0.0803356
0.0801488
0.0799575
0.0797639
0.07957
0.0793778
0.0791891
0.0790059
0.0788297
0.0786617
0.0785027
0.52758
0.237611
0.177713
0.149763
0.132241
0.119889
0.11072
0.103747
0.0983839
0.0942417
0.0910445
0.0885875
0.0867136
0.0852995
0.0842469
0.0834764
0.0829233
0.0825351
0.0822691
0.0820908
0.081973
0.0818943
0.081838
0.081792
0.0817468
0.0816961
0.0816353
0.0815612
0.0814722
0.0813673
0.081246
0.0811087
0.080956
0.080789
0.080609
0.0804179
0.0802179
0.0800115
0.0798015
0.0795908
0.079382
0.0791778
0.0789805
0.0787924
0.078615
0.078449
0.537748
0.242201
0.180044
0.150866
0.13268
0.120004
0.110714
0.103733
0.0984191
0.0943511
0.0912331
0.0888496
0.0870386
0.085675
0.0846605
0.083917
0.0833814
0.083003
0.0827407
0.0825618
0.0824404
0.0823562
0.0822935
0.0822405
0.0821886
0.0821312
0.0820639
0.0819835
0.0818877
0.0817753
0.0816451
0.0814968
0.0813302
0.0811455
0.0809436
0.0807258
0.0804944
0.0802523
0.0800033
0.0797517
0.0795024
0.0792595
0.0790272
0.0788089
0.078607
0.0784221
0.562961
0.252265
0.184779
0.15299
0.133507
0.120247
0.110758
0.103778
0.0985576
0.0946173
0.0916303
0.0893657
0.087655
0.0863716
0.0854183
0.0847192
0.0842137
0.083854
0.0836017
0.0834261
0.0833032
0.0832143
0.083145
0.0830842
0.0830238
0.0829578
0.0828816
0.082792
0.0826864
0.0825627
0.0824191
0.0822542
0.0820663
0.0818544
0.0816177
0.0813563
0.0810716
0.0807666
0.0804464
0.080118
0.0797902
0.0794718
0.0791711
0.0788944
0.0786454
0.0784247
0.617965
0.271965
0.193091
0.156297
0.134582
0.120432
0.110705
0.103787
0.0987535
0.0950337
0.0922585
0.0901791
0.0886211
0.0874584
0.086597
0.0859649
0.0855065
0.0851776
0.0849437
0.0847774
0.0846571
0.0845662
0.0844918
0.0844241
0.0843558
0.0842812
0.0841962
0.0840974
0.0839818
0.0838468
0.0836896
0.083507
0.0832958
0.083052
0.0827721
0.0824526
0.0820918
0.0816905
0.0812541
0.0807934
0.0803253
0.0798705
0.0794472
0.079068
0.0787386
0.0784584
0.734279
0.307161
0.205425
0.160101
0.135188
0.12004
0.110229
0.103584
0.0989283
0.0955859
0.0931449
0.0913434
0.0900075
0.0890171
0.0882855
0.0877488
0.0873579
0.0870752
0.0868711
0.0867225
0.0866113
0.0865234
0.0864481
0.0863772
0.0863043
0.0862247
0.0861346
0.0860307
0.08591
0.0857693
0.0856049
0.0854121
0.085185
0.0849163
0.0845971
0.084217
0.0837656
0.0832347
0.0826232
0.0819435
0.0812282
0.0805317
0.0798969
0.0793481
0.0788916
0.0785215
0.976208
0.362381
0.218512
0.161401
0.133448
0.118034
0.108806
0.102929
0.0990023
0.0962795
0.09434
0.0929332
0.0919018
0.0911422
0.0905829
0.0901723
0.0898721
0.0896529
0.0894922
0.0893721
0.0892791
0.0892023
0.0891337
0.0890668
0.0889969
0.0889202
0.0888337
0.0887346
0.0886201
0.088487
0.0883314
0.0881475
0.0879276
0.0876606
0.0873313
0.0869183
0.0863935
0.0857232
0.0848755
0.0838398
0.0826681
0.0815371
0.0805474
0.079735
0.0790952
0.0786036
1.51659
0.425321
0.217966
0.152895
0.1261
0.113051
0.105929
0.101696
0.099007
0.0972082
0.0959578
0.095065
0.0944169
0.0939422
0.0935933
0.093337
0.0931487
0.09301
0.0929067
0.0928277
0.0927643
0.0927099
0.0926592
0.0926082
0.0925539
0.0924938
0.092426
0.0923484
0.0922594
0.0921564
0.0920362
0.091894
0.0917225
0.0915102
0.0912384
0.0908766
0.0903743
0.0896492
0.0885747
0.0869909
0.0848337
0.0828969
0.0813473
0.0801725
0.0793072
0.0786793
3.21867
0.385188
0.16754
0.124462
0.110527
0.104702
0.101835
0.100244
0.0992764
0.098646
0.0982146
0.0979097
0.0976899
0.0975298
0.0974128
0.0973275
0.0972653
0.09722
0.0971866
0.097161
0.0971404
0.0971223
0.0971049
0.0970866
0.0970664
0.0970433
0.0970167
0.096986
0.0969505
0.0969093
0.0968615
0.0968051
0.0967374
0.096653
0.0965422
0.0963846
0.0961357
0.0956909
0.094788
0.0927403
0.0875961
0.0842644
0.0820252
0.0804963
0.0794435
0.0787147
2.37868
1.37437
1.86637
2.54117
1.97642
2.42276
2.07073
1.79496
2.08012
1.90414
1.76254
1.66632
2.18018
2.02883
1.8967
1.76683
1.9712
1.97042
1.87137
1.70644
1.58268
1.65943
1.60617
1.46329
1.19157
1.28495
1.2686
1.17058
0.877903
0.960243
0.964334
0.904625
0.650126
0.713407
0.724958
0.690683
0.4908
0.536027
0.548107
0.52884
0.380257
0.411273
0.421212
0.410265
0.303089
0.323854
0.331138
0.324661
0.24854
0.262231
0.267188
0.263089
0.209417
0.21832
0.221481
0.218653
0.180941
0.186623
0.188477
0.186339
0.159922
0.163434
0.164363
0.16261
0.144208
0.146249
0.146532
0.144999
0.132327
0.133363
0.133195
0.131793
0.123257
0.1236
0.123117
0.121794
0.116273
0.116134
0.11543
0.114158
0.110858
0.110379
0.109519
0.108281
0.106631
0.105912
0.104941
0.103726
0.103311
0.102421
0.10137
0.100171
0.100689
0.0996741
0.0985665
0.0973792
0.0986029
0.0974979
0.0963485
0.0951697
0.0969322
0.0957599
0.0945795
0.0934072
0.0955826
0.0943592
0.0931554
0.0919881
0.0944819
0.0932186
0.0919965
0.0908329
0.0935744
0.0922785
0.0910417
0.0898811
0.092817
0.0914935
0.0902444
0.0890861
0.0921769
0.0908286
0.0895687
0.0884122
0.0916299
0.0902576
0.0889877
0.0878324
0.0911523
0.0897604
0.0884815
0.0873263
0.0907262
0.0893162
0.0880307
0.0868783
0.0903369
0.0889109
0.0876208
0.086472
0.0899712
0.0885323
0.0872401
0.0860967
0.0896178
0.08817
0.0868791
0.0857433
0.0892664
0.087815
0.0865296
0.0854048
0.0889082
0.0874597
0.086185
0.085075
0.0885352
0.0870975
0.0858395
0.0847489
0.088141
0.0867231
0.0854888
0.0844227
0.0877207
0.0863326
0.0851295
0.0840935
0.0872716
0.0859238
0.0847597
0.0837595
0.0867934
0.0854963
0.0843789
0.0834201
0.0862878
0.0850513
0.0839878
0.0830757
0.0857589
0.0845917
0.0835884
0.0827274
0.0852128
0.0841219
0.0831837
0.0823774
0.0846567
0.0836471
0.0827775
0.0820283
0.084099
0.0831734
0.0823742
0.0816833
0.0835479
0.082707
0.0819782
0.0813454
0.0830115
0.0822535
0.0815937
0.0810178
0.0824966
0.0818181
0.0812245
0.0807033
0.082009
0.0814051
0.0808737
0.080404
0.0815526
0.0810176
0.0805437
0.0801219
0.0811302
0.0806575
0.080236
0.0798581
0.0807429
0.080326
0.0799516
0.0796133
0.0803906
0.080023
0.0796904
0.0793876
0.0800725
0.0797479
0.0794522
0.0791808
0.0797868
0.0794996
0.0792361
0.0789924
0.0795318
0.0792767
0.079041
0.0788215
0.079305
0.0790775
0.0788659
0.0786673
0.0791045
0.0789004
0.0787093
0.0785288
0.078928
0.0787437
0.07857
0.078405
0.0787739
0.078606
0.0784468
0.0782949
0.0786406
0.0784859
0.0783386
0.0781974
0.078527
0.0783822
0.0782442
0.0781114
0.0784322
0.0782941
0.0781624
0.0780358
0.0783559
0.0782204
0.0780918
0.0779689
0.0782978
0.07816
0.0780308
0.0779087
0.0782578
0.0781113
0.0779768
0.0778523
0.0782352
0.0780718
0.0779264
0.0777957
0.0782282
0.0780379
0.0778754
0.0777348
0.0782325
0.0780047
0.0778189
0.0776653
0.0782396
0.0779665
0.077754
0.0775861
0.0782374
0.0779202
0.0776834
0.0775035
0.0782202
0.0778753
0.0776245
0.0774384
1.33624
0.984123
0.787537
0.622554
0.473952
0.354758
0.269046
0.211365
0.173656
0.149159
0.133192
0.122745
0.115905
0.111439
0.108545
0.106689
0.105515
0.104782
0.104334
0.104068
0.103922
0.103862
0.103876
0.103969
0.104159
0.10448
0.104978
0.105716
0.106775
0.108259
0.110297
0.113053
0.116738
0.121639
0.128163
0.136974
0.149372
0.168777
0.209302
0.404865
1.41104
1.12254
0.892631
0.6857
0.509066
0.373798
0.279041
0.216201
0.175479
0.149154
0.132023
0.120794
0.113396
0.108517
0.105308
0.10321
0.101848
0.100973
0.100418
0.100074
0.0998739
0.0997801
0.099778
0.0998704
0.100076
0.100428
0.100974
0.101779
0.102927
0.104525
0.106705
0.109638
0.113547
0.11873
0.125619
0.134916
0.147991
0.168425
0.210893
0.413676
1.48465
1.23327
0.967147
0.723609
0.526323
0.381557
0.282527
0.217522
0.175523
0.148352
0.13062
0.118932
0.11117
0.105997
0.102549
0.100257
0.0987411
0.097744
0.0970948
0.0966807
0.0964311
0.0963058
0.0962882
0.09638
0.0965995
0.0969801
0.0975708
0.0984379
0.0996669
0.101366
0.103674
0.106765
0.110868
0.116295
0.123495
0.133197
0.146828
0.168092
0.212116
0.420723
1.55147
1.26896
0.976716
0.719639
0.519017
0.375447
0.278389
0.214749
0.173444
0.146529
0.128808
0.117015
0.109102
0.103766
0.100164
0.097733
0.0960976
0.0950023
0.0942747
0.0938007
0.093508
0.093355
0.0933238
0.0934155
0.0936482
0.0940556
0.0946876
0.0956113
0.0969138
0.0987057
0.101127
0.104358
0.108632
0.11427
0.121733
0.131775
0.145861
0.167796
0.21306
0.426344
1.46523
1.18449
0.908043
0.67041
0.486944
0.355919
0.266968
0.208079
0.169309
0.143655
0.126519
0.114961
0.107105
0.101739
0.0980676
0.0955551
0.0938391
0.0926712
0.0918825
0.0913603
0.091032
0.090856
0.0908138
0.0909064
0.0911519
0.0915845
0.0922545
0.0932301
0.0945995
0.0964748
0.0989985
0.102353
0.106777
0.112597
0.120285
0.130611
0.145072
0.167546
0.213794
0.430821
1.25044
1.01312
0.785623
0.590017
0.437522
0.327046
0.250447
0.198505
0.16351
0.139865
0.123775
0.112741
0.105129
0.0998559
0.0961973
0.0936589
0.0919003
0.0906861
0.0898545
0.0892961
0.0889406
0.0887468
0.0886967
0.0887916
0.0890499
0.0895061
0.0902113
0.0912343
0.0926643
0.0946148
0.0972296
0.100694
0.105249
0.111226
0.119106
0.12967
0.144437
0.167344
0.21437
0.434385
1.01249
0.830967
0.655731
0.504187
0.384134
0.294999
0.231491
0.187216
0.156589
0.135393
0.120662
0.110371
0.103154
0.0980783
0.0945059
0.0919928
0.0902277
0.0889928
0.088136
0.087554
0.0871796
0.0869735
0.0869188
0.0870176
0.0872887
0.0877673
0.0885049
0.0895713
0.0910561
0.0930739
0.0957699
0.0993304
0.104
0.110113
0.118156
0.128919
0.143937
0.16719
0.214828
0.437227
0.796834
0.666908
0.538347
0.425023
0.333271
0.263341
0.212064
0.175259
0.149083
0.130505
0.117301
0.107895
0.101181
0.0963855
0.0929603
0.0905169
0.088778
0.0875457
0.0866806
0.0860869
0.0857019
0.0854891
0.0854333
0.0855375
0.0858216
0.0863213
0.0870889
0.0881945
0.0897287
0.0918066
0.0945745
0.0982199
0.102989
0.10922
0.117401
0.128329
0.143552
0.16708
0.215198
0.439504
0.6203
0.53065
0.439195
0.356558
0.287917
0.23411
0.193469
0.163423
0.14145
0.125453
0.113822
0.105369
0.0992279
0.0947697
0.0915383
0.089201
0.0875157
0.0863068
0.0854486
0.0848543
0.0844665
0.0842522
0.0841985
0.0843098
0.0846071
0.0851267
0.0859218
0.0870629
0.0886413
0.0907726
0.0936038
0.0973234
0.102179
0.10851
0.116808
0.127873
0.143262
0.167009
0.215504
0.441339
0.483738
0.423064
0.359154
0.299816
0.249151
0.208263
0.176446
0.15223
0.134029
0.120443
0.110343
0.102855
0.0973166
0.0932312
0.090226
0.0880223
0.0864127
0.0852443
0.0844063
0.083821
0.0834374
0.0832265
0.0831779
0.0832978
0.0836083
0.0841468
0.084967
0.0861401
0.0877577
0.0899361
0.0928227
0.0966068
0.101537
0.107953
0.116349
0.127528
0.143051
0.166971
0.215762
0.442832
0.381415
0.340641
0.296339
0.254049
0.216908
0.186053
0.161333
0.141982
0.12705
0.115634
0.106962
0.100406
0.0954727
0.091775
0.089015
0.0869635
0.0854461
0.0843319
0.0835247
0.0829567
0.0825835
0.0823801
0.0823392
0.082469
0.0827928
0.083349
0.084192
0.0853937
0.087046
0.0892656
0.0922005
0.0960402
0.101034
0.107522
0.116
0.127272
0.142905
0.166962
0.215985
0.44406
0.306001
0.278537
0.247838
0.217732
0.190554
0.16733
0.148199
0.132817
0.12065
0.111133
0.103753
0.0980695
0.0937191
0.0904076
0.0879003
0.0860116
0.0845973
0.0835471
0.0827791
0.0822351
0.0818771
0.0816849
0.0816539
0.0817945
0.0821315
0.0827043
0.0835681
0.084795
0.0864778
0.0887334
0.0917099
0.0955973
0.100645
0.107195
0.115741
0.12709
0.14281
0.166974
0.216181
0.445083
0.250762
0.232081
0.210686
0.189173
0.169238
0.151747
0.136956
0.124764
0.114892
0.107005
0.100768
0.0958784
0.0920745
0.0891352
0.0868784
0.0851562
0.083851
0.0828712
0.0821483
0.0816332
0.0812945
0.0811161
0.0810969
0.0812491
0.0815991
0.0821873
0.0830697
0.0843191
0.0860284
0.088315
0.0913272
0.0952554
0.100349
0.10695
0.115553
0.126964
0.142754
0.167005
0.216357
0.445947
0.210271
0.197363
0.182293
0.166802
0.152103
0.138886
0.127438
0.117781
0.109792
0.10328
0.0980363
0.0938555
0.0905519
0.0879622
0.0859466
0.0843889
0.0831944
0.0822884
0.0816142
0.0811314
0.0808147
0.0806523
0.080646
0.0808103
0.081173
0.0817756
0.0826747
0.0839438
0.0856762
0.0879894
0.0910321
0.0949948
0.100127
0.10677
0.11542
0.126883
0.14273
0.167048
0.216516
0.446683
0.180439
0.171334
0.160567
0.149294
0.138371
0.128331
0.119444
0.111788
0.105329
0.0999653
0.0955717
0.092013
0.089159
0.0868904
0.0851015
0.0837019
0.0826164
0.0817848
0.081161
0.0807126
0.0804197
0.0802747
0.0802822
0.0804588
0.0808338
0.0814496
0.0823637
0.0836501
0.0854024
0.0877385
0.0908071
0.0947989
0.0999638
0.106643
0.115332
0.126836
0.142729
0.167101
0.216663
0.447317
0.158291
0.151712
0.143885
0.135575
0.127379
0.119701
0.112771
0.106688
0.101461
0.0970479
0.0933744
0.0903543
0.0878981
0.0859194
0.0843394
0.0830884
0.0821074
0.0813487
0.0807754
0.0803621
0.0800939
0.0799671
0.0799889
0.0801778
0.0805645
0.0811926
0.0821202
0.0834217
0.0851911
0.0875467
0.0906375
0.0946539
0.0998461
0.106555
0.115276
0.126816
0.142745
0.167161
0.216798
0.447863
0.141705
0.136822
0.131018
0.1248
0.118582
0.112661
0.107227
0.102375
0.098138
0.0945044
0.0914351
0.0888761
0.0867671
0.0850463
0.0836554
0.0825415
0.0816587
0.0809697
0.0804457
0.0800672
0.079824
0.0797157
0.0797518
0.079953
0.0803509
0.0809903
0.0819299
0.0832447
0.0850291
0.0874014
0.0905109
0.0945483
0.0997636
0.106498
0.115246
0.126814
0.142775
0.167225
0.216922
0.448334
0.129175
0.125443
0.121046
0.116316
0.111538
0.106929
0.102636
0.0987473
0.0953015
0.0923042
0.0897377
0.0875699
0.0857604
0.0842661
0.0830441
0.0820546
0.0812625
0.080639
0.080162
0.0798174
0.0795987
0.0795087
0.0795591
0.0797722
0.0801809
0.0808307
0.0817812
0.0831077
0.084905
0.0872918
0.0904174
0.0944727
0.0997078
0.106463
0.115235
0.126827
0.142813
0.167292
0.217037
0.448737
0.119631
0.11669
0.11328
0.109617
0.105893
0.102265
0.0988462
0.0957093
0.0928937
0.0904132
0.0882624
0.0864234
0.0848701
0.0835724
0.0824994
0.0816213
0.0809117
0.0803487
0.079916
0.0796035
0.0794086
0.0793364
0.0794008
0.0796254
0.0800443
0.0807039
0.0816642
0.0830012
0.08481
0.0872094
0.0903491
0.0944199
0.099672
0.106446
0.115237
0.126851
0.142858
0.16736
0.217142
0.449076
0.112305
0.109916
0.107206
0.104312
0.101364
0.0984731
0.0957233
0.0931732
0.0908586
0.0887959
0.0869869
0.0854224
0.0840863
0.0829578
0.0820148
0.0812354
0.0806
0.0800922
0.0797003
0.0794182
0.0792459
0.0791909
0.0792688
0.0795045
0.0799332
0.0806019
0.0815713
0.0829178
0.0847368
0.0871474
0.0902995
0.094384
0.0996512
0.106442
0.115251
0.126882
0.142908
0.167429
0.217238
0.449352
0.106644
0.104643
0.102433
0.100099
0.0977258
0.09539
0.0931531
0.0910609
0.0891436
0.0874176
0.0858882
0.0845517
0.0833984
0.0824144
0.0815839
0.0808911
0.0803216
0.0798636
0.0795092
0.0792552
0.0791042
0.0790656
0.0791565
0.0794029
0.0798409
0.0805183
0.0814962
0.0828514
0.0846797
0.0871005
0.0902638
0.0943607
0.0996416
0.106447
0.115272
0.12692
0.142962
0.167497
0.217324
0.449568
0.102241
0.100516
0.0986673
0.0967433
0.0947976
0.0928814
0.0910385
0.0893034
0.0877008
0.0862454
0.0849439
0.0837958
0.0827955
0.0819339
0.0812001
0.0805828
0.0800715
0.0796582
0.0793378
0.0791097
0.0789786
0.0789555
0.0790588
0.0793154
0.0797624
0.0804481
0.081434
0.0827974
0.0846345
0.0870648
0.0902384
0.0943468
0.0996402
0.106459
0.115299
0.126961
0.143017
0.167564
0.217401
0.449724
0.0987945
0.0972694
0.0956833
0.0940615
0.0924352
0.0908371
0.0892973
0.087841
0.0864874
0.0852491
0.0841327
0.0831396
0.0822669
0.0815087
0.0808576
0.0803055
0.0798454
0.0794717
0.079182
0.0789777
0.0788652
0.0788567
0.0789717
0.0792383
0.0796939
0.0803875
0.0813812
0.0827525
0.0845979
0.0870371
0.0902206
0.0943398
0.0996452
0.106477
0.11533
0.127007
0.143075
0.16763
0.217469
0.449818
0.0960806
0.0947003
0.0933069
0.0919092
0.0905229
0.0891668
0.0878607
0.0866221
0.0854655
0.0844011
0.0834349
0.0825691
0.0818024
0.0811312
0.0805505
0.0800548
0.0796393
0.0793008
0.0790388
0.0788562
0.0787608
0.078766
0.0788924
0.0791684
0.0796325
0.0803339
0.0813352
0.0827142
0.0845676
0.0870156
0.0902086
0.0943383
0.0996551
0.106499
0.115365
0.127055
0.143134
0.167695
0.217527
0.449852
0.0939286
0.0926544
0.0914034
0.0901731
0.0889679
0.0877967
0.0866712
0.085603
0.0846023
0.0836773
0.0828329
0.0820715
0.0813928
0.0807947
0.0802739
0.0798267
0.0794502
0.0791429
0.0789056
0.0787428
0.0786633
0.0786814
0.0788185
0.0791038
0.0795761
0.0802852
0.081294
0.0826806
0.0845421
0.0869986
0.090201
0.094341
0.099669
0.106525
0.115404
0.127106
0.143195
0.167758
0.217575
0.449824
0.0922086
0.0910131
0.0898683
0.0887638
0.0876959
0.0866667
0.0856813
0.0847467
0.0838699
0.0830567
0.0823112
0.0816355
0.0810299
0.0804932
0.0800233
0.0796179
0.0792754
0.0789957
0.0787807
0.0786359
0.078571
0.0786014
0.0787488
0.079043
0.0795234
0.0802402
0.0812564
0.0826507
0.0845202
0.0869854
0.0901971
0.0943473
0.0996865
0.106555
0.115446
0.127159
0.143256
0.16782
0.217614
0.449736
0.0908213
0.0896847
0.0886198
0.0876106
0.0866479
0.0857281
0.084852
0.0840227
0.0832445
0.0825214
0.0818563
0.0812511
0.0807064
0.0802213
0.0797948
0.0794255
0.0791128
0.0788575
0.0786625
0.0785342
0.078483
0.0785248
0.0786821
0.0789851
0.0794735
0.0801979
0.0812217
0.0826237
0.0845013
0.0869751
0.0901963
0.0943568
0.0997071
0.106587
0.11549
0.127214
0.143319
0.167881
0.217643
0.449587
0.0896906
0.0885986
0.0875944
0.0866582
0.0857764
0.0849418
0.0841514
0.0834057
0.0827064
0.0820561
0.0814568
0.0809099
0.080416
0.0799746
0.0795853
0.0792472
0.0789606
0.078727
0.0785501
0.0784369
0.0783984
0.0784511
0.0786179
0.0789294
0.0794258
0.0801578
0.0811893
0.0825991
0.084485
0.0869677
0.0901985
0.0943694
0.0997308
0.106623
0.115537
0.127272
0.143384
0.167941
0.217663
0.449378
0.0887578
0.0877002
0.0867428
0.0858629
0.0850443
0.0842764
0.0835539
0.0828748
0.0822392
0.0816482
0.0811031
0.0806047
0.0801535
0.0797493
0.0793919
0.079081
0.0788174
0.0786032
0.0784427
0.0783434
0.0783168
0.0783799
0.0785558
0.0788757
0.07938
0.0801198
0.081159
0.0825768
0.0844711
0.0869629
0.0902034
0.0943849
0.0997576
0.106661
0.115588
0.127333
0.143449
0.167999
0.217673
0.449111
0.0879778
0.0869472
0.0860264
0.0851908
0.0844219
0.083707
0.0830389
0.0824136
0.0818298
0.0812875
0.0807873
0.0803295
0.0799145
0.0795422
0.0792124
0.0789254
0.0786822
0.0784855
0.0783399
0.0782534
0.078238
0.0783109
0.0784958
0.078824
0.0793361
0.0800837
0.0811308
0.0825568
0.0844598
0.0869608
0.0902112
0.0944033
0.0997874
0.106703
0.115641
0.127395
0.143516
0.168055
0.217675
0.448788
0.0873162
0.0863071
0.0854155
0.0846153
0.0838861
0.083214
0.0825898
0.0820084
0.0814672
0.0809655
0.0805029
0.0800796
0.0796955
0.0793507
0.079045
0.0787791
0.0785542
0.0783732
0.0782414
0.0781668
0.0781619
0.0782443
0.0784378
0.0787741
0.0792942
0.0800495
0.0811047
0.0825391
0.0844509
0.0869613
0.0902219
0.0944248
0.0998203
0.106747
0.115696
0.12746
0.143584
0.168111
0.217668
0.448411
0.0867466
0.0857551
0.0848873
0.0841157
0.083419
0.0827817
0.0821937
0.0816486
0.0811431
0.0806754
0.0802447
0.0798509
0.0794936
0.0791727
0.0788883
0.0786411
0.0784327
0.0782661
0.0781468
0.0780834
0.0780885
0.0781799
0.0783819
0.0787263
0.0792542
0.0800175
0.0810808
0.0825237
0.0844445
0.0869646
0.0902355
0.0944494
0.0998564
0.106795
0.115755
0.127527
0.143654
0.168165
0.217652
0.447984
0.0862491
0.0852723
0.0844242
0.0836764
0.0830065
0.0823982
0.0818404
0.0813259
0.0808504
0.0804118
0.0800086
0.0796403
0.0793063
0.0790066
0.0787411
0.0785108
0.0783172
0.0781638
0.0780563
0.0780033
0.0780179
0.0781181
0.0783282
0.0786806
0.0792164
0.0799877
0.0810593
0.0825109
0.0844409
0.0869708
0.0902522
0.0944771
0.0998956
0.106846
0.115817
0.127597
0.143724
0.168218
0.217628
0.447503
0.0858093
0.0848446
0.084013
0.0832851
0.0826379
0.0820541
0.0815219
0.0810335
0.080584
0.0801704
0.0797911
0.0794451
0.0791318
0.0788508
0.0786024
0.0783873
0.0782074
0.0780662
0.0779695
0.0779265
0.0779501
0.0780587
0.078277
0.0786372
0.0791809
0.0799603
0.0810402
0.0825007
0.08444
0.0869799
0.0902719
0.0945079
0.099938
0.1069
0.115881
0.127669
0.143796
0.168269
0.217594
0.44696
0.0854121
0.0844604
0.0836438
0.0829328
0.0823049
0.0817422
0.0812322
0.0807664
0.0803394
0.0799478
0.0795896
0.0792635
0.0789686
0.0787046
0.0784716
0.0782703
0.0781029
0.077973
0.0778866
0.077853
0.0778853
0.0780021
0.0782282
0.0785963
0.0791479
0.0799353
0.0810237
0.0824931
0.084442
0.086992
0.0902946
0.0945419
0.0999834
0.106957
0.115948
0.127743
0.143868
0.168319
0.21755
0.446347
0.0850469
0.0841082
0.0833062
0.0826117
0.0820013
0.081457
0.0809663
0.0805205
0.0801134
0.0797414
0.0794021
0.0790937
0.0788155
0.0785669
0.0783479
0.0781595
0.0780037
0.0778844
0.0778076
0.0777829
0.0778235
0.0779483
0.0781822
0.0785579
0.0791174
0.079913
0.0810099
0.0824883
0.0844468
0.0870069
0.0903203
0.0945789
0.100032
0.107016
0.116017
0.127818
0.143941
0.168366
0.217495
0.445672
0.0847054
0.0837806
0.0829933
0.0823145
0.0817207
0.0811938
0.0807209
0.0802929
0.0799036
0.0795492
0.0792268
0.0789347
0.0786717
0.0784371
0.0782311
0.0780546
0.0779096
0.0778002
0.0777326
0.0777163
0.0777649
0.0778974
0.0781389
0.0785223
0.0790896
0.0798934
0.0809989
0.0824864
0.0844545
0.0870249
0.090349
0.0946188
0.100083
0.107078
0.116089
0.127896
0.144015
0.168412
0.217432
0.444946
0.0843811
0.0834716
0.0826996
0.0820364
0.0814586
0.0809481
0.0804919
0.0800807
0.0797081
0.0793698
0.0790628
0.0787854
0.0785363
0.0783148
0.0781208
0.0779553
0.0778205
0.0777204
0.0776614
0.0776532
0.0777096
0.0778496
0.0780986
0.0784896
0.0790646
0.0798765
0.0809906
0.0824872
0.084465
0.0870456
0.0903805
0.0946614
0.100137
0.107143
0.116163
0.127974
0.144088
0.168455
0.21736
0.444177
0.0840684
0.0831762
0.0824207
0.0817735
0.0812116
0.0807171
0.0802768
0.0798814
0.0795244
0.0792012
0.0789089
0.0786453
0.078409
0.0781995
0.0780167
0.0778615
0.0777362
0.077645
0.0775942
0.0775938
0.0776577
0.077805
0.0780613
0.0784597
0.0790425
0.0798625
0.0809851
0.0824908
0.0844783
0.0870692
0.0904148
0.0947067
0.100193
0.10721
0.116238
0.128053
0.144162
0.168496
0.21728
0.44337
0.0837629
0.0828905
0.082153
0.0815228
0.0809771
0.0804983
0.0800735
0.0796934
0.0793512
0.0790424
0.0787638
0.0785132
0.0782892
0.078091
0.0779187
0.0777732
0.0776569
0.0775739
0.077531
0.0775381
0.0776092
0.0777636
0.078027
0.0784328
0.0790232
0.0798512
0.0809824
0.0824972
0.0844943
0.0870953
0.0904515
0.0947542
0.100252
0.107278
0.116315
0.128133
0.144234
0.168534
0.217193
0.442529
0.0834613
0.0826115
0.081894
0.0812818
0.0807528
0.08029
0.0798806
0.0795152
0.0791874
0.0788923
0.0786268
0.0783886
0.0781762
0.0779888
0.0778264
0.0776901
0.0775823
0.0775073
0.0774719
0.077486
0.0775641
0.0777254
0.0779958
0.0784088
0.0790067
0.0798427
0.0809824
0.0825062
0.0845128
0.0871239
0.0904905
0.094804
0.100312
0.107348
0.116392
0.128213
0.144306
0.16857
0.217098
0.441656
0.0831608
0.0823369
0.0816415
0.0810488
0.0805373
0.0800908
0.0796967
0.0793459
0.079032
0.0787503
0.0784974
0.078271
0.0780696
0.0778924
0.0777396
0.0776121
0.0775124
0.077445
0.0774167
0.0774377
0.0775225
0.0776905
0.0779677
0.0783877
0.0789931
0.079837
0.080985
0.0825177
0.0845338
0.0871548
0.0905318
0.0948556
0.100374
0.107419
0.11647
0.128294
0.144377
0.168603
0.216998
0.440752
0.08286
0.0820652
0.0813942
0.0808224
0.0803294
0.0798996
0.0795209
0.0791847
0.0788845
0.0786157
0.0783749
0.0781599
0.0779691
0.0778018
0.077658
0.0775389
0.077447
0.0773869
0.0773655
0.0773932
0.0774844
0.0776589
0.0779427
0.0783696
0.0789823
0.079834
0.0809903
0.0825318
0.0845572
0.087188
0.0905751
0.0949092
0.100437
0.107492
0.116549
0.128375
0.144448
0.168635
0.216894
0.439814
0.0825581
0.0817956
0.0811512
0.0806018
0.0801282
0.0797156
0.0793527
0.079031
0.0787442
0.078488
0.0782591
0.078055
0.0778744
0.0777165
0.0775814
0.0774704
0.077386
0.0773329
0.0773181
0.0773522
0.0774498
0.0776306
0.077921
0.0783547
0.0789746
0.0798338
0.0809983
0.0825484
0.084583
0.0872234
0.0906205
0.0949647
0.100503
0.107566
0.11663
0.128458
0.144523
0.168679
0.21683
0.438976
0.0822551
0.0815278
0.0809122
0.0803866
0.0799333
0.0795385
0.0791915
0.0788842
0.0786109
0.078367
0.0781495
0.0779561
0.0777853
0.0776364
0.0775097
0.0774063
0.0773291
0.0772827
0.0772744
0.0773147
0.0774184
0.0776055
0.0779023
0.0783428
0.0789697
0.0798365
0.081009
0.0825678
0.0846115
0.0872614
0.0906683
0.0950224
0.10057
0.107642
0.116713
0.128542
0.144602
0.168731
0.216791
0.43823
0.0819516
0.0812622
0.0806772
0.0801766
0.0797445
0.0793679
0.0790369
0.0787442
0.0784841
0.0782524
0.078046
0.0778629
0.0777015
0.0775613
0.0774426
0.0773466
0.0772763
0.0772364
0.0772342
0.0772806
0.0773902
0.0775834
0.0778865
0.0783335
0.0789674
0.0798417
0.0810222
0.0825894
0.0846421
0.0873013
0.0907178
0.0950815
0.100638
0.107719
0.116796
0.128628
0.144681
0.168787
0.216761
0.437508
0.0816491
0.0809997
0.0804466
0.0799721
0.0795617
0.0792037
0.078889
0.0786107
0.0783636
0.0781438
0.0779483
0.0777751
0.0776229
0.0774911
0.07738
0.0772911
0.0772273
0.0771936
0.0771974
0.0772495
0.0773649
0.077564
0.0778731
0.0783266
0.0789673
0.0798489
0.0810372
0.0826127
0.0846741
0.0873424
0.0907682
0.0951411
0.100707
0.107795
0.116878
0.128712
0.144761
0.168843
0.216731
0.436782
0.0813494
0.0807412
0.0802211
0.0797734
0.0793851
0.0790459
0.0787475
0.0784836
0.0782494
0.0780412
0.0778562
0.0776927
0.0775492
0.0774254
0.0773217
0.0772396
0.0771821
0.0771543
0.0771637
0.0772214
0.0773424
0.077547
0.0778621
0.0783217
0.0789691
0.0798578
0.0810536
0.0826372
0.084707
0.0873841
0.0908187
0.0952005
0.100775
0.10787
0.116959
0.128795
0.144837
0.168896
0.216694
0.436044
0.0810545
0.0804883
0.0800017
0.079581
0.0792151
0.0788947
0.0786125
0.0783628
0.0781412
0.0779443
0.0777696
0.0776153
0.0774803
0.0773642
0.0772675
0.0771918
0.0771403
0.0771182
0.077133
0.077196
0.0773223
0.0775324
0.0778531
0.0783187
0.0789724
0.0798679
0.081071
0.0826622
0.0847401
0.0874256
0.0908686
0.0952587
0.100841
0.107943
0.117036
0.128873
0.144909
0.168943
0.216649
0.435294
0.0807667
0.0802424
0.0797892
0.0793956
0.0790519
0.0787502
0.078484
0.0782482
0.078039
0.0778531
0.0776883
0.0775429
0.077416
0.0773072
0.0772172
0.0771477
0.0771019
0.0770851
0.0771051
0.0771731
0.0773044
0.0775197
0.0778457
0.0783171
0.0789769
0.0798789
0.0810889
0.0826875
0.084773
0.0874663
0.0909173
0.0953151
0.100904
0.108013
0.11711
0.128947
0.144976
0.168983
0.216594
0.434534
0.0804881
0.0800049
0.0795846
0.0792177
0.0788959
0.0786126
0.078362
0.0781399
0.0779426
0.0777674
0.0776121
0.0774753
0.0773561
0.0772543
0.0771707
0.077107
0.0770666
0.0770549
0.0770798
0.0771525
0.0772886
0.0775087
0.0778399
0.0783166
0.0789822
0.0798903
0.0811069
0.0827124
0.0848051
0.0875057
0.0909641
0.095369
0.100965
0.108078
0.117179
0.129016
0.145036
0.169016
0.21653
0.433768
0.0802207
0.0797772
0.0793889
0.0790479
0.0787475
0.078482
0.0782467
0.0780377
0.077852
0.077687
0.0775409
0.0774123
0.0773005
0.0772053
0.0771277
0.0770695
0.0770342
0.0770273
0.0770567
0.0771339
0.0772745
0.0774992
0.0778352
0.078317
0.078988
0.0799019
0.0811245
0.0827364
0.0848358
0.0875432
0.0910083
0.0954196
0.101021
0.108139
0.117243
0.129078
0.145088
0.16904
0.216457
0.433002
0.0799661
0.0795605
0.0792027
0.0788866
0.0786068
0.0783586
0.078138
0.0779417
0.0777671
0.0776119
0.0774745
0.0773537
0.0772488
0.07716
0.077088
0.077035
0.0770046
0.0770021
0.0770358
0.0771172
0.077262
0.077491
0.0778315
0.078318
0.078994
0.0799132
0.0811415
0.0827593
0.0848648
0.0875784
0.0910495
0.0954665
0.101073
0.108195
0.1173
0.129132
0.145133
0.169056
0.216375
0.43224
0.0797257
0.0793557
0.0790268
0.0787343
0.0784741
0.0782424
0.0780358
0.0778517
0.0776877
0.0775418
0.0774127
0.0772993
0.077201
0.0771181
0.0770515
0.0770034
0.0769774
0.0769792
0.0770169
0.0771022
0.0772508
0.0774838
0.0778284
0.0783193
0.0789999
0.079924
0.0811574
0.0827806
0.0848916
0.0876106
0.0910871
0.095509
0.10112
0.108245
0.11735
0.12918
0.14517
0.169063
0.216286
0.431486
0.0795003
0.0791633
0.0788614
0.0785912
0.0783496
0.0781334
0.0779402
0.0777676
0.0776136
0.0774767
0.0773553
0.0772489
0.0771568
0.0770795
0.0770179
0.0769744
0.0769526
0.0769582
0.0769997
0.0770886
0.0772408
0.0774774
0.0778258
0.0783206
0.0790054
0.0799339
0.081172
0.0828
0.0849158
0.0876397
0.0911208
0.0955469
0.101161
0.108288
0.117393
0.129219
0.145198
0.169061
0.216189
0.430746
0.0792904
0.0789838
0.0787069
0.0784575
0.0782332
0.0780317
0.0778511
0.0776893
0.0775448
0.0774162
0.0773022
0.0772023
0.077116
0.0770439
0.076987
0.0769478
0.0769298
0.0769391
0.076984
0.0770762
0.0772317
0.0774716
0.0778234
0.0783217
0.0790103
0.0799427
0.0811849
0.0828171
0.0849372
0.0876652
0.0911502
0.0955796
0.101196
0.108324
0.117429
0.12925
0.145217
0.169051
0.216086
0.430024
0.0790963
0.0788172
0.0785633
0.078333
0.0781248
0.0779371
0.0777682
0.0776166
0.077481
0.0773602
0.0772531
0.0771593
0.0770785
0.0770112
0.0769587
0.0769234
0.076909
0.0769216
0.0769696
0.0770648
0.0772233
0.0774662
0.077821
0.0783225
0.0790144
0.0799503
0.081196
0.0828318
0.0849555
0.087687
0.091175
0.095607
0.101225
0.108354
0.117457
0.129273
0.145227
0.169033
0.215977
0.429323
0.0789177
0.0786635
0.0784305
0.0782178
0.0780245
0.0778494
0.0776915
0.0775494
0.0774221
0.0773085
0.0772079
0.0771197
0.077044
0.0769812
0.0769327
0.076901
0.07689
0.0769056
0.0769564
0.0770543
0.0772154
0.077461
0.0778185
0.0783228
0.0790175
0.0799563
0.0812051
0.0828439
0.0849705
0.0877047
0.0911951
0.0956289
0.101248
0.108376
0.117477
0.129287
0.145229
0.169006
0.215864
0.428648
0.0787543
0.0785224
0.0783082
0.0781115
0.0779319
0.0777685
0.0776207
0.0774874
0.0773677
0.0772609
0.0771663
0.0770834
0.0770123
0.0769537
0.0769089
0.0768806
0.0768725
0.0768909
0.0769443
0.0770446
0.077208
0.0774559
0.0778157
0.0783223
0.0790194
0.0799607
0.0812119
0.0828531
0.084982
0.0877182
0.0912102
0.095645
0.101264
0.108391
0.117488
0.129292
0.145222
0.168972
0.215746
0.428003
0.0786054
0.0783934
0.0781962
0.078014
0.0778467
0.0776941
0.0775555
0.0774303
0.0773178
0.0772172
0.077128
0.07705
0.0769833
0.0769285
0.0768871
0.0768618
0.0768565
0.0768774
0.076933
0.0770355
0.0772009
0.0774507
0.0778125
0.0783211
0.0790201
0.0799633
0.0812164
0.0828594
0.0849899
0.0877275
0.0912203
0.0956554
0.101274
0.108399
0.117492
0.12929
0.145207
0.16893
0.215625
0.427392
0.0784706
0.0782761
0.078094
0.0779248
0.0777688
0.0776259
0.0774958
0.077378
0.077272
0.0771771
0.077093
0.0770195
0.0769567
0.0769054
0.0768672
0.0768446
0.0768418
0.0768648
0.0769225
0.0770268
0.077194
0.0774454
0.0778088
0.0783189
0.0790195
0.0799641
0.0812186
0.0828628
0.0849942
0.0877324
0.0912254
0.0956599
0.101277
0.108399
0.117488
0.129278
0.145183
0.16888
0.215501
0.426819
0.0783488
0.0781698
0.0780011
0.0778436
0.0776977
0.0775637
0.0774413
0.0773303
0.0772302
0.0771405
0.0770611
0.0769916
0.0769324
0.0768843
0.0768489
0.0768288
0.0768282
0.0768532
0.0769126
0.0770185
0.0771871
0.0774399
0.0778045
0.0783158
0.0790174
0.079963
0.0812183
0.0828632
0.0849949
0.087733
0.0912255
0.0956587
0.101274
0.108393
0.117477
0.129259
0.145152
0.168824
0.215377
0.426287
0.0782395
0.0780739
0.077917
0.0777699
0.0776331
0.077507
0.0773915
0.0772866
0.077192
0.0771071
0.0770318
0.0769661
0.0769102
0.076865
0.0768321
0.0768143
0.0768156
0.0768423
0.0769033
0.0770105
0.0771803
0.0774341
0.0777996
0.0783117
0.0790139
0.0799601
0.0812156
0.0828605
0.084992
0.0877295
0.0912206
0.0956519
0.101264
0.108379
0.117458
0.129232
0.145113
0.168763
0.215252
0.425798
0.0781417
0.0779877
0.0778412
0.0777032
0.0775744
0.0774554
0.0773463
0.0772469
0.0771571
0.0770766
0.0770052
0.0769428
0.0768899
0.0768474
0.0768168
0.0768009
0.076804
0.0768322
0.0768944
0.0770027
0.0771734
0.077428
0.0777941
0.0783066
0.0790091
0.0799552
0.0812106
0.082855
0.0849856
0.0877217
0.091211
0.0956397
0.101248
0.108359
0.117431
0.129198
0.145067
0.168695
0.215128
0.425357
0.0780545
0.0779104
0.0777728
0.0776428
0.0775212
0.0774085
0.077305
0.0772106
0.0771253
0.0770487
0.0769808
0.0769215
0.0768713
0.0768311
0.0768026
0.0767885
0.0767931
0.0768227
0.0768859
0.0769951
0.0771665
0.0774215
0.0777879
0.0783004
0.0790028
0.0799485
0.0812033
0.0828467
0.0849759
0.0877101
0.0911968
0.0956223
0.101227
0.108332
0.117398
0.129157
0.145014
0.168624
0.215006
0.424965
0.0779769
0.0778411
0.0777111
0.077588
0.0774726
0.0773656
0.0772671
0.0771773
0.077096
0.077023
0.0769583
0.0769018
0.0768541
0.0768161
0.0767894
0.0767769
0.0767829
0.0768136
0.0768777
0.0769876
0.0771594
0.0774146
0.077781
0.0782933
0.0789951
0.0799401
0.0811937
0.0828356
0.0849629
0.0876946
0.0911783
0.0955999
0.1012
0.1083
0.117359
0.129109
0.144956
0.168548
0.214886
0.424624
0.0779077
0.0777785
0.0776548
0.0775376
0.0774277
0.0773257
0.0772319
0.0771462
0.0770686
0.0769989
0.0769371
0.0768833
0.0768379
0.0768018
0.0767769
0.0767659
0.0767731
0.0768047
0.0768696
0.07698
0.077152
0.0774073
0.0777734
0.0782852
0.0789862
0.07993
0.0811821
0.0828221
0.0849469
0.0876757
0.0911557
0.095573
0.101168
0.108262
0.117314
0.129056
0.144892
0.168468
0.21477
0.424335
0.0778452
0.0777209
0.0776024
0.0774902
0.0773852
0.0772877
0.0771981
0.0771162
0.0770421
0.0769756
0.0769166
0.0768653
0.0768221
0.076788
0.0767647
0.0767551
0.0767634
0.0767959
0.0768615
0.0769722
0.0771444
0.0773995
0.0777651
0.0782761
0.078976
0.0799184
0.0811686
0.0828062
0.0849282
0.0876535
0.0911294
0.0955419
0.101131
0.108219
0.117264
0.128997
0.144824
0.168387
0.214658
0.424098
0.0777871
0.0776662
0.0775516
0.0774438
0.0773431
0.0772499
0.0771643
0.0770862
0.0770155
0.0769521
0.0768959
0.0768471
0.076806
0.0767738
0.0767522
0.076744
0.0767534
0.0767868
0.0768529
0.0769639
0.0771361
0.0773909
0.0777559
0.078266
0.0789646
0.0799052
0.0811532
0.0827882
0.0849069
0.0876284
0.0910999
0.0955072
0.10109
0.108171
0.117209
0.128935
0.144752
0.168304
0.214551
0.423912
0.0777303
0.0776112
0.0774997
0.0773957
0.0772991
0.0772101
0.0771285
0.0770542
0.0769871
0.076927
0.0768737
0.0768275
0.0767888
0.0767586
0.0767387
0.0767319
0.0767425
0.0767768
0.0768435
0.0769548
0.0771271
0.0773815
0.0777458
0.0782548
0.0789519
0.0798906
0.0811362
0.0827682
0.0848835
0.0876009
0.0910676
0.0954694
0.101046
0.10812
0.117151
0.128869
0.144678
0.16822
0.21445
0.423771
0.0776711
0.0775523
0.0774431
0.0773427
0.0772503
0.0771656
0.0770884
0.0770183
0.0769551
0.0768986
0.0768485
0.0768052
0.0767691
0.0767411
0.0767232
0.0767181
0.07673
0.0767653
0.0768328
0.0769446
0.0771168
0.077371
0.0777346
0.0782425
0.0789381
0.0798747
0.0811178
0.0827467
0.0848583
0.0875714
0.0910331
0.0954293
0.101
0.108067
0.11709
0.128801
0.144603
0.168137
0.214355
0.423668
0.0776052
0.0774856
0.0773785
0.0772818
0.077194
0.0771142
0.0770419
0.0769766
0.0769178
0.0768653
0.076819
0.076779
0.0767459
0.0767206
0.0767049
0.0767017
0.0767153
0.0767519
0.0768203
0.0769326
0.0771051
0.0773591
0.0777221
0.0782289
0.078923
0.0798576
0.0810982
0.082724
0.0848319
0.0875406
0.0909974
0.095388
0.100952
0.108013
0.117029
0.128733
0.144528
0.168056
0.214266
0.423588
0.0775292
0.0774084
0.0773036
0.0772112
0.0771286
0.0770546
0.0769879
0.076928
0.0768743
0.0768265
0.0767845
0.0767483
0.0767185
0.0766962
0.0766832
0.0766823
0.0766978
0.076736
0.0768056
0.0769187
0.0770916
0.0773457
0.0777083
0.0782143
0.078907
0.0798397
0.0810779
0.0827007
0.0848051
0.0875096
0.0909616
0.0953468
0.100905
0.107959
0.116969
0.128666
0.144457
0.16798
0.214185
0.423504
0.0774434
0.0773219
0.0772202
0.0771327
0.0770562
0.0769884
0.076928
0.0768741
0.0768259
0.0767832
0.0767458
0.0767138
0.0766878
0.0766689
0.0766588
0.0766604
0.0766781
0.0767181
0.0767891
0.0769033
0.0770769
0.0773312
0.0776937
0.0781991
0.0788907
0.0798219
0.0810579
0.0826781
0.0847793
0.0874801
0.0909277
0.095308
0.100861
0.10791
0.116914
0.128606
0.144392
0.167912
0.214112
0.423372
0.0773561
0.0772352
0.0771373
0.0770552
0.0769848
0.0769234
0.0768691
0.0768209
0.0767782
0.0767404
0.0767075
0.0766795
0.0766572
0.0766415
0.0766343
0.0766384
0.0766583
0.0767001
0.0767727
0.0768881
0.0770625
0.0773173
0.0776798
0.0781848
0.0788757
0.0798058
0.0810402
0.0826583
0.0847569
0.0874547
0.0908988
0.0952752
0.100824
0.107868
0.116867
0.128556
0.14434
0.167861
0.214064
0.423135
0.0772895
0.0771704
0.0770758
0.0769981
0.0769323
0.0768754
0.0768255
0.0767815
0.0767426
0.0767084
0.0766787
0.0766537
0.076634
0.0766207
0.0766156
0.0766217
0.0766432
0.0766864
0.0767602
0.0768765
0.0770516
0.0773069
0.0776696
0.0781746
0.0788652
0.0797946
0.0810281
0.082645
0.084742
0.0874379
0.0908797
0.0952534
0.100799
0.10784
0.116836
0.128521
0.144302
0.167821
0.214012
0.4227
)
;

boundaryField
{
    leftWall
    {
        type            epsilonWallFunction;
        value           nonuniform List<scalar> 
86
(
0.0751316
0.135779
0.190043
0.230402
0.261829
0.287311
0.308642
0.326979
0.343107
0.357577
0.370787
0.383167
0.394824
0.405902
0.416508
0.426719
0.436593
0.446168
0.455472
0.464523
0.473332
0.481906
0.490248
0.49836
0.506244
0.5139
0.52133
0.528539
0.535538
0.542348
0.549006
0.555581
0.562195
0.569065
0.576555
0.585288
0.596347
0.611772
0.631693
0.654412
0.680279
0.714925
0.779283
0.810807
0.820402
0.825975
0.832969
0.84664
0.86823
0.8955
0.914573
0.921994
0.919387
0.909106
0.89342
0.874119
0.852578
0.829804
0.806487
0.783109
0.760034
0.737559
0.715925
0.695295
0.675736
0.657232
0.639753
0.623305
0.607923
0.593649
0.580515
0.568553
0.5578
0.548291
0.540058
0.533201
0.528067
0.525555
0.52758
0.537748
0.562961
0.617965
0.734279
0.976208
1.51659
3.21867
)
;
    }
    rightWall
    {
        type            epsilonWallFunction;
        value           nonuniform List<scalar> 
86
(
0.0834912
0.137778
0.192525
0.242037
0.282761
0.315654
0.342098
0.363313
0.380306
0.3939
0.404865
0.413676
0.420723
0.426344
0.430821
0.434385
0.437227
0.439504
0.441339
0.442832
0.44406
0.445083
0.445947
0.446683
0.447317
0.447863
0.448334
0.448737
0.449076
0.449352
0.449568
0.449724
0.449818
0.449852
0.449824
0.449736
0.449587
0.449378
0.449111
0.448788
0.448411
0.447984
0.447503
0.44696
0.446347
0.445672
0.444946
0.444177
0.44337
0.442529
0.441656
0.440752
0.439814
0.438976
0.43823
0.437508
0.436782
0.436044
0.435294
0.434534
0.433768
0.433002
0.43224
0.431486
0.430746
0.430024
0.429323
0.428648
0.428003
0.427392
0.426819
0.426287
0.425798
0.425357
0.424965
0.424624
0.424335
0.424098
0.423912
0.423771
0.423668
0.423588
0.423504
0.423372
0.423135
0.4227
)
;
    }
    lowerWall
    {
        type            epsilonWallFunction;
        value           nonuniform List<scalar> 
110
(
0.0751316
0.202001
0.333613
0.44266
0.533459
0.610439
0.676851
0.735302
0.788016
0.836913
0.883678
0.929827
0.976768
1.02585
1.07842
1.13583
1.19944
1.27059
1.35049
1.44007
1.5397
1.64888
1.76586
1.88725
2.00783
2.12058
2.21727
2.28945
2.32988
2.33392
2.30016
2.22827
2.11836
1.98823
1.8513
1.71391
1.58685
1.48169
1.40694
1.3654
1.35347
1.36173
1.3437
1.24393
1.1142
0.774651
0.774651
1.39661
1.93023
2.27694
2.34366
2.16517
1.96345
1.77764
1.65382
1.76896
2.37868
1.37437
1.86637
2.54117
0.0620398
0.140521
0.184924
0.229592
0.270651
0.315786
0.350442
0.375931
0.615156
1.43202
0.0620398
0.0853796
0.0864079
0.407688
0.467322
0.50649
0.529305
0.540546
0.543977
0.542348
0.537576
0.530935
0.523623
0.518144
0.51322
0.508394
0.503677
0.499114
0.494715
0.490467
0.486353
0.482353
0.478447
0.474603
0.47077
0.466865
0.462759
0.458266
0.453116
0.446936
0.439214
0.429256
0.41614
0.398646
0.375339
0.085861
0.0862328
0.368087
0.0843481
0.0834912
)
;
    }
    atmosphere
    {
        type            inletOutlet;
        inletValue      uniform 0.1;
        value           nonuniform List<scalar> 
90
(
0.1
0.1
0.1
0.1
0.1
0.1
0.1
0.1
0.1
0.1
0.1
0.1
0.1
0.1
0.1
0.1
0.1
0.1
0.1
0.1
0.1
0.1
0.1
0.1
0.1
0.1
0.1
0.1
0.1
0.1
0.1
0.1
0.1
0.1
0.1
0.1
0.1
0.1
0.1
0.1
0.0875961
0.0842644
0.0820252
0.0804963
0.0794435
0.0787147
0.0782202
0.0778753
0.0776245
0.0774384
0.0772895
0.0771704
0.0770758
0.0769981
0.0769323
0.0768754
0.0768255
0.0767815
0.0767426
0.0767084
0.0766787
0.0766537
0.076634
0.0766207
0.0766156
0.0766217
0.0766432
0.0766864
0.0767602
0.0768765
0.0770516
0.0773069
0.0776696
0.0781746
0.0788652
0.0797946
0.0810281
0.082645
0.084742
0.0874379
0.0908797
0.0952534
0.100799
0.10784
0.116836
0.128521
0.144302
0.167821
0.214012
0.4227
)
;
    }
    defaultFaces
    {
        type            empty;
    }
}


// ************************************************************************* //
