/*--------------------------------*- C++ -*----------------------------------*\
  =========                 |
  \\      /  F ield         | OpenFOAM: The Open Source CFD Toolbox
   \\    /   O peration     | Website:  https://openfoam.org
    \\  /    A nd           | Version:  7
     \\/     M anipulation  |
\*---------------------------------------------------------------------------*/
FoamFile
{
    version     2.0;
    format      ascii;
    class       volScalarField;
    location    "0.009";
    object      dsmcRhoN;
}
// * * * * * * * * * * * * * * * * * * * * * * * * * * * * * * * * * * * * * //

dimensions      [0 -3 0 0 0 0 0];

internalField   nonuniform List<scalar> 
2400
(
6
11
8
8
9
11
10
10
8
9
16
9
7
8
12
12
8
9
14
14
8
12
9
8
13
5
9
5
10
5
11
13
10
6
8
13
13
9
11
12
7
10
13
13
10
6
8
6
11
14
6
13
12
5
15
13
7
13
7
15
6
7
13
7
10
12
7
13
10
14
12
12
10
8
11
4
13
8
17
4
10
11
9
6
10
11
16
13
4
5
5
10
18
11
12
17
6
10
9
21
6
7
13
9
8
5
9
11
11
12
10
8
6
11
9
12
12
9
4
9
7
8
8
6
15
10
8
7
8
12
7
10
8
12
12
23
8
8
8
11
9
14
10
13
5
5
17
7
6
14
4
9
8
7
8
10
10
5
9
9
8
6
11
12
20
6
16
9
12
5
8
12
10
7
10
6
11
12
14
8
8
9
6
8
11
11
9
11
9
6
10
10
5
12
13
7
4
13
8
8
9
11
8
8
14
14
8
7
14
9
6
11
14
12
11
5
16
10
10
7
8
8
6
7
9
6
12
5
15
8
7
10
7
11
9
10
14
9
8
6
8
11
12
7
13
9
10
7
9
14
6
9
9
8
15
8
7
12
11
6
4
10
10
7
12
11
10
12
5
9
5
11
12
9
5
9
10
8
10
11
7
14
9
8
6
8
7
13
12
10
11
10
12
9
8
8
9
7
5
7
7
6
6
13
14
7
6
15
6
13
10
15
18
13
13
10
12
8
15
11
10
14
11
9
11
7
9
9
12
12
8
11
10
13
5
12
3
9
8
4
8
7
8
7
10
18
9
5
8
7
6
9
12
6
13
7
8
4
13
9
7
10
13
7
12
14
8
8
10
14
6
9
9
13
17
7
5
15
9
11
6
10
7
12
8
11
5
9
6
9
7
6
10
5
13
13
11
13
6
10
5
11
12
9
1
9
9
11
6
9
13
8
6
6
13
14
12
14
10
6
5
12
6
11
12
9
9
16
11
8
12
9
11
12
12
13
9
10
11
9
12
8
9
13
11
8
6
11
4
12
13
7
16
9
8
12
7
14
8
8
6
9
12
8
9
16
10
8
6
10
12
8
8
9
7
9
8
8
6
8
11
6
9
10
17
7
4
10
9
9
14
10
8
6
11
5
7
18
7
11
6
11
10
13
10
12
12
12
5
11
11
8
7
14
6
3
6
13
12
9
7
8
11
8
7
7
6
14
11
12
18
8
6
11
8
11
7
11
11
7
9
10
8
6
9
11
15
11
9
8
8
12
13
1
9
12
16
7
6
6
7
8
8
10
14
12
6
7
10
6
10
10
13
9
13
11
6
10
11
15
5
14
7
11
10
3
8
9
17
10
6
7
10
12
5
13
9
10
10
9
6
12
10
11
10
14
13
11
9
8
13
11
10
11
14
13
13
8
11
9
9
6
6
11
8
8
11
6
9
11
16
12
7
7
7
6
12
11
13
9
6
10
12
8
7
22
6
4
13
7
4
16
11
9
12
14
10
6
8
13
6
7
13
10
8
6
13
3
7
9
11
12
9
7
6
14
13
15
12
7
7
11
8
11
10
13
9
12
10
8
8
13
10
5
13
12
8
10
7
8
6
9
11
9
11
11
8
5
12
12
11
6
19
7
12
8
5
10
3
9
9
8
8
12
10
11
11
9
7
8
9
6
6
15
7
6
6
11
9
12
7
9
8
11
11
9
8
12
6
10
7
12
11
13
5
7
13
7
12
6
9
8
8
6
6
10
8
8
10
5
19
7
9
7
12
11
10
10
11
6
9
4
16
9
12
11
10
11
11
11
6
4
13
6
6
16
6
11
11
11
25
26
22
27
31
37
26
24
20
32
21
31
36
22
26
23
33
23
37
44
26
34
26
21
23
30
21
24
25
18
22
18
31
27
22
14
20
19
12
14
7
29
17
18
18
25
28
25
25
20
30
22
24
23
21
26
21
13
16
25
17
22
16
25
29
18
26
25
22
19
20
17
18
24
19
18
15
21
17
15
12
18
10
28
15
18
21
23
26
22
25
22
15
23
24
35
34
19
18
20
13
23
24
16
24
17
17
19
18
14
12
18
16
30
12
16
22
16
16
11
18
11
16
15
21
21
18
15
19
17
16
23
27
25
30
24
22
23
25
26
14
22
14
16
18
18
17
16
19
25
15
9
25
20
22
16
18
15
16
12
9
12
9
14
18
22
18
19
20
26
21
10
15
23
27
21
29
25
20
13
18
19
20
15
26
18
20
16
16
18
16
17
24
24
19
18
22
10
15
15
13
10
12
14
14
19
19
16
15
20
24
23
15
12
17
28
21
15
17
23
21
24
24
18
20
27
18
13
20
14
22
19
18
13
19
21
17
19
18
13
6
8
14
10
20
6
18
16
19
21
15
20
13
21
12
29
32
22
22
20
23
19
26
24
13
19
17
21
6
12
24
11
18
21
8
16
16
13
14
10
7
10
6
8
8
15
10
13
9
16
15
22
13
15
14
16
15
29
21
15
19
16
15
19
17
14
18
17
17
20
16
11
20
18
17
21
17
12
14
14
9
7
12
7
12
7
12
19
11
11
11
5
20
17
24
20
14
25
19
24
24
23
19
14
17
19
20
21
16
9
16
15
22
13
15
19
19
13
13
14
14
8
10
17
10
5
14
10
17
15
19
11
16
15
17
18
24
19
13
16
15
13
15
14
10
18
19
23
23
25
14
22
25
20
10
20
21
16
17
9
15
6
10
10
5
7
11
11
16
8
12
11
15
9
12
12
16
19
12
23
16
21
19
18
13
18
24
17
24
11
15
18
13
13
17
20
15
19
19
15
14
8
10
6
12
11
10
10
11
11
17
9
9
15
12
16
11
12
19
15
22
12
21
11
20
20
17
19
18
16
8
21
26
20
18
14
18
19
23
12
6
8
8
11
4
14
6
7
13
7
13
12
9
14
14
13
17
10
17
22
12
14
18
20
15
19
15
21
19
14
23
17
19
21
15
19
16
8
17
13
8
7
13
16
7
10
6
5
14
8
13
5
9
7
14
9
11
16
12
7
10
11
16
17
15
25
17
22
16
15
17
15
25
20
19
18
14
6
20
15
6
13
11
11
11
11
8
9
7
12
8
12
7
14
8
9
11
16
10
7
13
15
20
14
18
19
20
23
13
17
19
18
20
22
13
23
20
19
23
12
7
9
7
7
4
9
11
5
7
5
13
16
13
6
13
8
11
11
24
13
5
5
13
16
22
14
23
12
23
21
12
19
26
18
21
32
18
19
15
17
6
14
9
10
3
8
6
9
10
9
11
12
8
12
9
6
11
8
7
15
13
13
7
15
19
22
12
16
13
18
21
12
22
21
22
20
14
22
19
14
12
11
14
6
11
9
17
9
9
4
9
8
6
7
15
4
10
10
7
7
13
9
9
14
12
19
18
13
18
17
13
15
14
13
16
24
15
22
12
12
11
11
9
8
9
11
10
8
9
12
14
10
9
9
8
12
9
9
11
7
13
14
19
14
11
16
14
9
17
13
15
13
19
16
18
22
32
17
19
20
4
10
14
13
8
7
11
7
7
9
7
12
9
11
7
11
14
10
11
10
9
4
6
7
15
9
14
9
13
11
21
16
14
17
11
19
14
18
20
11
12
9
15
14
9
9
6
6
10
7
11
13
9
11
11
7
8
10
11
8
14
9
9
7
9
12
13
13
13
12
11
12
13
17
17
14
13
11
22
20
6
8
9
8
12
10
10
7
12
11
10
4
13
14
11
5
6
16
8
4
6
4
7
3
10
5
8
12
12
10
12
19
7
15
12
15
25
24
23
17
5
4
11
9
11
11
7
7
13
11
6
10
8
7
8
14
10
16
8
5
5
11
9
5
10
10
6
9
9
20
14
12
12
6
13
18
13
12
12
12
10
5
12
7
11
3
9
2
8
7
6
8
7
14
7
14
3
15
11
8
8
13
7
12
3
11
10
4
7
9
6
15
11
10
13
11
15
10
7
18
12
19
8
4
11
6
8
11
8
4
13
10
7
10
15
7
4
6
7
3
5
2
5
5
8
8
14
12
15
13
7
13
7
17
9
12
6
13
14
20
7
4
6
11
7
17
4
12
8
5
11
4
4
13
10
8
10
5
6
9
7
8
11
10
10
6
10
8
6
9
13
14
10
18
12
10
13
13
20
9
5
12
11
11
6
13
15
11
8
3
5
13
7
4
15
7
5
11
15
11
5
6
9
6
5
11
14
10
9
4
4
7
9
14
5
16
9
11
14
13
8
12
8
14
5
13
9
9
10
9
11
8
4
11
12
6
6
10
9
10
11
7
10
5
11
2
5
8
14
13
7
11
11
11
4
7
9
6
9
8
10
6
12
15
14
5
13
9
13
8
9
13
10
10
8
8
8
6
11
11
11
11
3
11
6
7
12
13
7
8
10
13
5
10
9
23
10
11
15
8
7
8
9
10
7
4
10
9
11
5
10
11
9
9
10
13
11
11
9
8
7
9
8
5
5
5
10
12
8
10
8
6
6
6
8
5
10
12
11
9
12
9
11
14
12
10
9
8
9
11
9
13
11
13
11
13
9
9
12
11
4
10
7
4
7
7
6
4
10
7
10
7
10
3
4
10
6
5
9
15
9
8
10
7
7
9
6
12
17
5
8
8
8
7
12
9
9
4
12
10
8
9
6
12
11
13
7
5
9
9
4
9
6
7
8
11
6
8
10
7
15
10
7
8
12
9
14
8
5
9
7
7
10
5
8
3
11
7
7
6
10
8
2
6
8
12
14
7
9
7
3
9
5
10
8
7
6
7
6
4
12
11
7
2
13
8
9
10
11
9
10
8
3
7
9
8
8
6
10
10
6
12
13
3
6
6
11
5
6
8
6
6
7
9
5
8
5
5
8
6
8
3
8
9
11
9
6
8
7
12
11
7
11
10
7
16
8
8
12
8
10
10
7
8
10
10
9
5
6
9
7
4
5
8
8
7
9
6
6
5
9
8
9
13
10
8
3
8
9
5
18
6
7
10
10
8
10
9
6
7
6
9
7
6
6
12
6
4
8
6
4
10
6
9
6
8
9
9
12
9
13
9
6
11
10
9
6
16
4
6
8
10
7
4
6
7
21
5
16
7
8
9
8
8
7
7
12
14
7
5
6
12
6
7
6
9
6
11
7
5
12
10
10
6
11
11
10
5
7
10
11
11
10
3
8
13
14
8
10
9
11
6
6
9
11
12
12
10
13
8
5
13
9
8
7
5
9
7
8
9
9
11
13
14
12
7
9
13
6
7
11
8
11
11
7
10
8
12
3
8
6
3
5
6
7
9
5
8
6
8
6
7
14
7
4
10
4
7
9
7
10
11
6
10
15
11
9
9
11
8
7
20
9
5
6
9
12
10
6
5
6
6
10
6
10
6
5
8
7
9
8
3
8
9
5
3
7
12
4
7
)
;

boundaryField
{
    flow
    {
        type            zeroGradient;
    }
    obstacle
    {
        type            zeroGradient;
    }
    frontAndBack
    {
        type            empty;
    }
}


// ************************************************************************* //
