/*--------------------------------*- C++ -*----------------------------------*\
  =========                 |
  \\      /  F ield         | OpenFOAM: The Open Source CFD Toolbox
   \\    /   O peration     | Website:  https://openfoam.org
    \\  /    A nd           | Version:  7
     \\/     M anipulation  |
\*---------------------------------------------------------------------------*/
FoamFile
{
    version     2.0;
    format      ascii;
    class       volVectorField;
    location    "0.3";
    object      U;
}
// * * * * * * * * * * * * * * * * * * * * * * * * * * * * * * * * * * * * * //

dimensions      [0 1 -1 0 0 0 0];

internalField   nonuniform List<vector> 
1935
(
(-0.038522 0.0189248 0)
(-0.0531592 -0.000185501 0)
(-0.0327057 -0.0166116 0)
(0.00012904 -0.0212448 0)
(0.0395937 -0.0224192 0)
(0.079308 -0.0214717 0)
(0.11738 -0.0197464 0)
(0.152949 -0.0179626 0)
(0.185926 -0.016391 0)
(0.216689 -0.0151133 0)
(0.245756 -0.0141358 0)
(0.27362 -0.0134295 0)
(0.300709 -0.0129517 0)
(0.327376 -0.0126586 0)
(0.353903 -0.0125106 0)
(0.380501 -0.012473 0)
(0.407323 -0.0125153 0)
(0.434463 -0.0126105 0)
(0.461971 -0.0127339 0)
(0.489847 -0.0128621 0)
(0.518047 -0.0129723 0)
(0.546481 -0.0130416 0)
(0.575013 -0.0130458 0)
(0.603454 -0.0129591 0)
(0.631559 -0.0127532 0)
(0.65902 -0.0123959 0)
(0.685452 -0.0118502 0)
(0.710384 -0.011072 0)
(0.733236 -0.0100051 0)
(0.75328 -0.00857523 0)
(0.769625 -0.00665195 0)
(0.780853 -0.00402862 0)
(0.786245 0.000213947 0)
(0.7806 0.00604413 0)
(0.761128 0.0137725 0)
(0.724891 0.0235204 0)
(0.66855 0.0351842 0)
(0.589053 0.0482387 0)
(0.484763 0.061159 0)
(0.356999 0.0710982 0)
(0.211362 0.0744684 0)
(0.0611065 0.0698373 0)
(-0.0876574 0.0594737 0)
(-0.234316 0.0148253 0)
(-0.0202592 0.044654 0)
(-0.00862144 -0.00108331 0)
(0.0127885 -0.0291461 0)
(0.0441073 -0.0411079 0)
(0.0789464 -0.0447947 0)
(0.114366 -0.0442135 0)
(0.148856 -0.0418874 0)
(0.181798 -0.0391608 0)
(0.213116 -0.0366532 0)
(0.243033 -0.0346119 0)
(0.27188 -0.0330969 0)
(0.299997 -0.0320765 0)
(0.327687 -0.0314809 0)
(0.355204 -0.0312301 0)
(0.382748 -0.0312462 0)
(0.410465 -0.0314578 0)
(0.438453 -0.0318002 0)
(0.466763 -0.0322147 0)
(0.495407 -0.0326468 0)
(0.524358 -0.0330446 0)
(0.553551 -0.0333566 0)
(0.582881 -0.0335301 0)
(0.612202 -0.033509 0)
(0.641323 -0.0332318 0)
(0.670001 -0.0326298 0)
(0.697933 -0.0316244 0)
(0.724751 -0.0301239 0)
(0.750005 -0.0280185 0)
(0.773152 -0.0251719 0)
(0.793538 -0.0214063 0)
(0.810393 -0.0164583 0)
(0.822865 -0.0099552 0)
(0.829633 -0.00110249 0)
(0.831546 0.0106089 0)
(0.826909 0.0257133 0)
(0.813255 0.0446591 0)
(0.787497 0.0677369 0)
(0.745601 0.0946517 0)
(0.682489 0.123741 0)
(0.59273 0.151207 0)
(0.472544 0.170864 0)
(0.325369 0.176273 0)
(0.165019 0.163085 0)
(0.0190086 0.110961 0)
(0.00205067 0.0432157 0)
(0.0174262 -0.0164899 0)
(0.0420722 -0.0497303 0)
(0.0722023 -0.0646496 0)
(0.104383 -0.0691826 0)
(0.136813 -0.0684026 0)
(0.168597 -0.0653727 0)
(0.199394 -0.0617877 0)
(0.229195 -0.0584788 0)
(0.258161 -0.0557921 0)
(0.286518 -0.053819 0)
(0.314496 -0.0525232 0)
(0.342303 -0.0518125 0)
(0.37011 -0.0515765 0)
(0.398047 -0.0517053 0)
(0.426208 -0.0520961 0)
(0.454647 -0.0526553 0)
(0.483387 -0.0532974 0)
(0.512414 -0.0539427 0)
(0.541688 -0.0545144 0)
(0.571132 -0.0549355 0)
(0.600639 -0.0551262 0)
(0.630062 -0.0550003 0)
(0.659213 -0.0544626 0)
(0.687857 -0.0534058 0)
(0.715704 -0.0517066 0)
(0.742403 -0.0492217 0)
(0.76753 -0.0457812 0)
(0.790578 -0.0411792 0)
(0.810949 -0.0351603 0)
(0.827946 -0.0273987 0)
(0.84078 -0.0174779 0)
(0.848445 -0.00491427 0)
(0.850297 0.0111303 0)
(0.845495 0.0315063 0)
(0.832911 0.0570847 0)
(0.81125 0.088592 0)
(0.778944 0.126217 0)
(0.733888 0.168867 0)
(0.673002 0.213004 0)
(0.591931 0.2514 0)
(0.486943 0.273196 0)
(0.360011 0.264978 0)
(0.225678 0.204427 0)
(0.0106866 0.0295244 0)
(0.0314655 -0.0341216 0)
(0.0603502 -0.0717102 0)
(0.0913458 -0.088329 0)
(0.122472 -0.0930959 0)
(0.153117 -0.0919091 0)
(0.183059 -0.0882455 0)
(0.212296 -0.0840124 0)
(0.24094 -0.0801515 0)
(0.269151 -0.0770545 0)
(0.297097 -0.0748201 0)
(0.324931 -0.0733997 0)
(0.352786 -0.0726795 0)
(0.380767 -0.0725242 0)
(0.408952 -0.0727982 0)
(0.43739 -0.0733747 0)
(0.466105 -0.0741374 0)
(0.495095 -0.0749792 0)
(0.524335 -0.0757996 0)
(0.553772 -0.0765002 0)
(0.583328 -0.0769814 0)
(0.612895 -0.0771383 0)
(0.642329 -0.0768565 0)
(0.67145 -0.0760088 0)
(0.700031 -0.074451 0)
(0.727797 -0.0720178 0)
(0.754414 -0.0685177 0)
(0.779481 -0.0637261 0)
(0.802527 -0.0573754 0)
(0.822997 -0.0491424 0)
(0.840253 -0.0386323 0)
(0.853572 -0.0253621 0)
(0.862116 -0.00875932 0)
(0.865077 0.0119672 0)
(0.861647 0.0376865 0)
(0.850989 0.0693013 0)
(0.832302 0.107588 0)
(0.804815 0.152886 0)
(0.767676 0.204503 0)
(0.719583 0.259669 0)
(0.658042 0.311966 0)
(0.578892 0.349704 0)
(0.477548 0.354666 0)
(0.354063 0.300252 0)
(0.0121277 0.0127689 0)
(0.0383112 -0.0565668 0)
(0.0712525 -0.0956786 0)
(0.103706 -0.112227 0)
(0.13462 -0.116362 0)
(0.164307 -0.114488 0)
(0.193116 -0.110248 0)
(0.221345 -0.105582 0)
(0.249232 -0.101428 0)
(0.276956 -0.0981631 0)
(0.304655 -0.0958684 0)
(0.332432 -0.094476 0)
(0.360364 -0.0938533 0)
(0.388507 -0.0938465 0)
(0.4169 -0.0943026 0)
(0.44556 -0.0950779 0)
(0.474488 -0.0960399 0)
(0.503668 -0.0970656 0)
(0.533065 -0.0980374 0)
(0.562623 -0.098839 0)
(0.592264 -0.0993507 0)
(0.62188 -0.0994446 0)
(0.651338 -0.0989801 0)
(0.680463 -0.0977996 0)
(0.709041 -0.0957241 0)
(0.736812 -0.0925488 0)
(0.763458 -0.0880373 0)
(0.788603 -0.0819149 0)
(0.811807 -0.0738593 0)
(0.832555 -0.0634888 0)
(0.850262 -0.0503484 0)
(0.864273 -0.033897 0)
(0.873852 -0.0135041 0)
(0.878241 0.0116066 0)
(0.8767 0.0423009 0)
(0.868517 0.0794458 0)
(0.853061 0.12376 0)
(0.829776 0.175547 0)
(0.798092 0.234225 0)
(0.757139 0.297508 0)
(0.705106 0.360049 0)
(0.638305 0.411406 0)
(0.550282 0.433369 0)
(0.433502 0.398135 0)
(0.012758 -0.00562375 0)
(0.04223 -0.0820788 0)
(0.0777254 -0.121278 0)
(0.111152 -0.136434 0)
(0.141957 -0.139212 0)
(0.17106 -0.13638 0)
(0.199184 -0.131563 0)
(0.226822 -0.126595 0)
(0.254288 -0.122321 0)
(0.281776 -0.119058 0)
(0.309397 -0.116843 0)
(0.33722 -0.115584 0)
(0.365282 -0.11513 0)
(0.393606 -0.115314 0)
(0.422201 -0.115971 0)
(0.451063 -0.116947 0)
(0.48018 -0.118098 0)
(0.509526 -0.11929 0)
(0.539062 -0.120393 0)
(0.568731 -0.121274 0)
(0.59846 -0.121797 0)
(0.628147 -0.121813 0)
(0.657666 -0.121157 0)
(0.686853 -0.119643 0)
(0.715509 -0.117059 0)
(0.743386 -0.113162 0)
(0.770186 -0.107675 0)
(0.795556 -0.100278 0)
(0.819084 -0.0905985 0)
(0.840294 -0.0782054 0)
(0.858648 -0.0625933 0)
(0.873552 -0.0431746 0)
(0.884354 -0.0192776 0)
(0.890375 0.00987558 0)
(0.890958 0.0451297 0)
(0.885469 0.0873086 0)
(0.873346 0.137079 0)
(0.854067 0.194726 0)
(0.827047 0.259781 0)
(0.791368 0.330385 0)
(0.745233 0.402181 0)
(0.685014 0.46641 0)
(0.603658 0.506926 0)
(0.489992 0.497584 0)
(0.0135959 -0.0253591 0)
(0.0449496 -0.10937 0)
(0.0815569 -0.147741 0)
(0.115126 -0.160715 0)
(0.145555 -0.161743 0)
(0.17414 -0.157839 0)
(0.201798 -0.152481 0)
(0.229099 -0.147313 0)
(0.256376 -0.143039 0)
(0.283807 -0.139884 0)
(0.311478 -0.137836 0)
(0.339427 -0.136772 0)
(0.367663 -0.136525 0)
(0.396184 -0.136918 0)
(0.424979 -0.137779 0)
(0.454034 -0.138948 0)
(0.483326 -0.140274 0)
(0.512825 -0.141616 0)
(0.542493 -0.142831 0)
(0.572277 -0.143778 0)
(0.602107 -0.144302 0)
(0.631892 -0.144237 0)
(0.661515 -0.143393 0)
(0.690827 -0.141559 0)
(0.71964 -0.138491 0)
(0.747723 -0.133911 0)
(0.774799 -0.127503 0)
(0.800534 -0.118903 0)
(0.824544 -0.107697 0)
(0.846387 -0.09341 0)
(0.865571 -0.0754948 0)
(0.881556 -0.0533278 0)
(0.893763 -0.026208 0)
(0.901593 0.00664609 0)
(0.904471 0.0460607 0)
(0.901828 0.0928289 0)
(0.893143 0.147592 0)
(0.877889 0.210665 0)
(0.855416 0.281752 0)
(0.82468 0.359464 0)
(0.783742 0.440441 0)
(0.728822 0.517734 0)
(0.652464 0.578045 0)
(0.541244 0.598712 0)
(0.0146088 -0.0462499 0)
(0.047003 -0.137469 0)
(0.0836256 -0.174271 0)
(0.11658 -0.184658 0)
(0.146287 -0.183845 0)
(0.174284 -0.17893 0)
(0.201547 -0.173142 0)
(0.228632 -0.167889 0)
(0.255839 -0.163714 0)
(0.28331 -0.160746 0)
(0.311099 -0.15892 0)
(0.339212 -0.158086 0)
(0.367639 -0.158064 0)
(0.396358 -0.158669 0)
(0.425346 -0.159729 0)
(0.45458 -0.161079 0)
(0.484032 -0.162566 0)
(0.513673 -0.164042 0)
(0.543467 -0.165359 0)
(0.573366 -0.166363 0)
(0.60331 -0.166887 0)
(0.633218 -0.166746 0)
(0.662985 -0.165732 0)
(0.692476 -0.163605 0)
(0.72152 -0.160091 0)
(0.749901 -0.154881 0)
(0.777361 -0.147617 0)
(0.803588 -0.1379 0)
(0.828221 -0.125276 0)
(0.85085 -0.109231 0)
(0.871024 -0.0891853 0)
(0.888255 -0.0644886 0)
(0.90203 -0.034421 0)
(0.911824 0.00179956 0)
(0.917144 0.0449856 0)
(0.917489 0.0959138 0)
(0.912387 0.155225 0)
(0.901337 0.223299 0)
(0.883675 0.300055 0)
(0.858326 0.384605 0)
(0.823327 0.474611 0)
(0.774875 0.565054 0)
(0.705377 0.646031 0)
(0.59961 0.699961 0)
(0.0157211 -0.0682002 0)
(0.0485271 -0.165698 0)
(0.0843506 -0.200247 0)
(0.116114 -0.207896 0)
(0.144813 -0.205364 0)
(0.172122 -0.199629 0)
(0.198979 -0.193584 0)
(0.225873 -0.188379 0)
(0.253042 -0.184399 0)
(0.280577 -0.181683 0)
(0.308493 -0.18012 0)
(0.336769 -0.179537 0)
(0.365373 -0.179746 0)
(0.394271 -0.180563 0)
(0.423428 -0.181812 0)
(0.452817 -0.183331 0)
(0.482408 -0.184966 0)
(0.512173 -0.186565 0)
(0.542082 -0.187976 0)
(0.572094 -0.189036 0)
(0.602157 -0.189567 0)
(0.632205 -0.189367 0)
(0.662146 -0.188209 0)
(0.69186 -0.185827 0)
(0.721193 -0.181921 0)
(0.74995 -0.176144 0)
(0.777886 -0.168105 0)
(0.804712 -0.157367 0)
(0.830088 -0.14344 0)
(0.853632 -0.125779 0)
(0.874929 -0.103779 0)
(0.893539 -0.0767705 0)
(0.909011 -0.0440261 0)
(0.920894 -0.00476839 0)
(0.928773 0.0418018 0)
(0.932233 0.0964514 0)
(0.930878 0.159832 0)
(0.924282 0.232399 0)
(0.911876 0.314284 0)
(0.892726 0.405079 0)
(0.865124 0.503432 0)
(0.825696 0.606273 0)
(0.767517 0.707451 0)
(0.674481 0.796201 0)
(0.0168555 -0.0910886 0)
(0.0495394 -0.193538 0)
(0.0839502 -0.225213 0)
(0.114123 -0.230167 0)
(0.141618 -0.226178 0)
(0.168147 -0.219887 0)
(0.194551 -0.21379 0)
(0.221224 -0.208778 0)
(0.248326 -0.205089 0)
(0.275893 -0.202685 0)
(0.303901 -0.201419 0)
(0.332303 -0.201105 0)
(0.361046 -0.201551 0)
(0.390083 -0.202575 0)
(0.419373 -0.204005 0)
(0.448882 -0.205683 0)
(0.478581 -0.207455 0)
(0.508445 -0.209171 0)
(0.538448 -0.210674 0)
(0.568559 -0.211796 0)
(0.598738 -0.212347 0)
(0.628929 -0.212113 0)
(0.659059 -0.210847 0)
(0.689025 -0.20826 0)
(0.718691 -0.204023 0)
(0.747879 -0.197757 0)
(0.776365 -0.189034 0)
(0.803874 -0.17738 0)
(0.830087 -0.162273 0)
(0.854644 -0.143141 0)
(0.877162 -0.119362 0)
(0.897246 -0.0902586 0)
(0.914504 -0.0551041 0)
(0.928555 -0.0131348 0)
(0.939068 0.03643 0)
(0.945728 0.094342 0)
(0.948245 0.161257 0)
(0.946329 0.237686 0)
(0.939611 0.323923 0)
(0.92749 0.419935 0)
(0.908855 0.525166 0)
(0.881414 0.638215 0)
(0.840331 0.756457 0)
(0.771419 0.876849 0)
(0.0179538 -0.114969 0)
(0.0500332 -0.220802 0)
(0.0825463 -0.249054 0)
(0.110854 -0.251484 0)
(0.137012 -0.246376 0)
(0.16268 -0.239827 0)
(0.188566 -0.233897 0)
(0.214953 -0.229228 0)
(0.241925 -0.225929 0)
(0.269461 -0.2239 0)
(0.2975 -0.22297 0)
(0.325969 -0.222946 0)
(0.354796 -0.223637 0)
(0.383921 -0.224868 0)
(0.413295 -0.226475 0)
(0.442881 -0.228305 0)
(0.472649 -0.230209 0)
(0.502578 -0.23204 0)
(0.532647 -0.233638 0)
(0.562833 -0.234831 0)
(0.59311 -0.235423 0)
(0.623437 -0.235187 0)
(0.653756 -0.233857 0)
(0.683986 -0.231124 0)
(0.714009 -0.226627 0)
(0.743669 -0.219954 0)
(0.772757 -0.210641 0)
(0.801016 -0.198177 0)
(0.828138 -0.182007 0)
(0.853784 -0.161539 0)
(0.877595 -0.13614 0)
(0.899217 -0.105134 0)
(0.918311 -0.0678098 0)
(0.934573 -0.0234266 0)
(0.947753 0.0287654 0)
(0.957652 0.089488 0)
(0.964111 0.159379 0)
(0.967019 0.23896 0)
(0.966281 0.328592 0)
(0.961761 0.428428 0)
(0.953194 0.538337 0)
(0.939943 0.657853 0)
(0.920847 0.786481 0)
(0.890697 0.926038 0)
(0.0189661 -0.139773 0)
(0.0499934 -0.247209 0)
(0.0802112 -0.2716 0)
(0.106464 -0.271798 0)
(0.131196 -0.265967 0)
(0.155931 -0.259476 0)
(0.181223 -0.253939 0)
(0.207248 -0.249767 0)
(0.23401 -0.246961 0)
(0.261439 -0.245377 0)
(0.289436 -0.244826 0)
(0.317902 -0.245117 0)
(0.346748 -0.246067 0)
(0.375902 -0.24751 0)
(0.405306 -0.249294 0)
(0.434919 -0.251274 0)
(0.46471 -0.253309 0)
(0.494662 -0.255256 0)
(0.524758 -0.256957 0)
(0.554987 -0.258238 0)
(0.585333 -0.258897 0)
(0.615771 -0.258697 0)
(0.646264 -0.257356 0)
(0.67675 -0.254543 0)
(0.707136 -0.249869 0)
(0.737285 -0.242885 0)
(0.767008 -0.233087 0)
(0.796059 -0.219924 0)
(0.824139 -0.20281 0)
(0.85092 -0.181136 0)
(0.876061 -0.154265 0)
(0.899241 -0.121537 0)
(0.920174 -0.0822672 0)
(0.938628 -0.0357551 0)
(0.954439 0.0187033 0)
(0.967531 0.0817793 0)
(0.977883 0.154063 0)
(0.985581 0.236026 0)
(0.990814 0.327986 0)
(0.993908 0.430061 0)
(0.995385 0.542104 0)
(0.996065 0.663656 0)
(0.997591 0.794191 0)
(1.00115 0.934615 0)
(0.0198578 -0.165198 0)
(0.049407 -0.272266 0)
(0.0770059 -0.292534 0)
(0.101092 -0.290916 0)
(0.124346 -0.284795 0)
(0.148093 -0.278687 0)
(0.172726 -0.273764 0)
(0.198314 -0.270241 0)
(0.22479 -0.268033 0)
(0.252034 -0.266963 0)
(0.279914 -0.266838 0)
(0.308306 -0.267472 0)
(0.337105 -0.268698 0)
(0.366224 -0.270361 0)
(0.395598 -0.272325 0)
(0.425182 -0.274455 0)
(0.454944 -0.276623 0)
(0.484867 -0.278689 0)
(0.514943 -0.280504 0)
(0.545167 -0.281891 0)
(0.575537 -0.282646 0)
(0.606044 -0.282524 0)
(0.63667 -0.281231 0)
(0.667376 -0.278414 0)
(0.698097 -0.273657 0)
(0.728721 -0.266471 0)
(0.759077 -0.256306 0)
(0.788926 -0.242566 0)
(0.817973 -0.224633 0)
(0.845888 -0.201881 0)
(0.872342 -0.173683 0)
(0.897035 -0.139407 0)
(0.919731 -0.0984106 0)
(0.940266 -0.0500491 0)
(0.958563 0.00631627 0)
(0.974665 0.0712857 0)
(0.988687 0.145372 0)
(1.00089 0.228947 0)
(1.0117 0.322196 0)
(1.02178 0.425043 0)
(1.03214 0.537044 0)
(1.04429 0.65723 0)
(1.06066 0.784003 0)
(1.08401 0.915368 0)
(0.0206156 -0.19101 0)
(0.0482536 -0.295622 0)
(0.0729523 -0.311692 0)
(0.0948135 -0.308769 0)
(0.116568 -0.302813 0)
(0.139291 -0.297406 0)
(0.163215 -0.293316 0)
(0.188306 -0.290592 0)
(0.214429 -0.289085 0)
(0.241419 -0.288601 0)
(0.269113 -0.28895 0)
(0.297364 -0.289961 0)
(0.326049 -0.29148 0)
(0.35507 -0.293375 0)
(0.384354 -0.295522 0)
(0.413849 -0.297806 0)
(0.443522 -0.300108 0)
(0.473359 -0.3023 0)
(0.503354 -0.304237 0)
(0.533513 -0.305749 0)
(0.563843 -0.30663 0)
(0.594352 -0.30663 0)
(0.625041 -0.305446 0)
(0.6559 -0.302708 0)
(0.686891 -0.29797 0)
(0.717934 -0.290701 0)
(0.74888 -0.280298 0)
(0.779495 -0.26611 0)
(0.809475 -0.24748 0)
(0.838477 -0.22377 0)
(0.866166 -0.194372 0)
(0.892261 -0.158696 0)
(0.916564 -0.116165 0)
(0.938979 -0.0662059 0)
(0.959512 -0.00826381 0)
(0.978312 0.0581736 0)
(0.995621 0.133521 0)
(1.01183 0.218021 0)
(1.02754 0.311682 0)
(1.04359 0.414178 0)
(1.06119 0.524712 0)
(1.08198 0.641808 0)
(1.10816 0.763092 0)
(1.1423 0.885188 0)
(0.0212476 -0.216953 0)
(0.0464867 -0.316923 0)
(0.0680386 -0.328941 0)
(0.0876751 -0.325312 0)
(0.107946 -0.319989 0)
(0.129639 -0.315598 0)
(0.152829 -0.312553 0)
(0.177382 -0.310772 0)
(0.203103 -0.310067 0)
(0.229783 -0.310239 0)
(0.25723 -0.311111 0)
(0.285278 -0.31253 0)
(0.313788 -0.314365 0)
(0.34265 -0.316502 0)
(0.371781 -0.31884 0)
(0.401124 -0.321279 0)
(0.430646 -0.323717 0)
(0.46033 -0.326038 0)
(0.490176 -0.328107 0)
(0.520194 -0.329759 0)
(0.550402 -0.330791 0)
(0.58082 -0.330953 0)
(0.611471 -0.329937 0)
(0.64237 -0.327359 0)
(0.67352 -0.322749 0)
(0.704878 -0.315529 0)
(0.736322 -0.305028 0)
(0.767622 -0.290525 0)
(0.798451 -0.271316 0)
(0.828437 -0.246751 0)
(0.857224 -0.21625 0)
(0.884533 -0.179291 0)
(0.9102 -0.13538 0)
(0.934193 -0.0840382 0)
(0.956604 -0.0248068 0)
(0.977669 0.0427255 0)
(0.997742 0.118864 0)
(1.01732 0.20372 0)
(1.03707 0.29712 0)
(1.05792 0.398501 0)
(1.08108 0.506775 0)
(1.10807 0.62015 0)
(1.14068 0.735963 0)
(1.18084 0.850644 0)
(0.0217483 -0.242732 0)
(0.0440068 -0.335794 0)
(0.0622337 -0.344186 0)
(0.0797313 -0.340545 0)
(0.0985893 -0.336326 0)
(0.119288 -0.333253 0)
(0.141748 -0.331451 0)
(0.165746 -0.330749 0)
(0.191029 -0.330939 0)
(0.217353 -0.331834 0)
(0.244502 -0.333275 0)
(0.272291 -0.335134 0)
(0.300566 -0.337303 0)
(0.329207 -0.339694 0)
(0.358123 -0.342226 0)
(0.387251 -0.344822 0)
(0.416554 -0.347395 0)
(0.446014 -0.349847 0)
(0.475633 -0.35205 0)
(0.505422 -0.353851 0)
(0.535406 -0.355051 0)
(0.565616 -0.355405 0)
(0.596089 -0.354605 0)
(0.626871 -0.352264 0)
(0.658008 -0.347893 0)
(0.689515 -0.340863 0)
(0.721306 -0.330416 0)
(0.753153 -0.31574 0)
(0.784692 -0.296062 0)
(0.815497 -0.270719 0)
(0.845169 -0.239179 0)
(0.87342 -0.201009 0)
(0.900115 -0.155827 0)
(0.925287 -0.103269 0)
(0.949108 -0.0429853 0)
(0.971896 0.025329 0)
(0.994103 0.101872 0)
(1.01628 0.186637 0)
(1.03913 0.279294 0)
(1.06357 0.379084 0)
(1.09072 0.484709 0)
(1.12188 0.594228 0)
(1.15842 0.704952 0)
(1.20157 0.813475 0)
(0.0219869 -0.267982 0)
(0.0406484 -0.351863 0)
(0.0555354 -0.357411 0)
(0.0711065 -0.35453 0)
(0.088693 -0.351873 0)
(0.108474 -0.350391 0)
(0.130234 -0.350006 0)
(0.153673 -0.3505 0)
(0.178492 -0.35167 0)
(0.204421 -0.353346 0)
(0.231221 -0.355398 0)
(0.258696 -0.357724 0)
(0.286679 -0.360246 0)
(0.315039 -0.3629 0)
(0.343677 -0.365629 0)
(0.372523 -0.36838 0)
(0.401537 -0.371086 0)
(0.430697 -0.373661 0)
(0.460002 -0.375995 0)
(0.489465 -0.377942 0)
(0.519108 -0.379313 0)
(0.548967 -0.379869 0)
(0.579087 -0.379312 0)
(0.609538 -0.377268 0)
(0.640424 -0.373242 0)
(0.671836 -0.366553 0)
(0.70375 -0.356332 0)
(0.735939 -0.34163 0)
(0.767981 -0.321582 0)
(0.799368 -0.295511 0)
(0.829632 -0.262947 0)
(0.858461 -0.223585 0)
(0.885749 -0.177189 0)
(0.911597 -0.123532 0)
(0.936264 -0.06238 0)
(0.960143 0.00646241 0)
(0.983773 0.0830978 0)
(1.00774 0.167436 0)
(1.03273 0.259027 0)
(1.05958 0.356956 0)
(1.08931 0.459796 0)
(1.12299 0.565572 0)
(1.16159 0.671727 0)
(1.20576 0.775181 0)
(0.0215557 -0.292156 0)
(0.036226 -0.364865 0)
(0.0480694 -0.368754 0)
(0.0620801 -0.367423 0)
(0.078602 -0.366726 0)
(0.0975704 -0.367055 0)
(0.118669 -0.368226 0)
(0.141545 -0.370012 0)
(0.165871 -0.372228 0)
(0.191358 -0.374735 0)
(0.217756 -0.377433 0)
(0.244857 -0.380253 0)
(0.272486 -0.383144 0)
(0.300503 -0.386067 0)
(0.328797 -0.388994 0)
(0.357294 -0.391895 0)
(0.385945 -0.394725 0)
(0.414726 -0.397413 0)
(0.44363 -0.399863 0)
(0.472661 -0.401938 0)
(0.501838 -0.403461 0)
(0.531187 -0.404203 0)
(0.560747 -0.403883 0)
(0.590601 -0.402161 0)
(0.620916 -0.398569 0)
(0.6519 -0.392383 0)
(0.683624 -0.382577 0)
(0.715869 -0.368011 0)
(0.748129 -0.347681 0)
(0.779776 -0.32089 0)
(0.810244 -0.287263 0)
(0.839182 -0.246666 0)
(0.866523 -0.199057 0)
(0.892449 -0.144367 0)
(0.917309 -0.0824811 0)
(0.941581 -0.0133148 0)
(0.96588 0.0631608 0)
(0.990819 0.146821 0)
(1.01703 0.237139 0)
(1.04525 0.333081 0)
(1.07637 0.433138 0)
(1.11127 0.53539 0)
(1.15064 0.637526 0)
(1.19471 0.736886 0)
(0.0197459 -0.314388 0)
(0.0306915 -0.37484 0)
(0.0402434 -0.378585 0)
(0.0531856 -0.379478 0)
(0.0688769 -0.381016 0)
(0.0871273 -0.3833 0)
(0.107582 -0.386119 0)
(0.129872 -0.389263 0)
(0.153657 -0.392576 0)
(0.178641 -0.395954 0)
(0.204568 -0.39933 0)
(0.231224 -0.402666 0)
(0.25843 -0.405941 0)
(0.286033 -0.409141 0)
(0.313914 -0.412264 0)
(0.341987 -0.415307 0)
(0.3702 -0.418248 0)
(0.398522 -0.421031 0)
(0.426934 -0.423571 0)
(0.455431 -0.425743 0)
(0.484017 -0.427375 0)
(0.512697 -0.428247 0)
(0.541477 -0.428102 0)
(0.570424 -0.426667 0)
(0.59977 -0.423562 0)
(0.629889 -0.418041 0)
(0.661007 -0.40887 0)
(0.692922 -0.394617 0)
(0.725017 -0.374078 0)
(0.756496 -0.346528 0)
(0.786664 -0.311728 0)
(0.815125 -0.269786 0)
(0.841869 -0.220908 0)
(0.867185 -0.165211 0)
(0.891521 -0.102689 0)
(0.915443 -0.0333724 0)
(0.939658 0.0427146 0)
(0.964813 0.125493 0)
(0.991439 0.214409 0)
(1.02016 0.30832 0)
(1.05176 0.40565 0)
(1.08699 0.504586 0)
(1.12631 0.603144 0)
(1.16972 0.699083 0)
(0.015866 -0.333561 0)
(0.024417 -0.382381 0)
(0.0329254 -0.387526 0)
(0.0453015 -0.391008 0)
(0.0603364 -0.394868 0)
(0.077897 -0.399152 0)
(0.0976711 -0.403662 0)
(0.119306 -0.408206 0)
(0.142467 -0.412655 0)
(0.166858 -0.416936 0)
(0.192222 -0.421019 0)
(0.218343 -0.424897 0)
(0.245039 -0.428575 0)
(0.272148 -0.432056 0)
(0.299534 -0.435372 0)
(0.327103 -0.438548 0)
(0.354798 -0.441583 0)
(0.382578 -0.444436 0)
(0.410412 -0.44703 0)
(0.438277 -0.449248 0)
(0.466163 -0.450922 0)
(0.49404 -0.451823 0)
(0.521843 -0.451712 0)
(0.549565 -0.450428 0)
(0.577482 -0.447787 0)
(0.606199 -0.443092 0)
(0.636179 -0.43481 0)
(0.667259 -0.421071 0)
(0.69867 -0.400377 0)
(0.729411 -0.371973 0)
(0.758626 -0.335817 0)
(0.785886 -0.29236 0)
(0.81127 -0.24214 0)
(0.835218 -0.185472 0)
(0.858274 -0.122425 0)
(0.881098 -0.0531609 0)
(0.904537 0.0222606 0)
(0.929281 0.103927 0)
(0.955734 0.19133 0)
(0.984382 0.283206 0)
(1.01591 0.377894 0)
(1.05101 0.473711 0)
(1.0899 0.569035 0)
(1.13246 0.661947 0)
(0.00990258 -0.348587 0)
(0.01856 -0.38884 0)
(0.027574 -0.396355 0)
(0.0396901 -0.402256 0)
(0.0540575 -0.408289 0)
(0.0708212 -0.414528 0)
(0.0897876 -0.42074 0)
(0.110639 -0.426713 0)
(0.133047 -0.432331 0)
(0.156716 -0.437551 0)
(0.181393 -0.442375 0)
(0.20686 -0.446826 0)
(0.232938 -0.450931 0)
(0.259453 -0.454704 0)
(0.286246 -0.458208 0)
(0.313216 -0.461508 0)
(0.340303 -0.46462 0)
(0.367457 -0.467514 0)
(0.394628 -0.470117 0)
(0.421777 -0.472323 0)
(0.44888 -0.473958 0)
(0.475874 -0.474757 0)
(0.502579 -0.474462 0)
(0.52882 -0.473071 0)
(0.554861 -0.470768 0)
(0.581582 -0.467037 0)
(0.609779 -0.459918 0)
(0.63935 -0.446901 0)
(0.669356 -0.426081 0)
(0.698568 -0.396692 0)
(0.725966 -0.358969 0)
(0.751117 -0.313855 0)
(0.774262 -0.262302 0)
(0.796032 -0.204829 0)
(0.817065 -0.141502 0)
(0.838125 -0.0726434 0)
(0.860235 0.00166494 0)
(0.884163 0.0817948 0)
(0.910205 0.167398 0)
(0.938722 0.257136 0)
(0.970265 0.349312 0)
(1.00531 0.442376 0)
(1.04381 0.535003 0)
(1.08559 0.625335 0)
(1.13024 0.712213 0)
(0.00290827 -0.358686 0)
(0.0153514 -0.396469 0)
(0.0262549 -0.405734 0)
(0.0379383 -0.413163 0)
(0.051294 -0.421073 0)
(0.0669659 -0.429239 0)
(0.0848933 -0.437197 0)
(0.104768 -0.444646 0)
(0.126248 -0.451474 0)
(0.149031 -0.457669 0)
(0.172858 -0.463267 0)
(0.197516 -0.468327 0)
(0.222838 -0.472896 0)
(0.248631 -0.476973 0)
(0.274708 -0.48067 0)
(0.300963 -0.484094 0)
(0.327337 -0.487287 0)
(0.353769 -0.490216 0)
(0.380189 -0.492813 0)
(0.406538 -0.494986 0)
(0.432793 -0.496561 0)
(0.458871 -0.497194 0)
(0.48446 -0.496535 0)
(0.509148 -0.494733 0)
(0.53309 -0.492519 0)
(0.557372 -0.48973 0)
(0.583084 -0.483893 0)
(0.610213 -0.471675 0)
(0.637706 -0.450685 0)
(0.664185 -0.420166 0)
(0.688559 -0.380719 0)
(0.710477 -0.33383 0)
(0.730422 -0.280884 0)
(0.749178 -0.222633 0)
(0.767545 -0.159014 0)
(0.786453 -0.0906284 0)
(0.806904 -0.0178586 0)
(0.829748 0.0603341 0)
(0.855651 0.143605 0)
(0.884993 0.230462 0)
(0.9179 0.319229 0)
(0.953955 0.408871 0)
(0.99243 0.499364 0)
(1.03369 0.587971 0)
(1.07741 0.673498 0)
(-0.00311579 -0.365304 0)
(0.018182 -0.408294 0)
(0.0314253 -0.415755 0)
(0.0415705 -0.423225 0)
(0.0530969 -0.432973 0)
(0.0672327 -0.443312 0)
(0.0838651 -0.453212 0)
(0.102576 -0.462253 0)
(0.122955 -0.470352 0)
(0.144674 -0.477559 0)
(0.167465 -0.483957 0)
(0.191124 -0.489659 0)
(0.215503 -0.494739 0)
(0.240398 -0.499147 0)
(0.26559 -0.503062 0)
(0.290973 -0.506652 0)
(0.31649 -0.509975 0)
(0.342071 -0.51299 0)
(0.367617 -0.515626 0)
(0.393047 -0.517816 0)
(0.418335 -0.519386 0)
(0.443406 -0.519864 0)
(0.467902 -0.518677 0)
(0.491333 -0.515952 0)
(0.513796 -0.513082 0)
(0.535924 -0.510709 0)
(0.558528 -0.505793 0)
(0.581765 -0.494148 0)
(0.604874 -0.472692 0)
(0.626678 -0.440691 0)
(0.646395 -0.398983 0)
(0.663956 -0.349839 0)
(0.680044 -0.295123 0)
(0.695148 -0.235634 0)
(0.710472 -0.170982 0)
(0.727858 -0.102856 0)
(0.746752 -0.0314054 0)
(0.768322 0.044906 0)
(0.794959 0.125748 0)
(0.827263 0.20948 0)
(0.864007 0.294668 0)
(0.902178 0.380516 0)
(0.942168 0.465947 0)
(0.984477 0.549926 0)
(1.02712 0.633521 0)
(-0.00231811 -0.374557 0)
(0.0320224 -0.42601 0)
(0.045002 -0.425263 0)
(0.0508703 -0.431805 0)
(0.0594116 -0.443835 0)
(0.0717473 -0.456656 0)
(0.0870606 -0.468645 0)
(0.104597 -0.479364 0)
(0.12382 -0.488816 0)
(0.144364 -0.497125 0)
(0.165958 -0.504414 0)
(0.188422 -0.51084 0)
(0.211611 -0.516543 0)
(0.235352 -0.521318 0)
(0.259429 -0.525468 0)
(0.283734 -0.529207 0)
(0.308202 -0.532602 0)
(0.33274 -0.535574 0)
(0.357235 -0.538023 0)
(0.381583 -0.539888 0)
(0.405725 -0.541034 0)
(0.429517 -0.540848 0)
(0.452657 -0.538476 0)
(0.475345 -0.534105 0)
(0.498193 -0.530054 0)
(0.519981 -0.527626 0)
(0.539201 -0.522906 0)
(0.55655 -0.510878 0)
(0.57254 -0.48829 0)
(0.586986 -0.454289 0)
(0.60034 -0.409852 0)
(0.61337 -0.358381 0)
(0.626073 -0.301867 0)
(0.637678 -0.241138 0)
(0.650217 -0.17471 0)
(0.667581 -0.106018 0)
(0.683325 -0.0351966 0)
(0.702702 0.0393244 0)
(0.729945 0.116605 0)
(0.766115 0.19528 0)
(0.809295 0.27562 0)
(0.854407 0.358883 0)
(0.902315 0.441575 0)
(0.946304 0.522524 0)
(0.98745 0.600904 0)
(0.0258806 -0.390662 0)
(0.0641205 -0.448141 0)
(0.0660942 -0.432032 0)
(0.063817 -0.437644 0)
(0.0688139 -0.452486 0)
(0.079677 -0.46772 0)
(0.0939894 -0.481548 0)
(0.11054 -0.493694 0)
(0.128692 -0.50432 0)
(0.148065 -0.513618 0)
(0.168389 -0.52173 0)
(0.189563 -0.528846 0)
(0.2113 -0.53515 0)
(0.233552 -0.54023 0)
(0.256286 -0.544527 0)
(0.279321 -0.548262 0)
(0.302527 -0.551492 0)
(0.325752 -0.554097 0)
(0.348898 -0.555953 0)
(0.371933 -0.557007 0)
(0.39478 -0.557139 0)
(0.417113 -0.555799 0)
(0.43902 -0.552265 0)
(0.462025 -0.546907 0)
(0.488035 -0.541602 0)
(0.511681 -0.538069 0)
(0.526308 -0.532453 0)
(0.535731 -0.519327 0)
(0.542989 -0.495411 0)
(0.548936 -0.460045 0)
(0.556791 -0.413748 0)
(0.567162 -0.362492 0)
(0.578007 -0.308543 0)
(0.58905 -0.253031 0)
(0.651767 -0.220778 0)
(0.687704 -0.154352 0)
(0.71643 -0.0822145 0)
(0.717673 -0.00882092 0)
(0.710538 0.0645784 0)
(0.718363 0.145563 0)
(0.745995 0.236274 0)
(0.789087 0.330195 0)
(0.853653 0.418701 0)
(0.910551 0.500562 0)
(0.961558 0.577653 0)
(0.120939 -0.43326 0)
(0.124139 -0.477326 0)
(0.0909157 -0.426654 0)
(0.0809684 -0.433585 0)
(0.0828036 -0.454092 0)
(0.0921159 -0.472415 0)
(0.10492 -0.488367 0)
(0.120048 -0.502096 0)
(0.136858 -0.513981 0)
(0.154922 -0.524287 0)
(0.17393 -0.53319 0)
(0.19389 -0.54091 0)
(0.214074 -0.547737 0)
(0.23476 -0.553086 0)
(0.25629 -0.557543 0)
(0.278297 -0.561287 0)
(0.30056 -0.564351 0)
(0.322876 -0.566579 0)
(0.345223 -0.567806 0)
(0.367521 -0.567811 0)
(0.390403 -0.566156 0)
(0.413711 -0.56322 0)
(0.435528 -0.560267 0)
(0.459166 -0.559235 0)
(0.486416 -0.559685 0)
(0.508376 -0.550943 0)
(0.518336 -0.538341 0)
(0.519721 -0.52247 0)
(0.518781 -0.498604 0)
(0.51928 -0.467281 0)
(0.581288 -0.447924 0)
(0.620113 -0.400414 0)
(0.659156 -0.348476 0)
(0.691 -0.311363 0)
(0.719156 -0.249409 0)
(0.740845 -0.168655 0)
(0.765811 -0.0821954 0)
(0.78688 -0.00175295 0)
(0.803266 0.0591902 0)
(0.815007 0.105384 0)
(0.824725 0.154376 0)
(0.837907 0.215115 0)
(0.853373 0.305143 0)
(0.861788 0.445939 0)
(0.926112 0.547985 0)
(0.370603 -0.567127 0)
(0.125275 -0.45587 0)
(0.083581 -0.403101 0)
(0.0903247 -0.429178 0)
(0.0960368 -0.460547 0)
(0.1068 -0.483422 0)
(0.118852 -0.500501 0)
(0.132263 -0.514119 0)
(0.147314 -0.525474 0)
(0.163839 -0.535201 0)
(0.18156 -0.543647 0)
(0.200509 -0.551025 0)
(0.219631 -0.557451 0)
(0.239395 -0.563281 0)
(0.260346 -0.568486 0)
(0.281949 -0.573204 0)
(0.303916 -0.577522 0)
(0.326098 -0.581725 0)
(0.348751 -0.586289 0)
(0.372105 -0.592836 0)
(0.401921 -0.609208 0)
(0.438409 -0.620102 0)
(0.474803 -0.623662 0)
(0.508296 -0.626046 0)
(0.535898 -0.618005 0)
(0.558074 -0.59299 0)
(0.576523 -0.561593 0)
(0.594009 -0.534496 0)
(0.613977 -0.513754 0)
(0.632171 -0.511178 0)
(0.654473 -0.479793 0)
(0.677785 -0.428309 0)
(0.70819 -0.372694 0)
(0.737112 -0.321951 0)
(0.759521 -0.262746 0)
(0.779213 -0.186999 0)
(0.803825 -0.10212 0)
(0.831689 -0.0174622 0)
(0.858528 0.0588698 0)
(0.87997 0.125883 0)
(0.89441 0.189554 0)
(0.902807 0.252226 0)
(0.908662 0.311882 0)
(0.910732 0.371255 0)
(0.940473 0.432732 0)
(0.0699982 -0.839775 0)
(0.00714558 -0.304155 0)
(0.0470139 -0.327607 0)
(0.0749711 -0.43197 0)
(0.0977295 -0.482458 0)
(0.122313 -0.51167 0)
(0.145794 -0.534045 0)
(0.167562 -0.552851 0)
(0.188142 -0.568798 0)
(0.208176 -0.582287 0)
(0.228072 -0.593755 0)
(0.248228 -0.603008 0)
(0.269002 -0.610861 0)
(0.290772 -0.618621 0)
(0.313694 -0.625717 0)
(0.337854 -0.631453 0)
(0.363348 -0.636 0)
(0.390013 -0.639701 0)
(0.417875 -0.64306 0)
(0.446321 -0.645722 0)
(0.474019 -0.644343 0)
(0.500156 -0.640289 0)
(0.526312 -0.635276 0)
(0.55121 -0.628352 0)
(0.573604 -0.615857 0)
(0.594275 -0.595101 0)
(0.615094 -0.571363 0)
(0.636853 -0.549857 0)
(0.659434 -0.531545 0)
(0.67894 -0.517776 0)
(0.694428 -0.491814 0)
(0.710173 -0.448316 0)
(0.731114 -0.395894 0)
(0.753102 -0.340803 0)
(0.772578 -0.279664 0)
(0.79234 -0.207608 0)
(0.817101 -0.127714 0)
(0.847101 -0.0455622 0)
(0.879372 0.0336548 0)
(0.909523 0.108704 0)
(0.93465 0.182358 0)
(0.954173 0.256794 0)
(0.968598 0.3324 0)
(0.978555 0.402286 0)
(0.986153 0.456412 0)
(-0.159337 -0.724386 0)
(-0.0655873 -0.396025 0)
(0.0203716 -0.417357 0)
(0.081465 -0.471562 0)
(0.119499 -0.505596 0)
(0.15025 -0.526879 0)
(0.177505 -0.54331 0)
(0.202116 -0.557601 0)
(0.224878 -0.570446 0)
(0.246576 -0.582046 0)
(0.267827 -0.592497 0)
(0.289186 -0.601781 0)
(0.311131 -0.610283 0)
(0.333879 -0.618414 0)
(0.357471 -0.625878 0)
(0.38202 -0.632327 0)
(0.407614 -0.63778 0)
(0.434136 -0.642452 0)
(0.461395 -0.646794 0)
(0.488624 -0.650865 0)
(0.514388 -0.654339 0)
(0.538025 -0.65526 0)
(0.559856 -0.652417 0)
(0.580243 -0.645157 0)
(0.599114 -0.631599 0)
(0.617793 -0.612173 0)
(0.637528 -0.590463 0)
(0.65789 -0.569842 0)
(0.67739 -0.55043 0)
(0.693305 -0.530445 0)
(0.704973 -0.502742 0)
(0.71592 -0.462495 0)
(0.729674 -0.412921 0)
(0.745338 -0.357644 0)
(0.761765 -0.296436 0)
(0.78069 -0.227759 0)
(0.804899 -0.153026 0)
(0.835297 -0.075544 0)
(0.870292 0.00165735 0)
(0.906881 0.0777168 0)
(0.942555 0.154124 0)
(0.975733 0.233061 0)
(1.00543 0.315603 0)
(1.02984 0.399115 0)
(1.0453 0.476254 0)
(-0.0938248 -0.572866 0)
(-0.0461012 -0.506228 0)
(0.0380019 -0.498556 0)
(0.0988825 -0.520174 0)
(0.14245 -0.540083 0)
(0.176613 -0.554958 0)
(0.205915 -0.567446 0)
(0.232066 -0.579009 0)
(0.256094 -0.590037 0)
(0.278828 -0.600564 0)
(0.300925 -0.610529 0)
(0.322939 -0.619899 0)
(0.345267 -0.62884 0)
(0.368036 -0.637463 0)
(0.391261 -0.645543 0)
(0.415008 -0.652809 0)
(0.439303 -0.659129 0)
(0.464051 -0.664521 0)
(0.488925 -0.669094 0)
(0.513328 -0.672821 0)
(0.53642 -0.67523 0)
(0.557586 -0.675181 0)
(0.576799 -0.671419 0)
(0.594053 -0.662692 0)
(0.610028 -0.648436 0)
(0.625951 -0.629369 0)
(0.642447 -0.608082 0)
(0.658711 -0.586726 0)
(0.673168 -0.565093 0)
(0.684216 -0.541193 0)
(0.691771 -0.510868 0)
(0.698321 -0.471444 0)
(0.706452 -0.423896 0)
(0.71701 -0.370336 0)
(0.73025 -0.311374 0)
(0.747521 -0.246886 0)
(0.770764 -0.177826 0)
(0.800967 -0.105958 0)
(0.837531 -0.0328923 0)
(0.878704 0.0410763 0)
(0.922534 0.11709 0)
(0.967207 0.196877 0)
(1.01084 0.281801 0)
(1.05067 0.371201 0)
(1.08198 0.461883 0)
(-0.0339605 -0.546685 0)
(-0.00346324 -0.562421 0)
(0.0622815 -0.560197 0)
(0.1168 -0.567545 0)
(0.160267 -0.576926 0)
(0.195635 -0.585685 0)
(0.226051 -0.594372 0)
(0.253199 -0.603436 0)
(0.278105 -0.612859 0)
(0.301552 -0.62245 0)
(0.324154 -0.632004 0)
(0.346395 -0.641368 0)
(0.368595 -0.650517 0)
(0.390863 -0.659392 0)
(0.413204 -0.667754 0)
(0.435631 -0.675326 0)
(0.458119 -0.681902 0)
(0.480545 -0.68734 0)
(0.502615 -0.691526 0)
(0.52385 -0.694173 0)
(0.543732 -0.694857 0)
(0.561832 -0.692772 0)
(0.577889 -0.687054 0)
(0.592028 -0.676902 0)
(0.604881 -0.661915 0)
(0.617268 -0.642816 0)
(0.629418 -0.621276 0)
(0.640573 -0.598604 0)
(0.649564 -0.574565 0)
(0.655554 -0.547584 0)
(0.658877 -0.515266 0)
(0.661318 -0.476062 0)
(0.665024 -0.430376 0)
(0.671451 -0.379459 0)
(0.681619 -0.32413 0)
(0.696896 -0.264803 0)
(0.718865 -0.202116 0)
(0.748568 -0.136948 0)
(0.786055 -0.0698511 0)
(0.830454 -0.000473807 0)
(0.880318 0.0725455 0)
(0.933843 0.151116 0)
(0.988675 0.236973 0)
(1.04148 0.330622 0)
(1.08721 0.430563 0)
(-0.0122969 -0.539917 0)
(0.0241888 -0.607144 0)
(0.0812477 -0.611666 0)
(0.129943 -0.61154 0)
(0.1711 -0.61325 0)
(0.206118 -0.616637 0)
(0.236825 -0.621652 0)
(0.26446 -0.628156 0)
(0.289858 -0.635819 0)
(0.313668 -0.644261 0)
(0.336408 -0.653134 0)
(0.358481 -0.662165 0)
(0.380147 -0.67116 0)
(0.401511 -0.679924 0)
(0.422582 -0.68818 0)
(0.443344 -0.695623 0)
(0.463731 -0.70198 0)
(0.483599 -0.707005 0)
(0.50269 -0.710448 0)
(0.52065 -0.711948 0)
(0.537096 -0.71102 0)
(0.551707 -0.7071 0)
(0.564319 -0.69957 0)
(0.575045 -0.687879 0)
(0.584317 -0.6719 0)
(0.592616 -0.652188 0)
(0.6 -0.629793 0)
(0.605931 -0.605496 0)
(0.609684 -0.579131 0)
(0.610945 -0.549732 0)
(0.61025 -0.515965 0)
(0.60905 -0.477067 0)
(0.60918 -0.433307 0)
(0.612257 -0.38559 0)
(0.619672 -0.334733 0)
(0.632877 -0.281278 0)
(0.653353 -0.225676 0)
(0.682248 -0.168213 0)
(0.720056 -0.108691 0)
(0.766544 -0.0460797 0)
(0.820751 0.0215412 0)
(0.88097 0.0967227 0)
(0.944615 0.182071 0)
(1.00777 0.279288 0)
(1.06484 0.388113 0)
(0.00104157 -0.548912 0)
(0.0415452 -0.653989 0)
(0.0929346 -0.658026 0)
(0.136467 -0.651998 0)
(0.174564 -0.648117 0)
(0.20827 -0.647248 0)
(0.238532 -0.649074 0)
(0.266102 -0.653158 0)
(0.291542 -0.659001 0)
(0.315322 -0.666111 0)
(0.337836 -0.674042 0)
(0.359396 -0.682415 0)
(0.380209 -0.690911 0)
(0.400369 -0.699226 0)
(0.419886 -0.707025 0)
(0.438727 -0.713962 0)
(0.456805 -0.719706 0)
(0.473971 -0.723934 0)
(0.490002 -0.726312 0)
(0.504622 -0.726447 0)
(0.517557 -0.723893 0)
(0.528582 -0.718165 0)
(0.537592 -0.70881 0)
(0.544677 -0.695499 0)
(0.550108 -0.678223 0)
(0.554164 -0.657398 0)
(0.556862 -0.63371 0)
(0.557902 -0.60767 0)
(0.556946 -0.57926 0)
(0.554018 -0.548008 0)
(0.549762 -0.513327 0)
(0.545446 -0.474981 0)
(0.542672 -0.43334 0)
(0.543044 -0.389181 0)
(0.548072 -0.343281 0)
(0.559264 -0.296203 0)
(0.578101 -0.248243 0)
(0.605852 -0.199304 0)
(0.643361 -0.148631 0)
(0.690902 -0.0945481 0)
(0.748007 -0.0343705 0)
(0.813178 0.0354019 0)
(0.883683 0.118603 0)
(0.955133 0.218464 0)
(1.02113 0.336211 0)
(0.0134573 -0.571696 0)
(0.0533516 -0.699989 0)
(0.098248 -0.699731 0)
(0.136645 -0.688784 0)
(0.171362 -0.680969 0)
(0.203126 -0.676959 0)
(0.232299 -0.676201 0)
(0.259223 -0.67813 0)
(0.2842 -0.682194 0)
(0.307512 -0.687861 0)
(0.32942 -0.694635 0)
(0.35014 -0.702064 0)
(0.369822 -0.709743 0)
(0.388533 -0.717284 0)
(0.406276 -0.724294 0)
(0.423007 -0.730382 0)
(0.438633 -0.735164 0)
(0.453014 -0.738262 0)
(0.465961 -0.739294 0)
(0.477262 -0.737855 0)
(0.486716 -0.733529 0)
(0.494173 -0.725915 0)
(0.499573 -0.714676 0)
(0.502985 -0.699619 0)
(0.504589 -0.68079 0)
(0.504565 -0.658524 0)
(0.502959 -0.633314 0)
(0.499679 -0.605577 0)
(0.494677 -0.575457 0)
(0.488203 -0.542884 0)
(0.480954 -0.50778 0)
(0.47407 -0.470309 0)
(0.468973 -0.430999 0)
(0.467169 -0.390624 0)
(0.470159 -0.34995 0)
(0.47945 -0.309535 0)
(0.496534 -0.269583 0)
(0.522795 -0.229758 0)
(0.559371 -0.18891 0)
(0.60698 -0.144782 0)
(0.665643 -0.0938364 0)
(0.734272 -0.0313397 0)
(0.810118 0.0481368 0)
(0.88833 0.149746 0)
(0.961617 0.276591 0)
(0.0229966 -0.605231 0)
(0.0601587 -0.741869 0)
(0.097993 -0.736126 0)
(0.131403 -0.721746 0)
(0.16267 -0.711431 0)
(0.192086 -0.705239 0)
(0.219629 -0.702471 0)
(0.24535 -0.702548 0)
(0.269339 -0.704937 0)
(0.291716 -0.709117 0)
(0.312616 -0.714577 0)
(0.332161 -0.720831 0)
(0.350436 -0.727417 0)
(0.367475 -0.733888 0)
(0.383265 -0.739805 0)
(0.397751 -0.744731 0)
(0.410842 -0.748242 0)
(0.422413 -0.749923 0)
(0.432309 -0.749365 0)
(0.440371 -0.746165 0)
(0.446456 -0.739939 0)
(0.450468 -0.730352 0)
(0.452383 -0.717157 0)
(0.45227 -0.700246 0)
(0.450269 -0.679709 0)
(0.446532 -0.65584 0)
(0.441166 -0.62906 0)
(0.43424 -0.599781 0)
(0.42591 -0.568313 0)
(0.416565 -0.534893 0)
(0.40692 -0.499809 0)
(0.39801 -0.463526 0)
(0.3911 -0.426736 0)
(0.387564 -0.390267 0)
(0.388822 -0.354913 0)
(0.396322 -0.321252 0)
(0.411545 -0.289463 0)
(0.435961 -0.2591 0)
(0.47095 -0.228764 0)
(0.517633 -0.19573 0)
(0.576546 -0.155612 0)
(0.647118 -0.102261 0)
(0.726939 -0.0281971 0)
(0.810772 0.074179 0)
(0.890417 0.210391 0)
(0.0282958 -0.645632 0)
(0.0619612 -0.778364 0)
(0.0930503 -0.76731 0)
(0.121891 -0.751006 0)
(0.149777 -0.739306 0)
(0.176583 -0.731668 0)
(0.202065 -0.727366 0)
(0.226086 -0.725876 0)
(0.24859 -0.726722 0)
(0.269571 -0.729419 0)
(0.289059 -0.73347 0)
(0.30709 -0.738378 0)
(0.323686 -0.743652 0)
(0.338843 -0.748808 0)
(0.352525 -0.753368 0)
(0.36467 -0.756868 0)
(0.37519 -0.758851 0)
(0.383975 -0.758879 0)
(0.390904 -0.756534 0)
(0.395861 -0.751424 0)
(0.398751 -0.743198 0)
(0.399524 -0.731576 0)
(0.398192 -0.71638 0)
(0.394835 -0.697569 0)
(0.38959 -0.675269 0)
(0.382626 -0.649775 0)
(0.37411 -0.6215 0)
(0.364235 -0.590905 0)
(0.353285 -0.558446 0)
(0.341728 -0.524597 0)
(0.330267 -0.48991 0)
(0.319839 -0.455079 0)
(0.311563 -0.42094 0)
(0.306666 -0.388403 0)
(0.306439 -0.358316 0)
(0.312231 -0.331316 0)
(0.325469 -0.307629 0)
(0.347662 -0.286813 0)
(0.38037 -0.267375 0)
(0.425065 -0.246269 0)
(0.482801 -0.218357 0)
(0.553625 -0.176024 0)
(0.635718 -0.109377 0)
(0.723941 -0.0076219 0)
(0.809262 0.137896 0)
(0.029677 -0.688678 0)
(0.059422 -0.809075 0)
(0.0845124 -0.79382 0)
(0.109289 -0.776822 0)
(0.13389 -0.764499 0)
(0.157907 -0.755928 0)
(0.180988 -0.750457 0)
(0.202897 -0.747645 0)
(0.223481 -0.747085 0)
(0.24265 -0.74834 0)
(0.260351 -0.750939 0)
(0.27655 -0.754389 0)
(0.291213 -0.758191 0)
(0.304297 -0.761841 0)
(0.315744 -0.76484 0)
(0.325484 -0.766702 0)
(0.333431 -0.766955 0)
(0.339493 -0.765152 0)
(0.343579 -0.760875 0)
(0.345608 -0.75375 0)
(0.34553 -0.743463 0)
(0.343335 -0.729783 0)
(0.339069 -0.712588 0)
(0.332835 -0.691893 0)
(0.324791 -0.667866 0)
(0.315134 -0.640827 0)
(0.304092 -0.611219 0)
(0.291936 -0.579568 0)
(0.279027 -0.546457 0)
(0.265864 -0.512539 0)
(0.253119 -0.478559 0)
(0.241629 -0.445376 0)
(0.232369 -0.413947 0)
(0.226409 -0.385266 0)
(0.224886 -0.36026 0)
(0.22901 -0.339653 0)
(0.240107 -0.323785 0)
(0.259665 -0.312323 0)
(0.289339 -0.303821 0)
(0.33086 -0.295094 0)
(0.385741 -0.280433 0)
(0.454685 -0.250848 0)
(0.536646 -0.193845 0)
(0.627131 -0.0948085 0)
(0.716945 0.0590979 0)
(0.0281499 -0.730731 0)
(0.0536836 -0.834054 0)
(0.0735785 -0.816219 0)
(0.0946966 -0.799398 0)
(0.11607 -0.78692 0)
(0.137157 -0.777756 0)
(0.157574 -0.77138 0)
(0.177039 -0.767448 0)
(0.19535 -0.765615 0)
(0.212359 -0.765489 0)
(0.227953 -0.766631 0)
(0.242044 -0.768565 0)
(0.254553 -0.770792 0)
(0.265404 -0.772804 0)
(0.27452 -0.774096 0)
(0.281821 -0.774171 0)
(0.287226 -0.772554 0)
(0.290661 -0.768799 0)
(0.292057 -0.762501 0)
(0.291371 -0.75331 0)
(0.288589 -0.740948 0)
(0.283737 -0.72523 0)
(0.276897 -0.706089 0)
(0.268201 -0.683591 0)
(0.257835 -0.657946 0)
(0.246027 -0.629515 0)
(0.23305 -0.598785 0)
(0.219225 -0.566352 0)
(0.204949 -0.532903 0)
(0.19072 -0.499221 0)
(0.177156 -0.466185 0)
(0.164993 -0.434773 0)
(0.155064 -0.406034 0)
(0.148273 -0.381038 0)
(0.145581 -0.360798 0)
(0.148028 -0.346152 0)
(0.156792 -0.337596 0)
(0.173263 -0.334982 0)
(0.199082 -0.337042 0)
(0.236101 -0.340636 0)
(0.286143 -0.339718 0)
(0.350492 -0.324129 0)
(0.428937 -0.278827 0)
(0.518068 -0.18503 0)
(0.609603 -0.0250349 0)
(0.0247731 -0.769164 0)
(0.0459471 -0.853632 0)
(0.0613397 -0.834926 0)
(0.0790492 -0.818828 0)
(0.0971994 -0.806458 0)
(0.115238 -0.796918 0)
(0.132788 -0.789833 0)
(0.149559 -0.784943 0)
(0.165324 -0.781959 0)
(0.1799 -0.780529 0)
(0.193135 -0.780243 0)
(0.204899 -0.780645 0)
(0.215081 -0.781247 0)
(0.22358 -0.781548 0)
(0.230303 -0.781045 0)
(0.235164 -0.779244 0)
(0.23809 -0.775677 0)
(0.239018 -0.769911 0)
(0.237907 -0.761559 0)
(0.234741 -0.750302 0)
(0.22954 -0.735901 0)
(0.222367 -0.718218 0)
(0.213335 -0.697233 0)
(0.202606 -0.673063 0)
(0.190391 -0.645965 0)
(0.176949 -0.616341 0)
(0.162579 -0.584729 0)
(0.147627 -0.551786 0)
(0.132495 -0.518279 0)
(0.117657 -0.48508 0)
(0.103665 -0.453158 0)
(0.0911473 -0.423565 0)
(0.0807937 -0.397417 0)
(0.0733363 -0.375845 0)
(0.0695464 -0.359942 0)
(0.070265 -0.350666 0)
(0.0764739 -0.348684 0)
(0.0893835 -0.354081 0)
(0.110495 -0.365852 0)
(0.141597 -0.381064 0)
(0.184625 -0.393573 0)
(0.241271 -0.392358 0)
(0.312174 -0.360113 0)
(0.39529 -0.273963 0)
(0.48433 -0.111403 0)
(0.02037 -0.802271 0)
(0.0372049 -0.868305 0)
(0.048653 -0.850213 0)
(0.0630763 -0.835121 0)
(0.0779799 -0.822997 0)
(0.092875 -0.813223 0)
(0.107414 -0.805575 0)
(0.121314 -0.799864 0)
(0.134339 -0.795843 0)
(0.146286 -0.793194 0)
(0.156978 -0.791532 0)
(0.16626 -0.790423 0)
(0.173997 -0.789395 0)
(0.180071 -0.787962 0)
(0.184379 -0.785632 0)
(0.186834 -0.781924 0)
(0.187369 -0.776386 0)
(0.185936 -0.768603 0)
(0.182517 -0.75822 0)
(0.177122 -0.744949 0)
(0.169801 -0.728594 0)
(0.160649 -0.709062 0)
(0.149806 -0.686382 0)
(0.137461 -0.660715 0)
(0.123848 -0.632365 0)
(0.109242 -0.601777 0)
(0.093956 -0.56953 0)
(0.0783381 -0.536335 0)
(0.0627765 -0.503011 0)
(0.0477036 -0.470486 0)
(0.0335969 -0.439778 0)
(0.0209731 -0.411984 0)
(0.0103748 -0.388251 0)
(0.00235702 -0.369755 0)
(-0.00250709 -0.357652 0)
(-0.00359626 -0.353004 0)
(-0.000166071 -0.356633 0)
(0.00873385 -0.368861 0)
(0.0243282 -0.388999 0)
(0.0481613 -0.414442 0)
(0.0820815 -0.439189 0)
(0.128045 -0.451763 0)
(0.187629 -0.433194 0)
(0.260581 -0.357304 0)
(0.343821 -0.197192 0)
(0.0155071 -0.829047 0)
(0.0281663 -0.878629 0)
(0.0361371 -0.862241 0)
(0.0473178 -0.848246 0)
(0.0589499 -0.836429 0)
(0.0706417 -0.826521 0)
(0.0820813 -0.818428 0)
(0.0930002 -0.812014 0)
(0.103163 -0.807065 0)
(0.112359 -0.803287 0)
(0.120395 -0.80032 0)
(0.127102 -0.797749 0)
(0.132331 -0.795124 0)
(0.135955 -0.791978 0)
(0.137867 -0.787837 0)
(0.137983 -0.782242 0)
(0.136243 -0.774763 0)
(0.132615 -0.765015 0)
(0.127101 -0.752674 0)
(0.119734 -0.737491 0)
(0.110592 -0.719312 0)
(0.0997939 -0.698092 0)
(0.0875058 -0.6739 0)
(0.0739354 -0.646943 0)
(0.0593301 -0.617564 0)
(0.0439728 -0.586247 0)
(0.0281757 -0.553609 0)
(0.0122751 -0.520392 0)
(-0.00337086 -0.487448 0)
(-0.0183814 -0.455729 0)
(-0.0323578 -0.426273 0)
(-0.0448964 -0.400188 0)
(-0.0556012 -0.378635 0)
(-0.0640948 -0.362802 0)
(-0.0700126 -0.353875 0)
(-0.0729687 -0.352972 0)
(-0.0724964 -0.361037 0)
(-0.0679844 -0.378609 0)
(-0.0586028 -0.405327 0)
(-0.0431851 -0.439001 0)
(-0.0201017 -0.474009 0)
(0.0127738 -0.498986 0)
(0.0579547 -0.494364 0)
(0.117592 -0.432101 0)
(0.192415 -0.281947 0)
(0.0106017 -0.84907 0)
(0.0193053 -0.885143 0)
(0.024208 -0.871091 0)
(0.0321573 -0.858153 0)
(0.040513 -0.846668 0)
(0.0489823 -0.836703 0)
(0.0572887 -0.828265 0)
(0.0651807 -0.821256 0)
(0.0724278 -0.815484 0)
(0.0788158 -0.810674 0)
(0.0841479 -0.806487 0)
(0.0882473 -0.802528 0)
(0.0909602 -0.798372 0)
(0.0921562 -0.79357 0)
(0.09173 -0.787677 0)
(0.0896033 -0.78026 0)
(0.0857269 -0.770918 0)
(0.0800844 -0.7593 0)
(0.072694 -0.745119 0)
(0.0636114 -0.728169 0)
(0.0529335 -0.708336 0)
(0.0408063 -0.685615 0)
(0.0274139 -0.660122 0)
(0.0129722 -0.6321 0)
(-0.00226618 -0.601929 0)
(-0.0180219 -0.570121 0)
(-0.033991 -0.537319 0)
(-0.0498575 -0.504284 0)
(-0.0652985 -0.471879 0)
(-0.0799914 -0.441058 0)
(-0.0936264 -0.412853 0)
(-0.105919 -0.388353 0)
(-0.116619 -0.368697 0)
(-0.125525 -0.355052 0)
(-0.132472 -0.348587 0)
(-0.137314 -0.350435 0)
(-0.139889 -0.361611 0)
(-0.139971 -0.38281 0)
(-0.137178 -0.413961 0)
(-0.130818 -0.453335 0)
(-0.119656 -0.495983 0)
(-0.101621 -0.53133 0)
(-0.0734712 -0.540318 0)
(-0.0305212 -0.494371 0)
(0.0314184 -0.361374 0)
(0.00596704 -0.86236 0)
(0.0109402 -0.888392 0)
(0.0131274 -0.876814 0)
(0.0178544 -0.864808 0)
(0.0229621 -0.853659 0)
(0.0282357 -0.843704 0)
(0.0334291 -0.835014 0)
(0.0383068 -0.827513 0)
(0.0426443 -0.821021 0)
(0.04623 -0.815281 0)
(0.0488681 -0.80997 0)
(0.0503827 -0.804717 0)
(0.0506208 -0.799119 0)
(0.0494547 -0.792755 0)
(0.0467841 -0.785206 0)
(0.0425389 -0.776072 0)
(0.0366824 -0.764987 0)
(0.0292131 -0.751635 0)
(0.0201651 -0.735769 0)
(0.00961496 -0.717222 0)
(-0.00232028 -0.695928 0)
(-0.015484 -0.671916 0)
(-0.0296778 -0.645346 0)
(-0.0446778 -0.616495 0)
(-0.0602355 -0.585772 0)
(-0.0760792 -0.553712 0)
(-0.0919255 -0.520967 0)
(-0.107489 -0.488299 0)
(-0.122492 -0.456561 0)
(-0.136679 -0.42669 0)
(-0.14983 -0.399684 0)
(-0.161775 -0.376593 0)
(-0.172403 -0.358504 0)
(-0.181673 -0.346522 0)
(-0.189612 -0.34176 0)
(-0.196306 -0.345312 0)
(-0.201889 -0.358197 0)
(-0.206512 -0.381194 0)
(-0.210267 -0.414456 0)
(-0.213003 -0.456721 0)
(-0.213979 -0.503906 0)
(-0.211339 -0.546807 0)
(-0.201378 -0.56808 0)
(-0.178044 -0.540038 0)
(-0.133313 -0.428489 0)
(0.00188921 -0.869088 0)
(0.00334503 -0.888889 0)
(0.00303708 -0.879424 0)
(0.00457248 -0.868193 0)
(0.006502 -0.857395 0)
(0.00865491 -0.84752 0)
(0.0108079 -0.838668 0)
(0.0127373 -0.83077 0)
(0.0142263 -0.823658 0)
(0.015069 -0.817088 0)
(0.0150754 -0.810757 0)
(0.0140754 -0.804316 0)
(0.0119222 -0.797386 0)
(0.00849504 -0.789578 0)
(0.00370253 -0.780502 0)
(-0.00251421 -0.769792 0)
(-0.010179 -0.757117 0)
(-0.019279 -0.742202 0)
(-0.0297614 -0.724837 0)
(-0.0415391 -0.704897 0)
)
;

boundaryField
{
    leftWall
    {
        type            noSlip;
    }
    rightWall
    {
        type            noSlip;
    }
    lowerWall
    {
        type            noSlip;
    }
    atmosphere
    {
        type            pressureInletOutletVelocity;
        value           nonuniform 0();
    }
    defaultFaces
    {
        type            empty;
    }
    procBoundary0to1
    {
        type            processor;
        value           nonuniform List<vector> 
44
(
(-0.25108 -0.0651233 0)
(-0.077875 -0.0174909 0)
(0.0888723 0.0552448 0)
(0.207679 0.15372 0)
(0.284173 0.272094 0)
(0.337927 0.40424 0)
(0.38689 0.546943 0)
(0.447739 0.698655 0)
(0.540379 0.855774 0)
(0.680741 1.00325 0)
(0.879073 1.09218 0)
(1.02706 1.09598 0)
(1.12119 1.05411 0)
(1.18617 1.00654 0)
(1.22929 0.960999 0)
(1.25154 0.916226 0)
(1.25527 0.872704 0)
(1.24302 0.830847 0)
(1.21668 0.790367 0)
(1.17816 0.750909 0)
(1.17816 0.750909 0)
(1.17694 0.795373 0)
(1.12302 0.755838 0)
(1.07077 0.715674 0)
(1.02893 0.677565 0)
(1.00247 0.652556 0)
(0.976779 0.630995 0)
(0.938298 0.575429 0)
(0.978588 0.516143 0)
(1.04532 0.543364 0)
(1.09847 0.54979 0)
(1.11931 0.53364 0)
(1.10873 0.505764 0)
(1.07354 0.469757 0)
(1.02054 0.427699 0)
(0.954907 0.381005 0)
(0.879228 0.329946 0)
(0.792662 0.273312 0)
(0.690404 0.209868 0)
(0.56796 0.139933 0)
(0.428953 0.062463 0)
(0.279648 -0.0258555 0)
(0.113607 -0.119389 0)
(-0.0625654 -0.205983 0)
)
;
    }
    procBoundary0to2
    {
        type            processor;
        value           nonuniform List<vector> 
46
(
(-0.0544776 -0.682352 0)
(-0.0684032 -0.65728 0)
(-0.0831199 -0.629869 0)
(-0.0984043 -0.600431 0)
(-0.114014 -0.569397 0)
(-0.129695 -0.537307 0)
(-0.145189 -0.504813 0)
(-0.160252 -0.472662 0)
(-0.174657 -0.44168 0)
(-0.188219 -0.412767 0)
(-0.200805 -0.386871 0)
(-0.212351 -0.364978 0)
(-0.222871 -0.348097 0)
(-0.232465 -0.337243 0)
(-0.24133 -0.333433 0)
(-0.249766 -0.337672 0)
(-0.258177 -0.350913 0)
(-0.267056 -0.373932 0)
(-0.276913 -0.407016 0)
(-0.28809 -0.449325 0)
(-0.300385 -0.497726 0)
(-0.312443 -0.544809 0)
(-0.320722 -0.575979 0)
(-0.317899 -0.566401 0)
(-0.293085 -0.48102 0)
(-0.00140497 -0.869569 0)
(-0.00326448 -0.887027 0)
(-0.00604604 -0.878892 0)
(-0.00761742 -0.868321 0)
(-0.008742 -0.857913 0)
(-0.00958136 -0.848195 0)
(-0.0103448 -0.839267 0)
(-0.0112469 -0.831067 0)
(-0.0124965 -0.823435 0)
(-0.0142906 -0.81614 0)
(-0.0168099 -0.808898 0)
(-0.0202145 -0.801384 0)
(-0.0246407 -0.793249 0)
(-0.030198 -0.784132 0)
(-0.0369656 -0.773677 0)
(-0.0449893 -0.761555 0)
(-0.0542783 -0.747471 0)
(-0.064805 -0.731186 0)
(-0.0765061 -0.712533 0)
(-0.0544776 -0.682352 0)
(-0.0892742 -0.691426 0)
)
;
    }
}


// ************************************************************************* //
