/*--------------------------------*- C++ -*----------------------------------*\
  =========                 |
  \\      /  F ield         | OpenFOAM: The Open Source CFD Toolbox
   \\    /   O peration     | Website:  https://openfoam.org
    \\  /    A nd           | Version:  7
     \\/     M anipulation  |
\*---------------------------------------------------------------------------*/
FoamFile
{
    version     2.0;
    format      ascii;
    class       volScalarField;
    location    "0.4";
    object      p;
}
// * * * * * * * * * * * * * * * * * * * * * * * * * * * * * * * * * * * * * //

dimensions      [1 -1 -2 0 0 0 0];

internalField   nonuniform List<scalar> 
7700
(
888.63
887.603
889.894
894.749
900.861
907.094
912.873
918.036
922.568
926.537
930.04
933.172
936.021
938.666
941.178
943.62
946.05
948.521
951.089
953.811
956.749
959.974
963.568
967.626
972.264
977.622
983.871
991.218
999.926
1010.33
1022.87
1038.09
1056.35
1077.97
1103.28
1132.44
1165.14
1200.29
1235.9
1269.22
1297.39
1318.35
1327.67
1332.83
1352.27
1377.28
840.521
838.721
840.292
844.524
849.823
855.349
860.624
865.445
869.754
873.572
876.961
879.995
882.751
885.303
887.721
890.071
892.415
894.811
897.32
900.005
902.936
906.189
909.854
914.036
918.859
924.476
931.066
938.852
948.101
959.137
972.32
988.13
1007.2
1029.92
1056.68
1087.73
1122.81
1160.88
1199.78
1236.15
1266.08
1286.39
1289.89
1281.63
1285.34
1319.21
791.602
790.613
792.248
795.437
799.563
804.032
808.435
812.556
816.304
819.66
822.656
825.343
827.783
830.045
832.194
834.3
836.425
838.635
840.993
843.571
846.443
849.695
853.425
857.747
862.797
868.737
875.759
884.095
894.023
905.869
920.001
936.868
957.022
980.934
1008.96
1041.23
1077.49
1116.72
1156.84
1194.53
1225.48
1245.92
1250.61
1242.18
1236.54
1275.49
742.641
742.857
744.519
747.081
750.323
753.865
757.395
760.734
763.792
766.542
768.999
771.199
773.196
775.048
776.821
778.583
780.399
782.336
784.464
786.857
789.596
792.774
796.495
800.881
806.074
812.243
819.587
828.341
838.784
851.237
866.056
883.635
904.449
928.953
957.443
989.975
1026.19
1065.1
1104.79
1142.35
1174
1196.27
1206.34
1205.94
1210.53
1249.69
693.667
694.928
696.683
698.848
701.451
704.248
707.019
709.635
712.025
714.167
716.07
717.765
719.296
720.717
722.088
723.478
724.954
726.584
728.44
730.6
733.151
736.187
739.82
744.175
749.397
755.657
763.155
772.126
782.839
795.603
810.751
828.638
849.661
874.21
902.519
934.574
969.995
1007.86
1046.56
1083.72
1116.35
1141.58
1157.63
1167.91
1188.72
1239.23
644.398
646.465
648.413
650.336
652.447
654.622
656.726
658.683
660.45
662.012
663.38
664.583
665.66
666.658
667.636
668.657
669.79
671.106
672.676
674.582
676.912
679.765
683.252
687.5
692.657
698.891
706.399
715.408
726.177
738.993
754.167
772.014
792.868
817.049
844.734
875.864
910.062
946.527
983.94
1020.46
1053.83
1081.86
1103.63
1124.67
1165.03
1231.56
594.828
597.485
599.667
601.419
603.113
604.739
606.24
607.588
608.767
609.775
610.627
611.351
611.985
612.572
613.166
613.828
614.625
615.627
616.909
618.551
620.642
623.282
626.582
630.668
635.685
641.798
649.197
658.097
668.741
681.397
696.347
713.87
734.244
757.729
784.462
814.347
847.022
881.787
917.564
952.919
986.185
1015.86
1041.96
1071.92
1130.48
1213.8
545.015
548.137
550.518
552.098
553.398
554.513
555.45
556.223
556.842
557.313
557.66
557.914
558.11
558.291
558.506
558.814
559.279
559.97
560.961
562.332
564.171
566.576
569.656
573.536
578.353
584.267
591.458
600.127
610.498
622.816
637.336
654.304
673.949
696.485
722.016
750.419
781.334
814.122
847.848
881.321
913.231
942.531
969.882
1003.97
1075.69
1170.59
494.877
498.499
501.029
502.409
503.315
503.934
504.326
504.542
504.612
504.556
504.401
504.183
503.939
503.711
503.545
503.497
503.629
504.007
504.702
505.793
507.366
509.517
512.35
515.985
520.553
526.204
533.106
541.444
551.421
563.256
577.179
593.41
612.137
633.537
657.689
684.446
713.428
744
775.255
806.047
835.097
861.293
885.005
914.49
989.104
1074.13
444.639
448.652
451.255
452.403
452.907
453.031
452.882
452.543
452.064
451.475
450.81
450.11
449.415
448.765
448.208
447.795
447.586
447.643
448.033
448.834
450.127
452.004
454.566
457.925
462.203
467.539
474.089
482.018
491.504
502.741
515.934
531.283
548.951
569.086
591.748
616.768
643.723
671.922
700.376
727.779
752.515
772.7
786.975
799.546
851.356
871.847
7.17964
7.17563
7.17118
7.16705
7.16259
7.15665
7.1518
7.14855
7.14544
7.14278
7.14029
7.13762
7.13446
7.13057
7.12573
7.11982
7.11273
7.10445
7.09499
7.08444
7.07293
7.06066
7.04784
7.03515
7.02226
7.00916
6.99645
6.9846
6.97391
6.96327
6.95326
6.9446
6.93674
6.92977
6.92379
6.91884
6.915
6.91233
6.91076
6.91018
7.13361
7.13028
7.12781
7.1236
7.1175
7.11168
7.1063
7.10131
7.09738
7.09408
7.091
7.08782
7.08426
7.08008
7.07508
7.06912
7.06208
7.05395
7.04472
7.03448
7.02337
7.01155
6.99935
6.98655
6.97374
6.96137
6.94943
6.93779
6.92647
6.91631
6.90697
6.89811
6.89026
6.88327
6.8772
6.87211
6.86809
6.86521
6.86348
6.86296
7.08876
7.08433
7.08155
7.07752
7.07147
7.06505
7.05918
7.05375
7.04917
7.04518
7.04145
7.0377
7.03368
7.02915
7.02393
7.01787
7.01086
7.00287
6.99389
6.98398
6.97324
6.96183
6.94994
6.93767
6.92526
6.91314
6.90138
6.88999
6.87905
6.86897
6.85958
6.85083
6.84291
6.83582
6.82961
6.82437
6.82021
6.81723
6.81546
6.81518
7.04476
7.03822
7.03391
7.02945
7.02356
7.01721
7.01121
7.00569
7.00084
6.99649
6.99239
6.98828
6.98395
6.97916
6.97376
6.9676
6.96059
6.95268
6.94384
6.93413
6.92363
6.91247
6.90082
6.88884
6.87673
6.86479
6.85316
6.84192
6.83118
6.8211
6.81166
6.80287
6.7948
6.78752
6.78111
6.77572
6.77145
6.76844
6.76676
6.76661
7.00035
6.9915
6.98514
6.98009
6.97436
6.96836
6.96261
6.9573
6.95251
6.94812
6.94394
6.93973
6.93527
6.93038
6.92488
6.91864
6.91159
6.90368
6.89489
6.88525
6.87486
6.86383
6.8523
6.84043
6.82844
6.81655
6.80492
6.79366
6.78289
6.77271
6.76314
6.75419
6.74592
6.73842
6.73181
6.72625
6.72192
6.71893
6.71741
6.71738
6.95432
6.94329
6.93496
6.9296
6.92422
6.9188
6.91359
6.90871
6.90421
6.90002
6.89596
6.89184
6.88743
6.88254
6.87702
6.87074
6.86364
6.85569
6.84686
6.83721
6.82682
6.8158
6.80428
6.79242
6.78041
6.76843
6.75666
6.74522
6.73425
6.72384
6.71403
6.70483
6.6963
6.68854
6.68171
6.67601
6.67162
6.6687
6.66737
6.66752
6.90497
6.89265
6.88296
6.87798
6.87334
6.86876
6.86431
6.86002
6.85599
6.85214
6.84835
6.84444
6.8402
6.83543
6.82997
6.82372
6.81659
6.80858
6.79968
6.78993
6.77943
6.76831
6.75668
6.74471
6.73257
6.72041
6.70839
6.69665
6.68533
6.67454
6.66435
6.6548
6.64594
6.63788
6.63081
6.62497
6.62055
6.61771
6.61657
6.61685
6.84935
6.83856
6.82882
6.82534
6.82194
6.81848
6.81494
6.81136
6.80788
6.80447
6.80104
6.79745
6.79348
6.78893
6.78363
6.77746
6.77036
6.76232
6.75332
6.74341
6.73269
6.72133
6.70945
6.69724
6.68485
6.67242
6.66008
6.64795
6.63617
6.62487
6.61415
6.6041
6.59481
6.5864
6.57909
6.5731
6.56864
6.56588
6.5649
6.56531
6.78004
6.77975
6.77295
6.77218
6.77044
6.7683
6.76574
6.76288
6.75995
6.757
6.754
6.7508
6.74719
6.74294
6.73789
6.73189
6.72488
6.71685
6.70775
6.69763
6.68663
6.6749
6.66262
6.65
6.63723
6.62443
6.61169
6.5991
6.58677
6.57483
6.56342
6.55272
6.54287
6.53405
6.52646
6.52033
6.51584
6.51313
6.51229
6.51283
6.68285
6.71364
6.71767
6.71984
6.71958
6.71878
6.71711
6.71477
6.71231
6.70979
6.70721
6.70445
6.70126
6.6974
6.69268
6.68693
6.68008
6.6721
6.66293
6.6526
6.64126
6.62908
6.61628
6.6031
6.58976
6.57642
6.56316
6.55001
6.53704
6.52436
6.51214
6.50062
6.49008
6.48076
6.47288
6.46662
6.46209
6.45941
6.45868
6.45935
393.78
398.163
400.787
401.68
401.772
401.394
400.694
399.783
398.732
397.587
396.39
395.185
394.015
392.922
391.954
391.159
390.593
390.313
390.384
390.879
391.875
393.459
395.727
398.781
402.734
407.714
413.861
421.319
430.236
440.775
453.121
467.462
483.955
502.729
523.835
547.086
571.997
597.779
623.281
646.905
666.432
678.698
679.369
663.137
632.429
437.389
342.103
346.815
349.408
350.033
349.713
348.822
347.547
346.034
344.377
342.639
340.872
339.127
337.449
335.884
334.477
333.277
332.333
331.697
331.43
331.599
332.279
333.552
335.504
338.229
341.828
346.417
352.123
359.063
367.348
377.104
388.495
401.71
416.923
434.267
453.801
475.326
498.294
521.796
544.505
564.55
579.246
584.624
574.583
538.381
461.926
311.345
289.868
294.844
297.351
297.709
296.983
295.571
293.698
291.548
289.246
286.874
284.498
282.176
279.956
277.887
276.016
274.388
273.045
272.034
271.41
271.237
271.584
272.527
274.147
276.523
279.743
283.916
289.156
295.552
303.163
312.064
322.398
334.372
348.205
364.074
382.072
402.01
423.28
444.861
465.278
482.52
493.796
495.203
481.287
444.239
375.991
293.613
237.147
242.267
244.64
244.756
243.649
241.709
239.208
236.382
233.391
230.341
227.314
224.372
221.569
218.958
216.589
214.505
212.739
211.328
210.322
209.783
209.776
210.37
211.641
213.655
216.479
220.221
224.994
230.854
237.782
245.774
254.954
265.569
277.917
292.275
308.81
327.354
347.271
367.443
386.271
401.729
411.17
411.196
397.634
365.872
311.7
248.13
184.101
189.025
191.227
191.17
189.709
187.208
184.008
180.421
176.652
172.829
169.055
165.394
161.904
158.653
155.696
153.077
150.815
148.931
147.476
146.514
146.106
146.318
147.229
148.881
151.31
154.644
159.023
164.469
170.819
177.926
185.892
195.045
205.834
218.726
234.025
251.527
270.568
289.94
307.941
322.634
331.62
332.061
320.715
294.459
250.598
195.338
130.645
134.952
136.872
136.571
134.667
131.475
127.424
122.927
118.237
113.497
108.832
104.306
99.9832
95.9555
92.296
89.0499
86.2105
83.7758
81.7971
80.3542
79.5066
79.3164
79.8756
81.1792
83.1964
86.1317
90.2228
95.454
101.39
107.605
114.166
121.556
130.513
141.935
156.514
173.842
193.034
212.613
230.657
245.516
255.164
257.36
249.546
229.515
195.929
152.694
76.9528
80.4791
81.5131
80.667
78.2241
74.3744
69.6179
64.4938
59.2819
54.0971
49.0793
44.2665
39.7132
35.5334
31.8003
28.5451
25.713
23.2633
21.2454
19.7417
18.784
18.412
18.7141
19.6067
20.9552
23.0526
26.2804
30.6387
35.4002
39.784
43.7712
47.9297
53.2381
61.3382
74.1696
91.9073
112.786
134.555
154.257
170.49
181.748
186.681
183.332
170.171
146.678
115.557
28.6186
30.0717
29.8813
28.8558
26.8071
23.6477
19.9622
16.3409
12.9653
9.82299
6.98058
4.41035
2.11559
0.145522
-1.49233
-2.81802
-3.89155
-4.75321
-5.38952
-5.78855
-5.98028
-5.98396
-5.7942
-5.49571
-5.18668
-4.79548
-4.10032
-2.99077
-1.81033
-1.17369
-1.28715
-2.07156
-3.303
-3.72139
0.179428
11.1543
29.6086
53.4172
76.5609
96.309
110.681
119.437
121.157
114.928
100.601
79.922
4.08218
2.29386
2.71586
2.7818
2.42742
1.61107
0.648876
-0.184963
-0.853719
-1.39428
-1.81189
-2.13164
-2.36409
-2.51827
-2.60792
-2.65313
-2.66238
-2.63885
-2.58763
-2.52309
-2.457
-2.39501
-2.36581
-2.37601
-2.39324
-2.47274
-2.63072
-2.84316
-3.06738
-3.40661
-4.01737
-5.12858
-7.16292
-10.9015
-17.6252
-27.54
-30.9895
-21.0056
-2.59628
19.8483
38.8543
53.5725
61.6582
62.6537
56.7428
45.2092
-1.82597
-1.44276
-1.50849
-1.6235
-1.60465
-1.59096
-1.58483
-1.58099
-1.57999
-1.58252
-1.5879
-1.59584
-1.60579
-1.61619
-1.62605
-1.63558
-1.64567
-1.65658
-1.66713
-1.67717
-1.68773
-1.69886
-1.71313
-1.73476
-1.76147
-1.79436
-1.83405
-1.88053
-1.93899
-2.01296
-2.0991
-2.1966
-2.30221
-2.43492
-3.15681
-8.31823
-20.6616
-38.3166
-53.1845
-48.6724
-34.3167
-14.6713
1.38897
11.1546
14.1196
11.2835
-1.6764
-1.62747
-1.61428
-1.60614
-1.58291
-1.56227
-1.54674
-1.53464
-1.52554
-1.51938
-1.51613
-1.51577
-1.51804
-1.52253
-1.5291
-1.53784
-1.54905
-1.56304
-1.57976
-1.5989
-1.62031
-1.64361
-1.66793
-1.69451
-1.72483
-1.75606
-1.78831
-1.82657
-1.87398
-1.92769
-1.98312
-2.03628
-2.0794
-2.10688
-2.21922
-2.53834
-3.20279
-7.51223
-25.245
-50.2187
-72.5017
-72.1858
-58.8124
-42.5701
-29.9321
-23.2463
-1.72784
-1.70308
-1.6831
-1.67028
-1.65557
-1.64048
-1.62784
-1.61815
-1.6114
-1.60757
-1.60662
-1.60838
-1.61265
-1.61919
-1.62786
-1.63867
-1.65173
-1.66707
-1.68466
-1.70439
-1.72621
-1.75009
-1.77584
-1.80403
-1.83557
-1.86959
-1.90581
-1.94623
-1.99278
-2.04434
-2.09831
-2.1513
-2.19822
-2.22786
-2.24393
-2.27434
-2.40183
-2.78699
-3.66029
-9.09961
-28.1948
-56.1266
-78.4899
-82.6092
-72.4709
-59.7597
-1.76939
-1.75771
-1.74468
-1.73291
-1.72123
-1.70949
-1.69939
-1.69173
-1.6868
-1.68469
-1.68534
-1.68859
-1.69422
-1.70202
-1.71188
-1.72376
-1.73772
-1.75379
-1.77194
-1.79215
-1.81448
-1.83902
-1.86597
-1.89571
-1.9287
-1.96485
-2.00413
-2.04726
-2.09509
-2.14717
-2.20192
-2.2574
-2.31064
-2.35786
-2.39902
-2.43624
-2.47167
-2.48881
-2.655
-3.21706
-4.12869
-10.3644
-26.7931
-53.3058
-73.805
-80.942
-1.82459
-1.81572
-1.80487
-1.7935
-1.78264
-1.7724
-1.76376
-1.75737
-1.75354
-1.75238
-1.75388
-1.75792
-1.76431
-1.77287
-1.78349
-1.79615
-1.8109
-1.82779
-1.84683
-1.86805
-1.89155
-1.91745
-1.94597
-1.97741
-2.01208
-2.05003
-2.09132
-2.1363
-2.18523
-2.23771
-2.29271
-2.349
-2.40534
-2.46061
-2.51729
-2.57682
-2.63606
-2.68078
-2.7276
-2.80083
-2.96178
-3.41922
-4.40872
-9.67725
-22.0011
-43.3472
-1.88656
-1.87743
-1.86658
-1.85536
-1.84517
-1.83614
-1.82879
-1.82362
-1.82087
-1.82067
-1.82302
-1.82784
-1.83498
-1.84432
-1.85575
-1.86928
-1.88493
-1.90275
-1.92281
-1.94517
-1.96994
-1.99728
-2.02738
-2.06051
-2.0969
-2.13663
-2.17976
-2.22641
-2.27656
-2.32979
-2.38538
-2.4426
-2.5008
-2.55994
-2.62154
-2.68749
-2.75833
-2.83189
-2.90789
-2.98089
-3.04022
-3.10502
-3.28276
-3.66162
-4.66319
-8.25333
-1.95097
-1.94114
-1.93006
-1.91919
-1.90984
-1.902
-1.89596
-1.89202
-1.89042
-1.89126
-1.89455
-1.90023
-1.90821
-1.91838
-1.93069
-1.94514
-1.96175
-1.98058
-2.00172
-2.02526
-2.05134
-2.08011
-2.11177
-2.14654
-2.18461
-2.22606
-2.27091
-2.31916
-2.37067
-2.42503
-2.48167
-2.5401
-2.60001
-2.66147
-2.72554
-2.79356
-2.8668
-2.94601
-3.0338
-3.12932
-3.21812
-3.29424
-3.36984
-3.42857
-3.62112
-3.95551
-2.01727
-2.0065
-1.99541
-1.98517
-1.97676
-1.97011
-1.9653
-1.96258
-1.9621
-1.96396
-1.96819
-1.97474
-1.98355
-1.99455
-2.00773
-2.02308
-2.04065
-2.06049
-2.08272
-2.10745
-2.13483
-2.16502
-2.19821
-2.23459
-2.2743
-2.3174
-2.36387
-2.41363
-2.46651
-2.52214
-2.58004
-2.63982
-2.70128
-2.76459
-2.83044
-2.89983
-2.97376
-3.05332
-3.14046
-3.23547
-3.33427
-3.43585
-3.53724
-3.61665
-3.70695
-3.78506
-2.08488
-2.0736
-2.06286
-2.05346
-2.04605
-2.04052
-2.03688
-2.03528
-2.03585
-2.03869
-2.0438
-2.05117
-2.06076
-2.07256
-2.08656
-2.10277
-2.12124
-2.14207
-2.16536
-2.19125
-2.2199
-2.25147
-2.28615
-2.32409
-2.36541
-2.4101
-2.45811
-2.5093
-2.56349
-2.62035
-2.67947
-2.74051
-2.80333
-2.86807
-2.93526
-3.00564
-3.08003
-3.15929
-3.24449
-3.33605
-3.43258
-3.53504
-3.64266
-3.74863
-3.85932
-3.95056
-2.15371
-2.14252
-2.13253
-2.12412
-2.1177
-2.11321
-2.11062
-2.11004
-2.11157
-2.11529
-2.1212
-2.12933
-2.13966
-2.1522
-2.16695
-2.18396
-2.2033
-2.22506
-2.24937
-2.27638
-2.30624
-2.33914
-2.37523
-2.41466
-2.4575
-2.50374
-2.55322
-2.60578
-2.6612
-2.71917
-2.77934
-2.84142
-2.90529
-2.97106
-3.03914
-3.11012
-3.1847
-3.26356
-3.34738
-3.43641
-3.53018
-3.62894
-3.73256
-3.83989
-3.95339
-4.06475
-2.22383
-2.21333
-2.20441
-2.19707
-2.1916
-2.18804
-2.18639
-2.18672
-2.18909
-2.19359
-2.20023
-2.20905
-2.22005
-2.23326
-2.24871
-2.26646
-2.2866
-2.30923
-2.3345
-2.36256
-2.39358
-2.42771
-2.46512
-2.50592
-2.55018
-2.59783
-2.6487
-2.70255
-2.75911
-2.81807
-2.87911
-2.94198
-3.00657
-3.07298
-3.14155
-3.21276
-3.28722
-3.36549
-3.44811
-3.5353
-3.62688
-3.72279
-3.82275
-3.92647
-4.0349
-4.14638
-2.29536
-2.28601
-2.27834
-2.27208
-2.26753
-2.26483
-2.264
-2.26511
-2.26824
-2.27342
-2.28072
-2.29015
-2.30177
-2.31559
-2.33167
-2.3501
-2.37096
-2.39439
-2.42054
-2.44957
-2.48165
-2.51693
-2.55554
-2.59758
-2.64308
-2.69197
-2.74405
-2.79903
-2.8566
-2.91642
-2.97817
-3.04161
-3.10664
-3.17335
-3.24205
-3.31317
-3.38723
-3.46473
-3.54613
-3.63169
-3.72137
-3.81506
-3.91241
-4.01315
-4.11762
-4.22539
-2.36833
-2.36045
-2.35405
-2.34884
-2.34516
-2.34324
-2.34315
-2.34496
-2.34875
-2.35455
-2.36243
-2.37243
-2.3846
-2.39898
-2.41563
-2.43466
-2.45617
-2.48031
-2.50725
-2.53715
-2.57019
-2.60651
-2.6462
-2.68933
-2.7359
-2.78583
-2.83889
-2.89479
-2.95316
-3.01365
-3.07593
-3.13974
-3.20498
-3.27173
-3.34029
-3.41105
-3.4845
-3.56108
-3.64123
-3.72523
-3.81315
-3.9049
-4.00017
-4.09865
-4.20036
-4.30519
-2.44266
-2.4364
-2.43115
-2.42692
-2.42406
-2.42286
-2.42344
-2.42588
-2.43026
-2.43663
-2.44504
-2.45555
-2.46821
-2.48309
-2.50026
-2.51982
-2.54191
-2.56667
-2.59429
-2.62496
-2.65884
-2.69606
-2.7367
-2.78078
-2.82827
-2.87906
-2.93289
-2.98946
-3.0484
-3.10934
-3.17193
-3.23591
-3.30116
-3.36775
-3.43595
-3.50616
-3.57882
-3.6544
-3.73329
-3.81582
-3.90213
-3.9922
-4.08579
-4.18254
-4.28226
-4.38481
-2.51815
-2.51348
-2.50923
-2.50586
-2.50376
-2.50323
-2.50443
-2.50745
-2.51238
-2.51926
-2.52816
-2.53913
-2.55223
-2.56755
-2.58517
-2.60521
-2.6278
-2.6531
-2.6813
-2.7126
-2.74717
-2.78515
-2.82658
-2.87148
-2.91974
-2.97122
-3.02566
-3.08272
-3.14202
-3.20318
-3.26586
-3.32981
-3.39488
-3.46115
-3.52884
-3.59835
-3.67013
-3.74466
-3.82235
-3.90356
-3.9885
-4.0772
-4.16949
-4.26502
-4.36341
-4.46424
-2.59449
-2.59127
-2.58784
-2.58526
-2.58386
-2.58395
-2.58573
-2.5893
-2.59473
-2.60209
-2.61142
-2.62281
-2.63631
-2.65202
-2.67003
-2.69047
-2.71348
-2.73924
-2.76792
-2.79973
-2.83485
-2.8734
-2.91545
-2.96097
-3.00985
-3.06188
-3.11678
-3.17417
-3.23368
-3.29492
-3.35754
-3.42129
-3.48605
-3.55185
-3.61892
-3.68765
-3.75851
-3.832
-3.9086
-3.98869
-4.07256
-4.16028
-4.25172
-4.34651
-4.44409
-4.54378
-2.67131
-2.66935
-2.66661
-2.66473
-2.66398
-2.66467
-2.66701
-2.6711
-2.67701
-2.68481
-2.69455
-2.7063
-2.72015
-2.73619
-2.75453
-2.7753
-2.79867
-2.82478
-2.85384
-2.88604
-2.92155
-2.96052
-3.00299
-3.04894
-3.09824
-3.15066
-3.20587
-3.2635
-3.32313
-3.38435
-3.44682
-3.5103
-3.57467
-3.63994
-3.70634
-3.77425
-3.84419
-3.91671
-3.99236
-4.07158
-4.15472
-4.24189
-4.33294
-4.42746
-4.52472
-4.62378
-2.74823
-2.7473
-2.74516
-2.74394
-2.74382
-2.7451
-2.74799
-2.75258
-2.75895
-2.76715
-2.77726
-2.78934
-2.80349
-2.8198
-2.83841
-2.85944
-2.88307
-2.90946
-2.9388
-2.97127
-3.00705
-3.04626
-3.08898
-3.13517
-3.18471
-3.23735
-3.29275
-3.3505
-3.41018
-3.47135
-3.53366
-3.59685
-3.6608
-3.72554
-3.79128
-3.85842
-3.9275
-3.99917
-4.07404
-4.15266
-4.23541
-4.32244
-4.41358
-4.50831
-4.60574
-4.70471
-2.82487
-2.82478
-2.8232
-2.82262
-2.82312
-2.82499
-2.82841
-2.83349
-2.84028
-2.84887
-2.85931
-2.87168
-2.88608
-2.90261
-2.92142
-2.94264
-2.96645
-2.99301
-3.02252
-3.05516
-3.09108
-3.13042
-3.17325
-3.21954
-3.26916
-3.32187
-3.37734
-3.43514
-3.49483
-3.55594
-3.6181
-3.68104
-3.74461
-3.80886
-3.87399
-3.94042
-4.00876
-4.07972
-4.15404
-4.23234
-4.31507
-4.40239
-4.49408
-4.58953
-4.68763
-4.78711
-2.90093
-2.90153
-2.9005
-2.90055
-2.90166
-2.9041
-2.90805
-2.91359
-2.92079
-2.92972
-2.94046
-2.95308
-2.96769
-2.98441
-3.00336
-3.0247
-3.0486
-3.07525
-3.10482
-3.1375
-3.17346
-3.21282
-3.25565
-3.30192
-3.35152
-3.40421
-3.45968
-3.51749
-3.57717
-3.63826
-3.70033
-3.76308
-3.82634
-3.89015
-3.95472
-4.02052
-4.08823
-4.15865
-4.23265
-4.31096
-4.39408
-4.48217
-4.57495
-4.67163
-4.77096
-4.87149
-2.9762
-2.97737
-2.9769
-2.97756
-2.97928
-2.98229
-2.98674
-2.99272
-3.0003
-3.00955
-3.02055
-3.0334
-3.04819
-3.06504
-3.08409
-3.10549
-3.1294
-3.15602
-3.18553
-3.21814
-3.25402
-3.29329
-3.33603
-3.38222
-3.43173
-3.48436
-3.53979
-3.59761
-3.65735
-3.71849
-3.78058
-3.84325
-3.9063
-3.96973
-4.03379
-4.09901
-4.16616
-4.23619
-4.3101
-4.38877
-4.47275
-4.56218
-4.65668
-4.75527
-4.85636
-4.95834
-3.05052
-3.05216
-3.05227
-3.05354
-3.05585
-3.05941
-3.06435
-3.07075
-3.07869
-3.08823
-3.09948
-3.11251
-3.12745
-3.1444
-3.1635
-3.1849
-3.20876
-3.23526
-3.2646
-3.297
-3.33265
-3.37173
-3.41431
-3.46035
-3.50973
-3.56228
-3.6177
-3.67558
-3.73546
-3.79679
-3.85904
-3.92179
-3.98476
-4.04793
-4.11155
-4.17622
-4.24284
-4.31256
-4.38658
-4.46593
-4.55127
-4.64269
-4.73972
-4.84107
-4.94456
-5.04783
-3.12382
-3.12584
-3.12655
-3.12841
-3.1313
-3.13539
-3.14079
-3.1476
-3.15586
-3.16569
-3.17715
-3.19035
-3.20541
-3.22242
-3.24153
-3.26288
-3.28662
-3.31293
-3.342
-3.37405
-3.40937
-3.4482
-3.49056
-3.53638
-3.58559
-3.63802
-3.69343
-3.75142
-3.81151
-3.87313
-3.93569
-3.99868
-4.06173
-4.12477
-4.18806
-4.25227
-4.31846
-4.38799
-4.46229
-4.54262
-4.62972
-4.72369
-4.8239
-4.92875
-5.03507
-5.14066
-3.19602
-3.19832
-3.19965
-3.20209
-3.20554
-3.21014
-3.216
-3.22318
-3.23177
-3.24185
-3.25351
-3.26686
-3.28201
-3.29906
-3.31815
-3.33942
-3.36301
-3.3891
-3.41784
-3.44953
-3.48458
-3.52315
-3.56524
-3.61077
-3.6597
-3.71191
-3.7672
-3.82519
-3.88539
-3.94721
-4.01001
-4.07322
-4.13641
-4.19946
-4.26264
-4.32671
-4.39286
-4.46262
-4.53762
-4.61926
-4.70838
-4.805
-4.90839
-5.01626
-5.12615
-5.23649
-3.26708
-3.26954
-3.27149
-3.2745
-3.2785
-3.2836
-3.28989
-3.29744
-3.30634
-3.31667
-3.32854
-3.34204
-3.35728
-3.37438
-3.39346
-3.41466
-3.43813
-3.46402
-3.49254
-3.52406
-3.55889
-3.59718
-3.63892
-3.68403
-3.73253
-3.78435
-3.83929
-3.89701
-3.95701
-4.01871
-4.08145
-4.14464
-4.20785
-4.27097
-4.33435
-4.3988
-4.4656
-4.53637
-4.61278
-4.69625
-4.78759
-4.8867
-4.99249
-5.1036
-5.21782
-5.33183
-3.33702
-3.33949
-3.34203
-3.3456
-3.35014
-3.35572
-3.36242
-3.37033
-3.37954
-3.39013
-3.40222
-3.41589
-3.43126
-3.44845
-3.46757
-3.48875
-3.51217
-3.53798
-3.56642
-3.5978
-3.63239
-3.67033
-3.71156
-3.75613
-3.80407
-3.85534
-3.90975
-3.96698
-4.02653
-4.08782
-4.15021
-4.21313
-4.27621
-4.33943
-4.40321
-4.46845
-4.53649
-4.60893
-4.68739
-4.77317
-4.86696
-4.96863
-5.07711
-5.1909
-5.30875
-5.42766
-3.40581
-3.40823
-3.41134
-3.41545
-3.42049
-3.42651
-3.4336
-3.44185
-3.45135
-3.46221
-3.47452
-3.48838
-3.50391
-3.52121
-3.5404
-3.56162
-3.58503
-3.6108
-3.63916
-3.67034
-3.70457
-3.74197
-3.78259
-3.82654
-3.87387
-3.92455
-3.97839
-4.03507
-4.09412
-4.15495
-4.21693
-4.27954
-4.34246
-4.40578
-4.47002
-4.53618
-4.60565
-4.67999
-4.76071
-4.84896
-4.9453
-5.04961
-5.16093
-5.27786
-5.39885
-5.52173
-3.47351
-3.47585
-3.47951
-3.48413
-3.48962
-3.49604
-3.50348
-3.51203
-3.5218
-3.5329
-3.54541
-3.55945
-3.57511
-3.59252
-3.61178
-3.63303
-3.6564
-3.68208
-3.71025
-3.74112
-3.77487
-3.81166
-3.85164
-3.89494
-3.94164
-3.99172
-4.04502
-4.10121
-4.15983
-4.22028
-4.28194
-4.34429
-4.40711
-4.47054
-4.53522
-4.60224
-4.67305
-4.74918
-4.83205
-4.92265
-5.02145
-5.12828
-5.24237
-5.3624
-5.48672
-5.6128
-3.54006
-3.54257
-3.54666
-3.55174
-3.55763
-3.56439
-3.57213
-3.58094
-3.59094
-3.60223
-3.61491
-3.62908
-3.64485
-3.66233
-3.68161
-3.70283
-3.72611
-3.75161
-3.77949
-3.80995
-3.84316
-3.87933
-3.91865
-3.96128
-4.00733
-4.05682
-4.1096
-4.16536
-4.2236
-4.28373
-4.34512
-4.40728
-4.47001
-4.53355
-4.59862
-4.6664
-4.73838
-4.81607
-4.9008
-4.99348
-5.09447
-5.20361
-5.32021
-5.4431
-5.57054
-5.69972
-3.60566
-3.60838
-3.61284
-3.61832
-3.62456
-3.63162
-3.63961
-3.64864
-3.65882
-3.67025
-3.68305
-3.69732
-3.71315
-3.73064
-3.74989
-3.77101
-3.79413
-3.81937
-3.84689
-3.87687
-3.9095
-3.94502
-3.98364
-4.02558
-4.07097
-4.11986
-4.17212
-4.22743
-4.28531
-4.34513
-4.40626
-4.46821
-4.53084
-4.59445
-4.65984
-4.72825
-4.80118
-4.88014
-4.96637
-5.06069
-5.16344
-5.2745
-5.39327
-5.51869
-5.64892
-5.78087
-3.6704
-3.67331
-3.6781
-3.68391
-3.69045
-3.69776
-3.70595
-3.71515
-3.72547
-3.73701
-3.74988
-3.76419
-3.78003
-3.79748
-3.81664
-3.83761
-3.86049
-3.8854
-3.91249
-3.94193
-3.97394
-4.00876
-4.04664
-4.08783
-4.13251
-4.18075
-4.23245
-4.28729
-4.34477
-4.40425
-4.46508
-4.52679
-4.58927
-4.65288
-4.71847
-4.78734
-4.86097
-4.94083
-5.02808
-5.12351
-5.22746
-5.33989
-5.46034
-5.58783
-5.72046
-5.8549
-3.73434
-3.73741
-3.74247
-3.74856
-3.75533
-3.76284
-3.77119
-3.78051
-3.79091
-3.80251
-3.81541
-3.82971
-3.8455
-3.86286
-3.88187
-3.90262
-3.9252
-3.94972
-3.97632
-4.00517
-4.0365
-4.07056
-4.10765
-4.14803
-4.19193
-4.23944
-4.29048
-4.34475
-4.40174
-4.4608
-4.52127
-4.58269
-4.64496
-4.70847
-4.77412
-4.84323
-4.91724
-4.99756
-5.0853
-5.1812
-5.28567
-5.3988
-5.52029
-5.64926
-5.7838
-5.92049
-3.79755
-3.80074
-3.806
-3.8123
-3.81925
-3.82689
-3.83535
-3.84474
-3.85519
-3.86679
-3.87966
-3.8939
-3.90958
-3.92679
-3.94559
-3.96606
-3.98828
-4.01235
-4.03839
-4.0666
-4.09719
-4.13044
-4.16666
-4.20615
-4.24917
-4.29585
-4.34611
-4.39967
-4.45602
-4.51451
-4.57449
-4.6355
-4.69746
-4.76078
-4.82635
-4.89544
-4.96947
-5.04977
-5.13738
-5.23307
-5.33732
-5.45039
-5.57215
-5.70185
-5.83767
-5.97636
-3.86006
-3.86332
-3.86872
-3.87517
-3.88223
-3.88996
-3.89847
-3.90789
-3.91832
-3.92988
-3.94267
-3.95679
-3.97231
-3.9893
-4.00783
-4.02796
-4.04975
-4.0733
-4.09873
-4.12623
-4.15602
-4.18839
-4.22366
-4.26218
-4.30421
-4.3499
-4.39922
-4.45189
-4.50743
-4.56518
-4.62451
-4.68497
-4.74648
-4.80942
-4.87468
-4.94345
-5.01708
-5.09681
-5.18368
-5.27846
-5.38173
-5.49391
-5.61504
-5.74456
-5.8809
-6.02125
-3.92192
-3.92522
-3.9307
-3.93722
-3.94434
-3.9521
-3.96061
-3.96999
-3.98036
-3.99183
-4.00449
-4.01843
-4.03373
-4.05045
-4.06864
-4.08836
-4.10966
-4.13263
-4.15739
-4.18411
-4.21303
-4.24445
-4.27869
-4.31611
-4.35701
-4.40156
-4.44974
-4.50132
-4.55582
-4.61263
-4.67112
-4.73086
-4.79174
-4.85413
-4.91881
-4.9869
-5.05965
-5.13823
-5.22367
-5.31677
-5.41825
-5.52863
-5.64812
-5.77641
-5.91232
-6.0534
-3.9832
-3.9865
-3.99199
-3.99853
-4.00565
-4.01338
-4.02184
-4.03114
-4.0414
-4.05272
-4.06519
-4.07891
-4.09393
-4.11031
-4.1281
-4.14734
-4.16809
-4.19042
-4.21445
-4.24033
-4.26831
-4.29868
-4.33179
-4.36799
-4.4076
-4.45081
-4.49764
-4.54787
-4.60109
-4.65671
-4.71415
-4.77296
-4.83303
-4.89464
-4.95847
-5.02552
-5.0969
-5.17375
-5.25706
-5.34772
-5.44653
-5.55413
-5.67087
-5.79668
-5.93077
-6.07129
-4.04396
-4.04723
-4.05269
-4.05919
-4.06624
-4.0739
-4.08225
-4.09143
-4.10153
-4.11265
-4.12489
-4.13831
-4.153
-4.16898
-4.18631
-4.20502
-4.22516
-4.24679
-4.27001
-4.295
-4.32196
-4.3512
-4.38307
-4.41791
-4.45606
-4.49772
-4.54295
-4.59157
-4.64322
-4.69738
-4.75349
-4.81114
-4.87016
-4.93074
-4.99344
-5.05908
-5.12865
-5.2032
-5.28373
-5.37119
-5.46645
-5.57025
-5.68307
-5.80507
-5.93586
-6.07424
-4.10426
-4.10748
-4.11286
-4.11927
-4.12622
-4.13375
-4.14196
-4.15096
-4.16085
-4.17173
-4.18368
-4.19677
-4.21106
-4.22659
-4.24341
-4.26153
-4.28099
-4.30186
-4.32423
-4.34824
-4.37412
-4.40215
-4.43267
-4.46602
-4.50253
-4.54243
-4.58581
-4.63253
-4.6823
-4.73467
-4.78915
-4.84533
-4.90302
-4.9623
-5.02356
-5.08743
-5.15477
-5.22653
-5.30369
-5.38724
-5.4781
-5.57708
-5.68477
-5.80159
-5.92752
-6.06199
-4.16418
-4.16732
-4.17259
-4.17887
-4.18567
-4.19304
-4.20106
-4.20985
-4.21949
-4.23007
-4.24169
-4.25439
-4.26824
-4.28327
-4.29952
-4.31699
-4.33573
-4.35578
-4.37724
-4.40023
-4.42496
-4.45169
-4.48076
-4.51249
-4.5472
-4.58514
-4.62641
-4.67095
-4.71852
-4.76876
-4.82125
-4.87562
-4.93164
-4.98928
-5.04876
-5.11053
-5.17527
-5.24381
-5.31709
-5.39609
-5.48177
-5.57495
-5.67636
-5.78659
-5.90598
-6.03465
-4.22378
-4.22684
-4.23196
-4.23807
-4.2447
-4.25186
-4.25966
-4.26819
-4.27754
-4.2878
-4.29903
-4.3113
-4.32466
-4.33914
-4.35476
-4.37155
-4.38951
-4.4087
-4.42919
-4.4511
-4.47462
-4.5
-4.52753
-4.55752
-4.5903
-4.62609
-4.66503
-4.70711
-4.75216
-4.79992
-4.85005
-4.90221
-4.95616
-5.01178
-5.06912
-5.12844
-5.19023
-5.2552
-5.32419
-5.39813
-5.47794
-5.56447
-5.65848
-5.76072
-5.8718
-5.99239
-4.28311
-4.28608
-4.29103
-4.29695
-4.30337
-4.3103
-4.31785
-4.32609
-4.33512
-4.345
-4.35582
-4.36761
-4.38044
-4.39432
-4.40927
-4.42532
-4.44246
-4.46074
-4.48022
-4.50101
-4.52328
-4.54723
-4.57316
-4.60133
-4.63206
-4.66555
-4.70198
-4.74135
-4.7836
-4.82854
-4.87591
-4.92545
-4.9769
-5.03007
-5.08487
-5.14138
-5.19991
-5.26099
-5.32537
-5.39385
-5.46728
-5.54644
-5.63212
-5.72511
-5.82612
-5.93605
-4.34223
-4.3451
-4.34987
-4.35557
-4.36176
-4.36844
-4.3757
-4.38363
-4.3923
-4.40178
-4.41213
-4.42341
-4.43566
-4.4489
-4.46315
-4.47841
-4.49469
-4.51203
-4.53046
-4.55009
-4.57106
-4.59355
-4.61782
-4.64412
-4.6727
-4.7038
-4.73756
-4.77405
-4.81326
-4.85507
-4.89933
-4.94584
-4.99434
-5.0446
-5.09643
-5.14975
-5.20469
-5.26164
-5.32116
-5.3839
-5.45058
-5.52188
-5.59854
-5.68131
-5.77076
-5.86785
-4.40118
-4.40394
-4.40852
-4.414
-4.41993
-4.42633
-4.43329
-4.44088
-4.44915
-4.45819
-4.46806
-4.47879
-4.49043
-4.50299
-4.51649
-4.53093
-4.54631
-4.56266
-4.58002
-4.59846
-4.6181
-4.6391
-4.66168
-4.68606
-4.71247
-4.7411
-4.77211
-4.80559
-4.84157
-4.88003
-4.92087
-4.96395
-5.00908
-5.05598
-5.1044
-5.15414
-5.20519
-5.25775
-5.31222
-5.36906
-5.4288
-5.49199
-5.55925
-5.63116
-5.70818
-5.79107
-4.45998
-4.46265
-4.46703
-4.47226
-4.47793
-4.48404
-4.49067
-4.49789
-4.50575
-4.51432
-4.52366
-4.53381
-4.5448
-4.55665
-4.56937
-4.58295
-4.59741
-4.61275
-4.629
-4.64622
-4.66451
-4.68401
-4.70489
-4.72734
-4.75155
-4.7777
-4.80592
-4.83633
-4.86899
-4.90391
-4.9411
-4.98046
-5.02183
-5.06496
-5.10955
-5.15533
-5.20217
-5.25014
-5.29942
-5.35031
-5.40309
-5.45815
-5.51594
-5.57688
-5.64125
-5.70944
-4.51869
-4.52126
-4.52544
-4.53041
-4.5358
-4.5416
-4.54789
-4.55471
-4.56214
-4.57023
-4.57901
-4.58855
-4.59886
-4.60997
-4.62187
-4.63458
-4.64807
-4.66237
-4.67749
-4.69348
-4.71041
-4.7284
-4.74758
-4.76811
-4.79014
-4.81383
-4.83928
-4.86662
-4.89591
-4.92723
-4.96061
-4.99603
-5.03337
-5.07239
-5.11278
-5.15426
-5.1966
-5.23976
-5.28378
-5.32874
-5.37472
-5.42189
-5.47051
-5.52083
-5.5729
-5.62671
-4.57732
-4.5798
-4.58377
-4.58849
-4.59359
-4.59907
-4.60499
-4.61141
-4.61838
-4.62595
-4.63417
-4.64307
-4.65268
-4.66301
-4.67408
-4.68588
-4.6984
-4.71163
-4.72561
-4.74035
-4.75591
-4.77239
-4.78988
-4.80852
-4.82842
-4.84969
-4.87244
-4.89676
-4.92273
-4.95045
-4.97998
-5.01135
-5.04446
-5.07914
-5.11508
-5.15197
-5.18956
-5.22774
-5.26642
-5.30553
-5.34498
-5.38469
-5.42473
-5.46516
-5.50581
-5.54632
-4.63592
-4.63831
-4.64207
-4.64653
-4.65133
-4.65648
-4.66203
-4.66803
-4.67453
-4.68156
-4.68919
-4.69743
-4.70632
-4.71586
-4.72607
-4.73694
-4.74847
-4.76063
-4.77345
-4.78694
-4.80114
-4.81611
-4.83195
-4.84873
-4.86655
-4.88549
-4.90562
-4.92703
-4.94978
-4.97398
-4.99972
-5.02703
-5.05588
-5.0861
-5.11743
-5.14957
-5.18225
-5.2153
-5.2486
-5.28196
-5.31515
-5.34792
-5.38012
-5.41164
-5.44213
-5.47107
-4.69451
-4.69682
-4.70037
-4.70457
-4.70907
-4.71388
-4.71905
-4.72462
-4.73063
-4.73712
-4.74414
-4.75171
-4.75986
-4.7686
-4.77794
-4.78787
-4.79839
-4.80947
-4.82113
-4.83336
-4.84621
-4.85971
-4.87391
-4.88889
-4.90471
-4.92141
-4.93906
-4.95769
-4.97738
-4.9982
-5.02026
-5.04363
-5.06827
-5.09408
-5.1208
-5.14816
-5.17588
-5.20378
-5.2317
-5.25942
-5.28663
-5.31296
-5.3381
-5.36177
-5.38357
-5.40296
-4.75314
-4.75537
-4.75872
-4.76265
-4.76685
-4.77132
-4.7761
-4.78123
-4.78675
-4.79269
-4.79909
-4.80598
-4.81338
-4.82131
-4.82977
-4.83876
-4.84826
-4.85827
-4.86877
-4.87976
-4.89127
-4.90331
-4.91593
-4.92917
-4.94306
-4.95764
-4.97293
-4.98896
-5.00576
-5.02342
-5.04201
-5.06161
-5.08222
-5.10375
-5.126
-5.1487
-5.17157
-5.19443
-5.2171
-5.23936
-5.26089
-5.28126
-5.30005
-5.31693
-5.33149
-5.34329
-4.81184
-4.814
-4.81715
-4.82082
-4.82472
-4.82885
-4.83324
-4.83792
-4.84294
-4.84832
-4.8541
-4.8603
-4.86696
-4.87407
-4.88165
-4.8897
-4.89819
-4.90712
-4.91648
-4.92625
-4.93644
-4.94707
-4.95815
-4.96971
-4.98178
-4.99435
-5.00743
-5.02103
-5.03517
-5.04988
-5.06525
-5.08134
-5.09817
-5.11568
-5.13369
-5.15197
-5.17025
-5.18833
-5.20602
-5.22312
-5.23932
-5.25423
-5.26738
-5.27841
-5.28704
-5.29292
-4.87067
-4.87275
-4.87571
-4.87913
-4.88273
-4.88651
-4.89051
-4.89475
-4.89927
-4.90409
-4.90924
-4.91476
-4.92066
-4.92696
-4.93367
-4.94077
-4.94827
-4.95614
-4.96437
-4.97294
-4.98185
-4.99111
-5.00071
-5.01067
-5.021
-5.03168
-5.04271
-5.05407
-5.06576
-5.07779
-5.09022
-5.1031
-5.11645
-5.13024
-5.14434
-5.15853
-5.17258
-5.18626
-5.19938
-5.21176
-5.22312
-5.23309
-5.24127
-5.24731
-5.25108
-5.25236
-4.92967
-4.93168
-4.93445
-4.93762
-4.94093
-4.94437
-4.94798
-4.95178
-4.95579
-4.96005
-4.96458
-4.96941
-4.97456
-4.98006
-4.9859
-4.99208
-4.99859
-5.00542
-5.01255
-5.01996
-5.02763
-5.03556
-5.04374
-5.05218
-5.06087
-5.06979
-5.07891
-5.08822
-5.09768
-5.10729
-5.11708
-5.12707
-5.13729
-5.14773
-5.15828
-5.16877
-5.17899
-5.18873
-5.1978
-5.20599
-5.21307
-5.21873
-5.22261
-5.22444
-5.2242
-5.22178
-4.98889
-4.99083
-4.99342
-4.99634
-4.99936
-5.00247
-5.0057
-5.00905
-5.01257
-5.01627
-5.02018
-5.02433
-5.02874
-5.03344
-5.03842
-5.0437
-5.04925
-5.05506
-5.06112
-5.0674
-5.07388
-5.08054
-5.08738
-5.09438
-5.10152
-5.1088
-5.11617
-5.1236
-5.13105
-5.1385
-5.14594
-5.15338
-5.16085
-5.16831
-5.17571
-5.18292
-5.18976
-5.19603
-5.20156
-5.20615
-5.20959
-5.21162
-5.21191
-5.21027
-5.20673
-5.20119
-5.04837
-5.05025
-5.05266
-5.05535
-5.05809
-5.06088
-5.06372
-5.06664
-5.06966
-5.07281
-5.07611
-5.07959
-5.08328
-5.08719
-5.09134
-5.09573
-5.10035
-5.10518
-5.1102
-5.1154
-5.12074
-5.1262
-5.13176
-5.13741
-5.14312
-5.14887
-5.15462
-5.16034
-5.16598
-5.1715
-5.17689
-5.18212
-5.18719
-5.19209
-5.19676
-5.20112
-5.20502
-5.2083
-5.21081
-5.21236
-5.21278
-5.21183
-5.20925
-5.20487
-5.19868
-5.19059
-5.10819
-5.11
-5.11223
-5.11469
-5.11717
-5.11964
-5.12211
-5.1246
-5.12714
-5.12974
-5.13245
-5.13528
-5.13826
-5.14141
-5.14475
-5.14828
-5.15199
-5.15587
-5.15991
-5.16407
-5.16833
-5.17265
-5.17703
-5.18142
-5.1858
-5.19014
-5.19442
-5.19858
-5.2026
-5.20641
-5.20999
-5.21332
-5.21636
-5.21909
-5.22146
-5.2234
-5.22482
-5.22557
-5.22554
-5.22457
-5.22253
-5.2192
-5.21438
-5.20792
-5.19975
-5.18983
-5.16839
-5.17012
-5.17218
-5.17443
-5.17666
-5.17882
-5.18093
-5.183
-5.18506
-5.18713
-5.18925
-5.19145
-5.19375
-5.19617
-5.19873
-5.20143
-5.20427
-5.20725
-5.21034
-5.21352
-5.21676
-5.22003
-5.22329
-5.22652
-5.22969
-5.23275
-5.23569
-5.23845
-5.241
-5.2433
-5.24531
-5.24699
-5.24831
-5.24924
-5.24972
-5.24969
-5.24907
-5.24776
-5.24565
-5.24265
-5.23862
-5.23342
-5.22689
-5.21888
-5.20938
-5.19836
-5.229
-5.23065
-5.23255
-5.23462
-5.23662
-5.23849
-5.24024
-5.2419
-5.24349
-5.24504
-5.24659
-5.24817
-5.24981
-5.25153
-5.25334
-5.25526
-5.25728
-5.25939
-5.26159
-5.26385
-5.26613
-5.26841
-5.27066
-5.27282
-5.27488
-5.2768
-5.27852
-5.28004
-5.28129
-5.28225
-5.28288
-5.28315
-5.28302
-5.28245
-5.2814
-5.2798
-5.27758
-5.27465
-5.27093
-5.26634
-5.26079
-5.25417
-5.24635
-5.23726
-5.22693
-5.21533
-5.29004
-5.29162
-5.2934
-5.29532
-5.2971
-5.29869
-5.3001
-5.30134
-5.30247
-5.30351
-5.30451
-5.3055
-5.30651
-5.30756
-5.30867
-5.30984
-5.31108
-5.31238
-5.31374
-5.31513
-5.31652
-5.31789
-5.31919
-5.3204
-5.32146
-5.32235
-5.32301
-5.32342
-5.32354
-5.32334
-5.32277
-5.32183
-5.32047
-5.31866
-5.31637
-5.31353
-5.31007
-5.30593
-5.30103
-5.29529
-5.28865
-5.28103
-5.27236
-5.26259
-5.25179
-5.23993
-5.35158
-5.35311
-5.35481
-5.35661
-5.3582
-5.35951
-5.36056
-5.36139
-5.36206
-5.3626
-5.36307
-5.36349
-5.36391
-5.36433
-5.36477
-5.36525
-5.36577
-5.36631
-5.36688
-5.36746
-5.36802
-5.36855
-5.36899
-5.36932
-5.3695
-5.36948
-5.36922
-5.36868
-5.36783
-5.36663
-5.36505
-5.36308
-5.36069
-5.35785
-5.35455
-5.35073
-5.34633
-5.34131
-5.33557
-5.32907
-5.32175
-5.31354
-5.3044
-5.29432
-5.28335
-5.27147
-5.41381
-5.41524
-5.41685
-5.41859
-5.41999
-5.421
-5.42168
-5.4221
-5.4223
-5.42236
-5.42232
-5.42221
-5.42207
-5.4219
-5.42174
-5.42157
-5.42141
-5.42126
-5.42111
-5.42094
-5.42073
-5.42048
-5.42013
-5.41967
-5.41905
-5.41824
-5.41718
-5.41583
-5.41416
-5.41214
-5.40973
-5.40692
-5.40369
-5.40003
-5.39591
-5.39132
-5.38621
-5.38054
-5.37425
-5.36729
-5.3596
-5.35115
-5.34188
-5.33181
-5.32096
-5.30934
-5.47658
-5.47807
-5.47957
-5.4813
-5.48254
-5.48324
-5.48353
-5.48351
-5.48326
-5.48284
-5.48231
-5.4817
-5.48104
-5.48034
-5.47961
-5.47886
-5.47809
-5.4773
-5.47648
-5.47563
-5.47472
-5.47375
-5.47269
-5.47151
-5.47018
-5.46866
-5.4669
-5.46488
-5.46254
-5.45985
-5.45679
-5.45332
-5.44944
-5.44514
-5.44041
-5.43524
-5.4296
-5.42349
-5.41684
-5.40963
-5.40182
-5.39337
-5.38424
-5.37443
-5.36398
-5.35289
-5.5388
-5.54164
-5.54316
-5.54495
-5.546
-5.54633
-5.54618
-5.54569
-5.54497
-5.5441
-5.54311
-5.54204
-5.5409
-5.53971
-5.53848
-5.5372
-5.53588
-5.53452
-5.5331
-5.53162
-5.53008
-5.52847
-5.52675
-5.52492
-5.52295
-5.5208
-5.51844
-5.51584
-5.51295
-5.50973
-5.50616
-5.50221
-5.49786
-5.4931
-5.48794
-5.48238
-5.4764
-5.47
-5.46317
-5.45588
-5.44811
-5.43983
-5.43101
-5.42165
-5.41179
-5.40143
-5.59989
-5.60663
-5.60822
-5.60989
-5.61054
-5.61034
-5.60964
-5.60865
-5.60746
-5.60614
-5.60472
-5.60322
-5.60166
-5.60004
-5.59835
-5.59661
-5.5948
-5.59293
-5.59098
-5.58896
-5.58686
-5.58466
-5.58237
-5.57996
-5.57741
-5.57471
-5.57181
-5.56871
-5.56535
-5.5617
-5.55774
-5.55344
-5.54877
-5.54373
-5.53832
-5.53254
-5.52639
-5.51988
-5.51301
-5.50579
-5.49819
-5.49022
-5.48184
-5.47305
-5.46388
-5.45431
-5.66305
-5.67439
-5.67494
-5.67598
-5.67601
-5.67513
-5.67381
-5.67229
-5.67065
-5.66891
-5.6671
-5.66522
-5.66327
-5.66126
-5.65918
-5.65702
-5.65479
-5.65247
-5.65007
-5.64757
-5.64498
-5.64229
-5.63949
-5.63657
-5.63352
-5.63032
-5.62696
-5.62342
-5.61966
-5.61566
-5.61139
-5.60683
-5.60196
-5.59676
-5.59124
-5.58539
-5.57924
-5.57278
-5.56604
-5.55902
-5.55174
-5.54418
-5.53635
-5.52823
-5.51981
-5.51103
-5.72892
-5.74871
-5.7448
-5.74374
-5.74291
-5.74138
-5.73946
-5.73744
-5.73536
-5.73323
-5.73104
-5.7288
-5.72651
-5.72414
-5.72171
-5.71919
-5.71659
-5.71389
-5.7111
-5.7082
-5.70519
-5.70207
-5.69883
-5.69547
-5.69199
-5.68836
-5.68459
-5.68065
-5.67654
-5.67222
-5.66769
-5.66292
-5.6579
-5.65261
-5.64707
-5.64126
-5.63521
-5.62893
-5.62244
-5.61576
-5.60892
-5.60191
-5.59474
-5.5874
-5.57981
-5.57187
-5.77031
-5.84468
-5.82939
-5.81798
-5.81339
-5.81048
-5.80767
-5.80496
-5.80234
-5.79978
-5.79722
-5.79463
-5.79201
-5.78934
-5.7866
-5.78378
-5.78087
-5.77787
-5.77476
-5.77154
-5.7682
-5.76474
-5.76116
-5.75745
-5.75361
-5.74963
-5.74551
-5.74125
-5.73683
-5.73225
-5.72749
-5.72256
-5.71743
-5.71212
-5.70662
-5.70094
-5.6951
-5.68912
-5.68303
-5.67684
-5.6706
-5.6643
-5.65797
-5.65156
-5.64498
-5.63803
-5.74308
-5.97767
-5.92753
-5.89208
-5.87975
-5.87359
-5.86892
-5.86505
-5.86168
-5.85856
-5.85557
-5.85262
-5.84968
-5.84671
-5.84368
-5.84058
-5.83739
-5.83411
-5.83072
-5.82721
-5.82359
-5.81984
-5.81597
-5.81197
-5.80784
-5.80358
-5.79919
-5.79468
-5.79005
-5.78529
-5.78041
-5.77543
-5.77034
-5.76515
-5.75989
-5.75456
-5.74919
-5.74381
-5.73842
-5.73307
-5.72776
-5.72249
-5.71724
-5.71192
-5.7063
-5.69998
-87.4967
2.51269
5.47458
5.87305
1.23711
-8.15465
5.26987
6.48801
119.659
29.7143
0.99165
3.02157
141.838
60.5922
20.8454
0.788534
123.113
66.751
34.4225
12.7876
102.351
61.6529
34.923
17.1773
80.5206
50.4377
28.3145
13.2227
56.2857
34.9258
17.8984
5.50994
30.811
16.9804
5.14262
-4.07005
4.99056
-2.21882
-9.07644
-14.8768
-21.2741
-22.098
-24.0932
-26.414
-49.4762
-43.3365
-39.8478
-38.3634
-74.8301
-66.041
-57.2607
-51.3659
-61.3627
-72.1653
-69.9662
-64.486
-16.3484
-31.4773
-46.4214
-59.8682
-4.83414
-6.75048
-11.8312
-22.403
-3.95445
-4.20919
-4.91573
-5.93896
-4.04573
-4.1306
-4.27675
-4.48304
-4.17764
-4.27467
-4.37131
-4.46137
-4.26016
-4.36999
-4.48121
-4.58033
-4.33463
-4.44286
-4.55314
-4.65986
-4.41059
-4.51496
-4.62046
-4.72462
-4.48722
-4.58825
-4.68971
-4.78984
-4.56436
-4.66261
-4.76068
-4.85707
-4.64223
-4.73832
-4.8337
-4.92698
-4.72115
-4.81573
-4.90926
-5.00038
-4.80161
-4.89536
-4.98783
-5.07771
-4.88419
-4.97784
-5.0699
-5.15914
-4.96941
-5.06363
-5.15587
-5.24481
-5.05757
-5.15292
-5.24588
-5.33486
-5.14859
-5.24547
-5.3397
-5.42914
-5.24249
-5.34096
-5.43664
-5.52675
-5.34052
-5.44015
-5.53682
-5.627
-5.44148
-5.54354
-5.64036
-5.72958
-5.54153
-5.64671
-5.74482
-5.83268
-5.63909
-5.7476
-5.84696
-5.93328
-5.73354
-5.84457
-5.94458
-6.029
-5.82321
-5.93602
-6.03612
-6.11827
-5.90672
-6.02109
-6.12166
-6.2027
-5.98306
-6.09951
-6.20216
-6.28485
-6.05111
-6.17036
-6.27617
-6.36167
-6.10972
-6.23262
-6.34305
-6.43459
-6.15755
-6.28522
-6.40308
-6.50545
-6.19232
-6.32493
-6.4505
-6.56182
-6.21169
-6.34828
-6.48029
-6.6012
-6.21457
-6.35366
-6.49133
-6.62224
-6.20039
-6.34014
-6.48153
-6.62031
-6.16904
-6.30745
-6.45097
-6.59639
-6.11997
-6.25388
-6.39617
-6.54496
-6.05337
-6.17809
-6.31309
-6.45768
-5.97154
-6.08215
-6.20292
-6.33404
-5.87873
-5.97154
-6.07245
-6.18177
-5.78009
-5.85345
-5.93194
-6.01552
-5.68074
-5.73517
-5.79179
-5.85032
-5.58528
-5.62284
-5.66015
-5.6968
-5.4973
-5.52094
-5.54253
-5.56156
-5.4191
-5.43195
-5.44161
-5.4475
-5.35171
-5.35652
-5.35751
-5.35418
-5.29549
-5.2944
-5.28925
-5.27971
-5.25053
-5.24522
-5.23588
-5.22239
-5.2166
-5.20835
-5.19636
-5.18052
-5.19334
-5.18295
-5.16929
-5.15221
-5.1806
-5.16854
-5.15376
-5.13603
-5.17829
-5.16502
-5.14943
-5.13137
-5.18591
-5.17194
-5.1559
-5.13781
-5.20249
-5.18829
-5.17225
-5.15454
-5.22702
-5.21299
-5.19741
-5.18053
-5.25876
-5.2452
-5.23046
-5.21476
-5.29711
-5.28429
-5.27061
-5.25622
-5.34138
-5.32948
-5.31692
-5.30382
-5.39077
-5.37982
-5.36834
-5.35645
-5.44449
-5.43441
-5.42387
-5.4131
-5.50197
-5.49264
-5.48286
-5.47303
-5.56358
-5.55485
-5.54525
-5.53528
-5.63056
-5.62175
-5.60948
-5.59341
-5.69237
-5.68191
-5.66417
-5.63701
6.50694
6.62949
6.66505
6.66917
6.66984
6.6705
6.66938
6.66704
6.66475
6.6625
6.66029
6.65798
6.65526
6.65185
6.64753
6.64211
6.63549
6.62762
6.61843
6.60791
6.59621
6.58353
6.57011
6.55621
6.54211
6.52802
6.51403
6.50015
6.48642
6.47288
6.45973
6.44728
6.43593
6.42603
6.41781
6.41141
6.40683
6.40417
6.40354
6.40433
6.66429
6.60898
6.6303
6.62195
6.62117
6.62454
6.62394
6.62062
6.61779
6.61537
6.61326
6.6113
6.60902
6.60608
6.60222
6.59719
6.59087
6.5832
6.57403
6.56336
6.55131
6.53811
6.52398
6.50924
6.49419
6.47908
6.46407
6.44921
6.4345
6.41997
6.4058
6.39234
6.38009
6.36952
6.36092
6.35434
6.34969
6.34703
6.34649
6.34743
6.63669
6.7293
6.66708
6.58684
6.57487
6.58149
6.58231
6.57729
6.57313
6.56967
6.56698
6.565
6.56298
6.56041
6.55696
6.55233
6.54638
6.53897
6.52993
6.51917
6.50681
6.49305
6.47816
6.46244
6.44625
6.42988
6.41355
6.39738
6.38141
6.36569
6.35039
6.33588
6.32269
6.3114
6.30235
6.29553
6.29079
6.28811
6.28768
6.28877
-4.58363
5.75464
6.79869
6.65444
6.57725
6.55708
6.54728
6.53682
6.53159
6.5269
6.52275
6.52008
6.51779
6.51518
6.51188
6.50756
6.50195
6.49487
6.48606
6.47534
6.46273
6.44841
6.43267
6.41585
6.39832
6.38044
6.36249
6.34466
6.32709
6.30993
6.29336
6.27774
6.26362
6.25158
6.24201
6.23489
6.22999
6.22727
6.22697
6.22826
-5.76314
-8.70926
0.757506
6.32614
6.66306
6.64273
6.55081
6.50323
6.49074
6.48706
6.48169
6.47789
6.47468
6.47121
6.46741
6.46297
6.45757
6.45082
6.44233
6.43177
6.41902
6.40418
6.38753
6.36945
6.35038
6.33074
6.31088
6.29108
6.27157
6.25264
6.23459
6.2178
6.20273
6.18993
6.17979
6.17228
6.16715
6.1644
6.16426
6.16576
1.47574
-7.57965
-9.67123
-6.62837
4.25606
6.76073
6.58273
6.5164
6.47763
6.45382
6.44369
6.43957
6.43529
6.42972
6.42433
6.41897
6.4133
6.40677
6.39866
6.38838
6.37562
6.36032
6.34272
6.32325
6.30241
6.28074
6.25869
6.23661
6.21485
6.19383
6.17404
6.15593
6.13988
6.12631
6.11554
6.10754
6.10212
6.09931
6.09937
6.10114
1.37619
-6.41354
-10.5046
-13.4564
-10.4714
-2.39873
5.78078
6.60308
6.55205
6.4627
6.41883
6.40702
6.40077
6.39203
6.38354
6.37619
6.36947
6.36273
6.35497
6.3451
6.33243
6.31675
6.29822
6.27724
6.25441
6.23041
6.20585
6.1812
6.15689
6.13349
6.11169
6.09204
6.07491
6.06052
6.04905
6.04049
6.0347
6.03185
6.03215
6.03422
-4.25629
-10.9065
-13.7323
-15.331
-14.8832
-13.697
-8.32661
2.83368
6.55374
6.46296
6.41594
6.39567
6.37405
6.35882
6.34605
6.33524
6.3265
6.31896
6.31127
6.30187
6.28942
6.27342
6.25394
6.23138
6.20637
6.17973
6.15231
6.12476
6.09763
6.07158
6.04748
6.02605
6.00766
5.99235
5.9801
5.97087
5.96468
5.9618
5.96241
5.96482
-11.8224
-17.5529
-20.0592
-20.47
-19.0853
-17.7239
-15.866
-10.9397
-2.63848
5.64466
6.43832
6.43197
6.38103
6.34087
6.31399
6.29715
6.28489
6.27573
6.26776
6.25872
6.2466
6.23031
6.20982
6.18556
6.1582
6.12866
6.09801
6.06719
6.03692
6.00797
5.98131
5.95783
5.93794
5.92154
5.90839
5.89844
5.89181
5.88893
5.8899
5.89271
-20.3044
-24.7534
-26.932
-27.2428
-25.8281
-23.2579
-20.3704
-17.3934
-14.3334
-6.69587
4.07805
6.39392
6.40657
6.34176
6.29555
6.26472
6.24576
6.23349
6.22465
6.21585
6.20403
6.18746
6.16581
6.13965
6.10974
6.07706
6.04285
6.00836
5.9746
5.94247
5.91301
5.8872
5.86554
5.84782
5.83364
5.82288
5.81581
5.81297
5.81437
5.81763
-29.2989
-32.1458
-33.6142
-33.7501
-32.6081
-30.2311
-26.8712
-22.8968
-19.6405
-16.0828
-8.77489
1.55154
6.1389
6.32053
6.28303
6.24222
6.21266
6.19374
6.18252
6.17353
6.16192
6.14491
6.12189
6.0935
6.06075
6.02468
5.98661
5.94807
5.91043
5.87482
5.84229
5.81389
5.79017
5.77089
5.75552
5.74388
5.73636
5.73362
5.73552
5.73928
-38.4368
-39.4147
-39.9058
-39.6572
-38.5947
-36.6291
-33.7219
-29.8291
-25.4259
-21.2941
-17.0458
-10.5047
-0.285093
5.84367
6.21436
6.21788
6.18586
6.16015
6.14335
6.13255
6.1206
6.1028
6.07799
6.04694
6.01093
5.97116
5.92895
5.88601
5.8441
5.80466
5.7688
5.73753
5.71147
5.69039
5.67366
5.66107
5.65312
5.65055
5.65301
5.65732
-47.8945
-46.4468
-45.6131
-44.8083
-43.6832
-42.0065
-39.6144
-36.3549
-32.2065
-27.3842
-22.464
-18.0949
-11.6437
-0.920747
5.62717
6.11169
6.15069
6.13065
6.11038
6.0952
6.08082
6.06126
6.03398
5.99966
5.95985
5.91596
5.86933
5.8217
5.77519
5.73157
5.69207
5.65768
5.62901
5.60589
5.58766
5.57409
5.56573
5.56337
5.56647
5.57137
-58.1901
-53.8048
-50.9962
-49.1881
-47.7623
-46.2684
-44.3453
-41.7447
-38.3109
-33.9674
-28.8288
-23.633
-18.9803
-11.8697
-0.536388
5.50652
6.01708
6.08648
6.07823
6.06202
6.04343
6.02018
5.98943
5.95112
5.90689
5.85839
5.80701
5.75446
5.70309
5.655
5.61157
5.57379
5.54229
5.51693
5.49708
5.48252
5.47379
5.47169
5.47547
5.48102
-61.9638
-59.9251
-56.3815
-53.3063
-51.083
-49.424
-47.8347
-45.8788
-43.235
-39.7037
-35.1973
-29.8863
-24.4548
-19.3575
-11.1432
0.486243
5.44268
5.95013
6.03151
6.0252
6.00508
5.97809
5.94331
5.90043
5.85118
5.79753
5.74105
5.68342
5.62704
5.57426
5.52666
5.48527
5.45072
5.42297
5.40144
5.38588
5.37684
5.37507
5.37958
5.38581
-35.419
-50.0619
-55.3639
-55.8376
-53.9593
-51.9116
-50.263
-48.7171
-46.8479
-44.2237
-40.6027
-35.9358
-30.4008
-24.7073
-19.0768
-9.44765
1.94412
5.42192
5.91957
5.97473
5.95854
5.93043
5.8933
5.84622
5.79158
5.73225
5.67031
5.60748
5.54606
5.48851
5.4366
5.39142
5.35367
5.32342
5.30018
5.28369
5.2744
5.27301
5.27832
5.28527
-9.44099
-17.7976
-30.0058
-44.961
-51.2639
-52.8917
-51.9585
-50.574
-49.2035
-47.4106
-44.7844
-41.028
-36.1074
-30.2578
-24.3063
-17.8873
-6.44437
3.53544
5.43181
5.86186
5.89302
5.8729
5.83617
5.78645
5.72657
5.66113
5.59342
5.52538
5.45902
5.39676
5.34053
5.29151
5.25048
5.21768
5.19274
5.17539
5.16594
5.165
5.17116
5.17888
-4.97805
-5.84132
-8.70927
-15.9794
-28.3114
-43.2207
-49.5432
-51.2157
-50.6254
-49.4105
-47.661
-44.9488
-40.9325
-35.6367
-29.4877
-23.4321
-15.3356
-2.28357
4.63403
5.56164
5.78335
5.79926
5.7689
5.71827
5.6539
5.58236
5.50877
5.43559
5.36455
5.29785
5.23748
5.18471
5.14045
5.10513
5.07855
5.06042
5.05091
5.05051
5.05759
5.06611
-4.57776
-4.78055
-5.21629
-5.99413
-8.72899
-16.5911
-31.2352
-44.5143
-49.7616
-50.3892
-49.4277
-47.6585
-44.68
-40.2345
-34.5099
-28.2319
-21.8919
-10.8103
1.66584
4.93368
5.61024
5.70348
5.68606
5.63748
5.57062
5.49375
5.41446
5.3364
5.26112
5.19048
5.12635
5.07012
5.02284
4.98515
4.95704
4.93823
4.92876
4.92898
4.93705
4.94644
-4.67197
-4.772
-4.87629
-5.05456
-5.4658
-6.29296
-10.044
-21.2838
-38.4816
-47.6574
-50.0608
-49.3833
-47.3401
-43.8605
-38.8459
-32.6983
-26.321
-18.4318
-4.3781
3.94747
5.22042
5.55675
5.58056
5.53997
5.47328
5.3926
5.30832
5.22591
5.14707
5.07319
5.00596
4.94678
4.89686
4.85709
4.82764
4.8083
4.79897
4.79989
4.80903
4.81931
-4.76719
-4.86982
-4.95522
-5.04142
-5.13036
-5.29904
-5.76965
-7.34442
-15.4604
-32.704
-46.1711
-49.9805
-49.1471
-46.5298
-42.3454
-36.7043
-30.3129
-23.6429
-11.8183
1.10548
4.54376
5.33841
5.44162
5.41976
5.35782
5.27578
5.18795
5.10213
5.02065
4.94449
4.87503
4.81365
4.76171
4.7203
4.68982
4.67011
4.66104
4.66275
4.67301
4.68421
-4.83169
-4.93784
-5.03543
-5.12242
-5.19078
-5.26056
-5.34781
-5.51696
-6.33178
-12.3089
-30.1218
-45.8084
-49.9402
-48.4648
-44.995
-39.989
-33.8175
-27.3321
-18.6233
-3.45873
3.83695
4.97901
5.25258
5.27194
5.22064
5.1403
5.05092
4.96314
4.88023
4.80295
4.73235
4.66973
4.61656
4.57413
4.54303
4.52321
4.51453
4.51713
4.52854
4.54067
-4.89231
-4.9945
-5.0906
-5.17964
-5.25951
-5.32817
-5.37769
-5.41533
-5.56489
-6.1202
-11.4541
-30.4891
-46.7277
-49.6752
-46.9683
-42.497
-36.7425
-30.4174
-23.3076
-9.08139
2.21309
4.41449
5.01903
5.09377
5.05751
4.98301
4.89488
4.80709
4.72431
4.64732
4.57686
4.51412
4.46068
4.41798
4.3868
4.36719
4.35909
4.36265
4.37523
4.38828
-4.95529
-5.05295
-5.14419
-5.22909
-5.3078
-5.37941
-5.44133
-5.4884
-5.54595
-5.60824
-5.91005
-12.6111
-34.4915
-48.3074
-48.4212
-44.3112
-38.9646
-32.8245
-26.1894
-14.6546
-0.594435
3.73529
4.7268
4.87506
4.86478
4.8013
4.71764
4.63232
4.55158
4.47655
4.40768
4.3461
4.29347
4.25138
4.22073
4.20174
4.19443
4.19905
4.2128
4.22673
-5.02164
-5.11529
-5.20201
-5.28187
-5.35525
-5.42293
-5.48601
-5.54366
-5.60161
-5.64234
-5.67512
-6.30211
-17.8239
-41.1321
-48.7229
-45.6291
-40.4721
-34.5793
-28.2958
-18.8596
-3.46275
3.16362
4.35971
4.61243
4.64005
4.5925
4.51736
4.43742
4.36103
4.28981
4.22413
4.1651
4.11449
4.07397
4.04457
4.02666
4.02042
4.02619
4.04108
4.05582
-5.0924
-5.18264
-5.26488
-5.33926
-5.40645
-5.46774
-5.5256
-5.58141
-5.63763
-5.68543
-5.69717
-5.73737
-7.71046
-27.5617
-46.3176
-46.5379
-41.3836
-35.6706
-29.6952
-21.5373
-6.22797
2.3487
3.9114
4.31826
4.38397
4.35566
4.29296
4.22165
4.1521
4.08669
4.02586
3.97082
3.92348
3.88556
3.85819
3.84191
3.83704
3.84406
3.86004
3.87551
-5.16801
-5.25551
-5.33349
-5.40185
-5.46174
-5.51557
-5.56609
-5.61607
-5.66597
-5.71341
-5.74284
-5.73468
-5.95231
-14.8748
-39.8574
-46.2626
-41.7817
-36.1213
-30.4065
-23.1153
-8.69618
1.16581
3.42671
3.99136
4.09673
4.09096
4.04476
3.98516
3.92499
3.86737
3.813
3.76337
3.7205
3.68619
3.66166
3.64757
3.64442
3.65281
3.6698
3.68591
-5.2483
-5.33354
-5.40767
-5.47022
-5.52233
-5.56726
-5.60931
-5.6512
-5.69445
-5.73743
-5.7664
-5.76077
-5.91467
-8.84951
-30.5258
-44.2143
-41.6147
-35.9341
-30.3915
-23.5905
-10.4044
-0.00926916
2.92234
3.63392
3.77986
3.80075
3.77421
3.72922
3.68068
3.63263
3.58621
3.54325
3.50595
3.47619
3.45525
3.44394
3.44285
3.45273
3.47067
3.48729
-5.333
-5.41616
-5.48682
-5.54408
-5.58876
-5.62411
-5.65561
-5.68833
-5.72372
-5.76136
-5.79177
-5.79056
-5.85893
-6.49243
-21.5871
-40.8831
-40.838
-35.1783
-29.7118
-23.1147
-10.9458
-0.857834
2.47317
3.26111
3.43896
3.48768
3.48367
3.45575
3.42074
3.38374
3.34653
3.31134
3.28057
3.25619
3.23955
3.23152
3.2328
3.24427
3.26308
3.2801
-5.42212
-5.5031
-5.57024
-5.62232
-5.65981
-5.68564
-5.70554
-5.72702
-5.75443
-5.78612
-5.81749
-5.82574
-5.82331
-5.94272
-15.662
-37.2911
-39.5772
-34.0263
-28.5507
-22.033
-10.5252
-1.24061
2.09314
2.88143
3.08118
3.15746
3.17685
3.16739
3.14729
3.1224
3.09531
3.06877
3.04537
3.02711
3.01535
3.01101
3.01491
3.02805
3.04766
3.06494
-5.51556
-5.59395
-5.65675
-5.70282
-5.73258
-5.74881
-5.75734
-5.76668
-5.78417
-5.80935
-5.83696
-5.84434
-5.82188
-5.97626
-12.6057
-34.0007
-37.999
-32.4736
-26.8711
-20.2213
-9.26675
-1.27326
1.76204
2.50324
2.71776
2.81848
2.85912
2.86796
2.86316
2.8508
2.83427
2.81694
2.80157
2.79007
2.78363
2.78325
2.78994
2.80482
2.82515
2.84258
-5.61229
-5.68754
-5.74486
-5.78345
-5.8043
-5.81044
-5.80757
-5.80451
-5.80996
-5.82663
-5.85081
-5.85382
-5.83767
-6.04857
-12.4628
-32.1653
-35.9889
-30.2504
-24.4964
-17.4006
-7.32142
-1.10393
1.45507
2.13152
2.35737
2.47767
2.53581
2.56134
2.57127
2.57129
2.56538
2.55756
2.55072
2.54639
2.54552
2.54918
2.55875
2.57542
2.59643
2.61387
-5.71096
-5.78209
-5.83293
-5.86318
-5.87473
-5.87108
-5.85744
-5.84159
-5.83287
-5.83916
-5.85388
-5.85136
-5.87783
-6.27807
-13.5737
-30.774
-33.1277
-27.3388
-21.353
-13.5959
-5.26798
-0.743415
1.17542
1.77151
2.00492
2.13851
2.21048
2.25086
2.2745
2.28643
2.29108
2.29291
2.29472
2.29759
2.30222
2.30992
2.32236
2.34081
2.36242
2.3798
-5.81047
-5.87605
-5.91964
-5.94181
-5.94503
-5.9331
-5.91051
-5.8833
-5.86169
-5.85423
-5.85933
-5.86181
-5.96234
-6.91321
-16.133
-30.1593
-29.6143
-23.8319
-17.6097
-9.43543
-3.66194
-0.347307
0.953429
1.43417
1.66396
1.80371
1.88624
1.94004
1.97631
1.99947
2.01447
2.02577
2.03575
2.04526
2.05507
2.06669
2.08195
2.10203
2.12406
2.14127
-5.90945
-5.9681
-6.00374
-6.01839
-6.01457
-5.9957
-5.96601
-5.93
-5.89665
-5.8782
-5.87714
-5.91329
-6.25343
-8.64817
-20.6423
-29.4955
-25.5414
-19.5946
-13.0254
-5.36019
-2.48007
-0.176106
0.762226
1.12511
1.33634
1.47563
1.56682
1.63227
1.6798
1.71367
1.73863
1.75857
1.77562
1.79085
1.80541
1.82088
1.83883
1.86018
1.88221
1.89899
-6.00573
-6.0568
-6.08389
-6.09158
-6.08166
-6.05615
-6.01921
-5.97502
-5.93032
-5.90646
-5.92513
-6.07887
-7.14441
-13.4091
-25.2264
-26.624
-20.724
-14.5589
-7.40125
-2.5201
-1.57083
-0.165947
0.535362
0.821674
1.01916
1.15609
1.25462
1.33001
1.38746
1.43104
1.46494
1.49236
1.51541
1.53564
1.55459
1.57371
1.59412
1.61636
1.63792
1.65391
-6.09682
-6.14134
-6.16196
-6.16278
-6.14684
-6.11559
-6.0723
-6.01689
-5.95881
-5.94385
-6.06858
-6.7593
-11.2472
-21.708
-25.8124
-21.0585
-15.1318
-8.7309
-2.23613
-1.65118
-1.07741
-0.204557
0.260179
0.524344
0.712633
0.847268
0.951133
1.03424
1.10002
1.15202
1.19368
1.22768
1.25616
1.28103
1.30399
1.32631
1.34873
1.37153
1.39244
1.40751
-6.18217
-6.22274
-6.2395
-6.2353
-6.2142
-6.17922
-6.13245
-6.06816
-6.00677
-6.04313
-6.7652
-11.4452
-21.2767
-24.5426
-20.4782
-14.5768
-8.64893
-2.48355
-0.611996
-1.446
-0.857514
-0.327043
-0.000584787
0.238282
0.415088
0.548906
0.657334
0.746353
0.818839
0.877823
0.926017
0.965741
0.99915
1.02827
1.05478
1.07975
1.10369
1.12677
1.14698
1.16118
-6.26323
-6.2998
-6.31512
-6.31122
-6.28857
-6.25071
-6.20533
-6.15489
-6.1394
-6.64538
-12.0041
-20.3825
-21.912
-18.2296
-12.9005
-7.6763
-2.04344
0.166941
-1.47856
-1.26149
-0.845552
-0.522245
-0.254295
-0.0388878
0.128806
0.263001
0.374882
0.46828
0.545907
0.610289
0.663645
0.708083
0.745721
0.778531
0.808026
0.835085
0.860088
0.883152
0.902545
0.915895
-6.34267
-6.37362
-6.39066
-6.3939
-6.37174
-6.32282
-6.27389
-6.26355
-6.43858
-8.70213
-13.8981
-15.9741
-13.3671
-9.75397
-5.81148
-1.30649
0.575724
-1.41626
-1.55284
-1.27881
-1.00155
-0.741279
-0.507236
-0.307328
-0.144515
-0.00935391
0.104785
0.201205
0.282441
0.350661
0.407826
0.455932
0.496997
0.532808
0.56465
0.593222
0.618827
0.64159
0.660047
0.672491
-6.42327
-6.45384
-6.47451
-6.48799
-6.46935
-6.39987
-6.32212
-6.28432
-6.66721
-11.3945
-9.9198
-5.79445
-3.12606
-1.3463
0.682984
0.713575
-1.51968
-1.80168
-1.64705
-1.43978
-1.19627
-0.96044
-0.746983
-0.560027
-0.401456
-0.266998
-0.152256
-0.0543554
0.0289522
0.0995733
0.159338
0.210136
0.253802
0.291864
0.325369
0.354881
0.380679
0.402906
0.420342
0.431862
-6.50967
-6.54994
-6.57324
-6.60372
-6.60746
-6.49738
-6.42611
-7.77328
-12.9813
-16.0781
-12.8581
-2.03045
5.53405
6.70193
3.13541
-1.27093
-1.99499
-1.92685
-1.81379
-1.61568
-1.38658
-1.16577
-0.967992
-0.792721
-0.640508
-0.509219
-0.395862
-0.29818
-0.21432
-0.142595
-0.0813042
-0.0287323
0.0166968
0.0562358
0.0907281
0.120658
0.146303
0.167822
0.184202
0.194813
-6.58898
-6.64591
-6.69318
-6.75824
-6.81137
-6.68415
-7.00099
-8.23047
-11.7141
-19.5388
-18.7917
-12.5856
-3.49481
0.0493545
-1.29161
-2.0737
-2.13881
-2.09574
-1.95898
-1.76845
-1.5561
-1.35244
-1.16943
-1.00629
-0.862492
-0.73647
-0.626321
-0.530441
-0.447379
-0.375673
-0.313818
-0.260354
-0.213995
-0.173735
-0.138874
-0.10897
-0.0837458
-0.0630535
-0.0477274
-0.0379797
-6.65119
-6.73649
-6.82015
-6.91799
-7.05141
-6.28161
-3.07528
-4.66671
-12.4812
-21.9414
-20.8664
-12.8752
-6.56995
-3.38763
-2.48535
-2.39473
-2.35572
-2.24082
-2.08235
-1.89886
-1.70467
-1.52109
-1.35427
-1.20392
-1.06949
-0.950065
-0.844481
-0.751652
-0.670465
-0.599712
-0.538163
-0.484651
-0.43816
-0.397868
-0.363165
-0.333635
-0.309027
-0.289236
-0.274942
-0.265949
-6.70581
-6.80467
-6.90694
-7.02183
-7.02334
-4.34132
4.2531
-0.0114677
-11.3045
-22.3651
-20.6381
-9.32548
-4.76954
-3.02703
-2.68781
-2.57873
-2.472
-2.33543
-2.17895
-2.00959
-1.83871
-1.67657
-1.52643
-1.38884
-1.26401
-1.15174
-1.05149
-0.962538
-0.884013
-0.814987
-0.754528
-0.701749
-0.655838
-0.616091
-0.581956
-0.553057
-0.529202
-0.510371
-0.49712
-0.488604
-6.74187
-6.84059
-6.95302
-7.04481
-6.79112
-5.99651
5.43138
5.66406
-7.85603
-21.0687
-23.9313
-9.76742
-3.83491
-2.7715
-2.6626
-2.60668
-2.51237
-2.39457
-2.25877
-2.11331
-1.96628
-1.82397
-1.68932
-1.56385
-1.44843
-1.34343
-1.24876
-1.16404
-1.08866
-1.02197
-0.963283
-0.911906
-0.867151
-0.828388
-0.795116
-0.767028
-0.744027
-0.726221
-0.714179
-0.705507
-6.75435
-6.86665
-6.96274
-7.03295
-6.92969
-6.66122
1.84752
10.8201
-0.931779
-17.2989
-25.0633
-12.8056
-3.36166
-2.70655
-2.65436
-2.62906
-2.55592
-2.459
-2.34514
-2.22111
-2.09346
-1.96734
-1.84599
-1.73141
-1.62481
-1.52686
-1.43774
-1.35734
-1.28537
-1.22142
-1.16499
-1.11548
-1.07227
-1.03478
-1.00256
-0.975414
-0.953339
-0.936514
-0.9255
-0.917133
-6.74535
-6.8883
-7.00554
-7.09692
-7.09844
-6.98746
-6.67684
9.03761
9.48436
-7.74784
-20.3519
-13.7078
-3.45707
-2.84225
-2.73607
-2.70538
-2.638
-2.55007
-2.44846
-2.33794
-2.22354
-2.10955
-1.99892
-1.89361
-1.79485
-1.70339
-1.61958
-1.54353
-1.47516
-1.41423
-1.36036
-1.31298
-1.27151
-1.23542
-1.20437
-1.17825
-1.15715
-1.14132
-1.13131
-1.12335
-6.70546
-6.87626
-7.03377
-7.12994
-7.21066
-7.37329
-6.80571
-2.11128
10.0035
6.44326
-5.08771
-9.69026
-3.88451
-3.06758
-2.87238
-2.82392
-2.75387
-2.66546
-2.56754
-2.46371
-2.35751
-2.25208
-2.14969
-2.05191
-1.95982
-1.87413
-1.79528
-1.72349
-1.65882
-1.6011
-1.54993
-1.50479
-1.46513
-1.43051
-1.40068
-1.37564
-1.35558
-1.34073
-1.33167
-1.32431
-6.61884
-6.79963
-6.98553
-7.12253
-7.22375
-7.39398
-7.69625
-8.09787
-6.31468
-1.92617
-1.84484
-4.74066
-4.03866
-3.28147
-3.02423
-2.97379
-2.89478
-2.79895
-2.69882
-2.59689
-2.49512
-2.39535
-2.299
-2.20714
-2.12058
-2.03995
-1.96567
-1.89802
-1.83703
-1.7825
-1.73403
-1.69111
-1.65325
-1.62011
-1.59157
-1.56771
-1.54875
-1.53491
-1.52675
-1.52017
-6.48262
-6.65249
-6.83859
-7.01889
-7.15223
-7.3277
-7.7403
-8.54881
-9.46593
-8.48725
-6.46903
-5.28537
-4.18843
-3.55948
-3.30598
-3.18431
-3.06313
-2.94793
-2.83961
-2.73561
-2.6353
-2.53891
-2.44684
-2.35959
-2.27767
-2.20152
-2.13149
-2.06776
-2.01029
-1.95881
-1.9129
-1.87209
-1.83599
-1.80437
-1.7772
-1.75463
-1.73686
-1.72409
-1.71678
-1.71107
-6.30541
-6.44519
-6.59685
-6.75388
-6.89087
-7.00855
-7.12753
-7.31735
-7.50704
-7.34199
-6.4727
-5.3904
-4.46184
-3.88541
-3.5942
-3.39612
-3.23507
-3.10099
-2.98346
-2.87602
-2.77581
-2.68153
-2.59268
-2.50925
-2.43139
-2.35934
-2.29328
-2.23322
-2.17901
-2.13033
-2.08677
-2.04794
-2.01356
-1.98351
-1.95783
-1.93664
-1.92016
-1.9085
-1.902
-1.89719
-6.10803
-6.20864
-6.31048
-6.40825
-6.48804
-6.52149
-6.49922
-6.44194
-6.36821
-6.17909
-5.73892
-5.1156
-4.51689
-4.07453
-3.77803
-3.55795
-3.38517
-3.24385
-3.12208
-3.01329
-2.91381
-2.82164
-2.73583
-2.65596
-2.58194
-2.51376
-2.45139
-2.3947
-2.34344
-2.29728
-2.25587
-2.21893
-2.18628
-2.15788
-2.13377
-2.11407
-2.09893
-2.08842
-2.08269
-2.07878
-5.91276
-5.97667
-6.035
-6.08108
-6.10448
-6.09113
-6.03544
-5.93617
-5.78268
-5.54588
-5.21559
-4.82438
-4.44417
-4.12527
-3.87382
-3.6729
-3.50916
-3.37124
-3.25139
-3.14451
-3.04742
-2.95821
-2.87582
-2.79967
-2.72946
-2.66498
-2.60604
-2.5524
-2.50379
-2.45991
-2.42051
-2.38542
-2.35455
-2.32786
-2.30541
-2.28726
-2.27349
-2.26411
-2.25912
-2.25608
-5.73353
-5.76723
-5.79235
-5.80319
-5.7924
-5.75315
-5.68219
-5.57532
-5.42183
-5.20995
-4.94822
-4.6643
-4.39044
-4.14667
-3.93933
-3.76437
-3.61518
-3.48586
-3.3717
-3.26927
-3.17622
-3.09099
-3.01259
-2.9404
-2.874
-2.81306
-2.75729
-2.70644
-2.66026
-2.61852
-2.58109
-2.54787
-2.51882
-2.49393
-2.47317
-2.45657
-2.44414
-2.43585
-2.43156
-2.42934
-5.57793
-5.58844
-5.58921
-5.57616
-5.54451
-5.49021
-5.41059
-5.30282
-5.16272
-4.98836
-4.78614
-4.57169
-4.36185
-4.16814
-3.99567
-3.84383
-3.71
-3.5912
-3.48473
-3.38842
-3.30064
-3.22021
-3.14627
-3.07822
-3.01559
-2.95804
-2.90526
-2.85702
-2.81314
-2.77352
-2.73808
-2.70679
-2.67962
-2.65652
-2.63745
-2.62235
-2.61119
-2.60393
-2.6003
-2.59882
-5.449
-5.44311
-5.42732
-5.39896
-5.35517
-5.29353
-5.21225
-5.1099
-4.98583
-4.84125
-4.68117
-4.51392
-4.34857
-4.19189
-4.04754
-3.91633
-3.79759
-3.69004
-3.59231
-3.50311
-3.42138
-3.34624
-3.27702
-3.21318
-3.15427
-3.09999
-3.05009
-3.00441
-2.96286
-2.9254
-2.89202
-2.86271
-2.83743
-2.8161
-2.79864
-2.78494
-2.77495
-2.76863
-2.7656
-2.76478
-5.34562
-5.32912
-5.30316
-5.26609
-5.21637
-5.15273
-5.07421
-4.9805
-4.8721
-4.75082
-4.62019
-4.48519
-4.35093
-4.22153
-4.09954
-3.98608
-3.88132
-3.78489
-3.69616
-3.61446
-3.53909
-3.46946
-3.40503
-3.34538
-3.29016
-3.23912
-3.19211
-3.14905
-3.1099
-3.0747
-3.04345
-3.01614
-2.99271
-2.97307
-2.95709
-2.94466
-2.93572
-2.93023
-2.92775
-2.9275
-5.26479
-5.24206
-5.21072
-5.16976
-5.11845
-5.05622
-4.98274
-4.89825
-4.80366
-4.70057
-4.59148
-4.47947
-4.36769
-4.25876
-4.15451
-4.05602
-3.96373
-3.8777
-3.7977
-3.72339
-3.65437
-3.59021
-3.53055
-3.47508
-3.42355
-3.37581
-3.33178
-3.29144
-3.25482
-3.22196
-3.19287
-3.16753
-3.14587
-3.12778
-3.11314
-3.10182
-3.0938
-3.08903
-3.08705
-3.0873
-5.20371
-5.17776
-5.14423
-5.10253
-5.0524
-4.99358
-4.9261
-4.85047
-4.76763
-4.67892
-4.58612
-4.49129
-4.39647
-4.30343
-4.21352
-4.12765
-4.04633
-3.96975
-3.89791
-3.83065
-3.76774
-3.70894
-3.65399
-3.6027
-3.55492
-3.51057
-3.46963
-3.43213
-3.39812
-3.36763
-3.34068
-3.31723
-3.29722
-3.28054
-3.26707
-3.25673
-3.2495
-3.24536
-3.24381
-3.2445
-5.15983
-5.13253
-5.09874
-5.05814
-5.01067
-4.95624
-4.89505
-4.82767
-4.75494
-4.67796
-4.59804
-4.51663
-4.43516
-4.35488
-4.27681
-4.20166
-4.12992
-4.06184
-3.9975
-3.93686
-3.87981
-3.82621
-3.77592
-3.72882
-3.68485
-3.64397
-3.60622
-3.57162
-3.54023
-3.5121
-3.48721
-3.46555
-3.44704
-3.43161
-3.41918
-3.40968
-3.40313
-3.39953
-3.39839
-3.39943
-5.13063
-5.10318
-5.07028
-5.03178
-4.98771
-4.93806
-4.88309
-4.8233
-4.75943
-4.69234
-4.62304
-4.5526
-4.48205
-4.41234
-4.34423
-4.27833
-4.21503
-4.15459
-4.09715
-4.04271
-3.99125
-3.94269
-3.89698
-3.85407
-3.81392
-3.77654
-3.74198
-3.71028
-3.68148
-3.65561
-3.63269
-3.61268
-3.59555
-3.58124
-3.56972
-3.56097
-3.55502
-3.55191
-3.55112
-3.55247
-5.11428
-5.08745
-5.05615
-5.02031
-4.97995
-4.93514
-4.8861
-4.83327
-4.77723
-4.71867
-4.65839
-4.59719
-4.53588
-4.47516
-4.41566
-4.35785
-4.30208
-4.24859
-4.1975
-4.14888
-4.10274
-4.05906
-4.01782
-3.979
-3.94262
-3.90869
-3.87726
-3.84837
-3.82206
-3.79835
-3.77726
-3.75879
-3.74293
-3.72965
-3.71897
-3.71089
-3.70549
-3.70282
-3.70236
-3.70396
-5.10988
-5.08417
-5.05487
-5.02193
-4.98534
-4.94518
-4.90164
-4.85509
-4.80598
-4.75488
-4.70241
-4.64921
-4.59589
-4.54303
-4.4911
-4.4405
-4.39153
-4.34437
-4.29917
-4.256
-4.21489
-4.17585
-4.13889
-4.10403
-4.07128
-4.04068
-4.01225
-3.98605
-3.96209
-3.94043
-3.92107
-3.90405
-3.88937
-3.87708
-3.86719
-3.85976
-3.85489
-3.85262
-3.85245
-3.85425
-5.11691
-5.09261
-5.06551
-5.03548
-5.00251
-4.96667
-4.92815
-4.88723
-4.84428
-4.79976
-4.75416
-4.70799
-4.66173
-4.61583
-4.57067
-4.52656
-4.48373
-4.44238
-4.4026
-4.36449
-4.32808
-4.29342
-4.26052
-4.2294
-4.2001
-4.17265
-4.14707
-4.1234
-4.10168
-4.08194
-4.06424
-4.0486
-4.03509
-4.02376
-4.01466
-4.00788
-4.00352
-4.00163
-4.00173
-4.00368
-5.13458
-5.11191
-5.08706
-5.05986
-5.03029
-4.99844
-4.96447
-4.92861
-4.89117
-4.85252
-4.81304
-4.77313
-4.73317
-4.69349
-4.6544
-4.61613
-4.57889
-4.54282
-4.50802
-4.47457
-4.44254
-4.41195
-4.38284
-4.35524
-4.32918
-4.30469
-4.28179
-4.26052
-4.24092
-4.22303
-4.20693
-4.19266
-4.18031
-4.16995
-4.16166
-4.15553
-4.15168
-4.15016
-4.15049
-4.15256
-5.16184
-5.14097
-5.11837
-5.09389
-5.06752
-5.03936
-5.00955
-4.97829
-4.94584
-4.91248
-4.8785
-4.84421
-4.80989
-4.77579
-4.74215
-4.70916
-4.67696
-4.6457
-4.61545
-4.5863
-4.55831
-4.53151
-4.50593
-4.48162
-4.4586
-4.43688
-4.41651
-4.39752
-4.37996
-4.36387
-4.34934
-4.33645
-4.32527
-4.31591
-4.30845
-4.303
-4.29965
-4.29849
-4.29902
-4.30116
-5.19756
-5.17856
-5.15821
-5.13634
-5.11301
-5.08831
-5.06237
-5.03535
-5.00746
-4.9789
-4.94989
-4.92066
-4.89141
-4.86234
-4.83362
-4.80539
-4.77779
-4.75091
-4.72484
-4.69965
-4.6754
-4.65212
-4.62985
-4.60861
-4.58844
-4.56935
-4.55139
-4.53458
-4.51899
-4.50468
-4.49172
-4.48021
-4.47024
-4.4619
-4.4553
-4.45052
-4.44769
-4.44684
-4.44755
-4.44972
-5.24058
-5.22347
-5.2053
-5.18599
-5.16558
-5.14418
-5.12188
-5.09882
-5.07514
-5.05098
-5.02651
-5.00187
-4.97723
-4.95271
-4.92845
-4.90457
-4.88117
-4.85833
-4.83612
-4.81461
-4.79384
-4.77385
-4.75467
-4.73634
-4.71886
-4.70228
-4.68662
-4.67193
-4.65827
-4.6457
-4.63432
-4.6242
-4.61545
-4.60816
-4.60243
-4.59833
-4.59598
-4.59544
-4.59629
-4.59845
-5.28971
-5.27446
-5.25848
-5.24169
-5.22416
-5.20596
-5.18716
-5.16784
-5.1481
-5.12802
-5.10773
-5.08731
-5.06688
-5.04654
-5.02639
-5.00652
-4.987
-4.9679
-4.94929
-4.93121
-4.91371
-4.89682
-4.88056
-4.86497
-4.85006
-4.83587
-4.82244
-4.80982
-4.79805
-4.78722
-4.77741
-4.76869
-4.76116
-4.75492
-4.75004
-4.74661
-4.74472
-4.74445
-4.7454
-4.74751
-5.34383
-5.33048
-5.31675
-5.30256
-5.28794
-5.27292
-5.25753
-5.2418
-5.22579
-5.20956
-5.19315
-5.17665
-5.16013
-5.14366
-5.12732
-5.11116
-5.09526
-5.07966
-5.06441
-5.04956
-5.03514
-5.02117
-5.00769
-4.99471
-4.98227
-4.9704
-4.95913
-4.94852
-4.93862
-4.9295
-4.92124
-4.91391
-4.90759
-4.90237
-4.89832
-4.89552
-4.89406
-4.89401
-4.89502
-4.89705
-5.40199
-5.39071
-5.37944
-5.36803
-5.35643
-5.34463
-5.33262
-5.32039
-5.30796
-5.29535
-5.2826
-5.26976
-5.25689
-5.24402
-5.23122
-5.21853
-5.20601
-5.19368
-5.1816
-5.16979
-5.15828
-5.14709
-5.13626
-5.1258
-5.11574
-5.10611
-5.09695
-5.08831
-5.08024
-5.0728
-5.06606
-5.06009
-5.05494
-5.05071
-5.04745
-5.04523
-5.04414
-5.04425
-5.04527
-5.04717
-5.46351
-5.45467
-5.44624
-5.43789
-5.4295
-5.421
-5.41234
-5.40351
-5.39449
-5.38532
-5.376
-5.36659
-5.3571
-5.34759
-5.3381
-5.32865
-5.31929
-5.31004
-5.30094
-5.29201
-5.28327
-5.27474
-5.26644
-5.25841
-5.25065
-5.24321
-5.23611
-5.22941
-5.22313
-5.21734
-5.21208
-5.20742
-5.2034
-5.20009
-5.19755
-5.19584
-5.19504
-5.19525
-5.1962
-5.19792
-5.52696
-5.5215
-5.51675
-5.51194
-5.507
-5.5019
-5.49658
-5.49105
-5.4853
-5.47936
-5.47327
-5.46704
-5.46073
-5.45435
-5.44794
-5.44152
-5.43513
-5.42879
-5.42251
-5.41631
-5.41022
-5.40424
-5.39841
-5.39272
-5.38722
-5.38191
-5.37684
-5.37202
-5.3675
-5.36331
-5.3595
-5.35609
-5.35315
-5.35071
-5.34882
-5.34753
-5.34695
-5.34717
-5.34799
-5.34943
-5.58483
-5.58635
-5.58805
-5.5882
-5.58749
-5.58624
-5.58452
-5.58239
-5.57992
-5.57718
-5.57422
-5.57109
-5.56782
-5.56445
-5.56099
-5.55749
-5.55394
-5.55038
-5.54681
-5.54325
-5.53972
-5.53621
-5.53276
-5.52936
-5.52604
-5.52281
-5.51968
-5.51669
-5.51385
-5.51118
-5.50871
-5.50646
-5.50446
-5.50274
-5.50133
-5.50029
-5.49969
-5.49968
-5.50017
-5.50117
-5.63425
-5.65135
-5.66209
-5.66788
-5.67159
-5.67415
-5.67587
-5.67695
-5.67757
-5.67785
-5.67786
-5.67767
-5.67732
-5.67683
-5.67623
-5.67553
-5.67476
-5.67391
-5.67301
-5.67205
-5.67105
-5.67001
-5.66894
-5.66785
-5.66675
-5.66564
-5.66453
-5.66343
-5.66235
-5.6613
-5.66028
-5.6593
-5.65836
-5.65749
-5.65667
-5.65594
-5.65534
-5.65497
-5.65486
-5.65509
)
;

boundaryField
{
    leftWall
    {
        type            calculated;
        value           nonuniform List<scalar> 
86
(
888.63
840.521
791.602
742.641
693.667
644.398
594.828
545.015
494.877
444.639
393.78
342.103
289.868
237.147
184.101
130.645
76.9528
28.6186
4.08218
-1.82597
-1.6764
-1.72784
-1.76939
-1.82459
-1.88656
-1.95097
-2.01727
-2.08488
-2.15371
-2.22383
-2.29536
-2.36833
-2.44266
-2.51815
-2.59449
-2.67131
-2.74823
-2.82487
-2.90093
-2.9762
-3.05052
-3.12382
-3.19602
-3.26708
-3.33702
-3.40581
-3.47351
-3.54006
-3.60566
-3.6704
-3.73434
-3.79755
-3.86006
-3.92192
-3.9832
-4.04396
-4.10426
-4.16418
-4.22378
-4.28311
-4.34223
-4.40118
-4.45998
-4.51869
-4.57732
-4.63592
-4.69451
-4.75314
-4.81184
-4.87067
-4.92967
-4.98889
-5.04837
-5.10819
-5.16839
-5.229
-5.29004
-5.35158
-5.41381
-5.47658
-5.5388
-5.59989
-5.66305
-5.72892
-5.77031
-5.74308
)
;
    }
    rightWall
    {
        type            calculated;
        value           nonuniform List<scalar> 
86
(
6.91018
6.86296
6.81518
6.76661
6.71738
6.66752
6.61685
6.56531
6.51283
6.45935
6.40433
6.34743
6.28877
6.22826
6.16576
6.10114
6.03422
5.96482
5.89271
5.81763
5.73928
5.65732
5.57137
5.48102
5.38581
5.28527
5.17888
5.06611
4.94644
4.81931
4.68421
4.54067
4.38828
4.22673
4.05582
3.87551
3.68591
3.48729
3.2801
3.06494
2.84258
2.61387
2.3798
2.14127
1.89899
1.65391
1.40751
1.16118
0.915895
0.672491
0.431862
0.194813
-0.0379797
-0.265949
-0.488604
-0.705507
-0.917133
-1.12335
-1.32431
-1.52017
-1.71107
-1.89719
-2.07878
-2.25608
-2.42934
-2.59882
-2.76478
-2.9275
-3.0873
-3.2445
-3.39943
-3.55247
-3.70396
-3.85425
-4.00368
-4.15256
-4.30116
-4.44972
-4.59845
-4.74751
-4.89705
-5.04717
-5.19792
-5.34943
-5.50117
-5.65509
)
;
    }
    lowerWall
    {
        type            calculated;
        value           nonuniform List<scalar> 
110
(
912.174
911.147
913.438
918.293
924.404
930.638
936.417
941.58
946.111
950.081
953.584
956.716
959.564
962.209
964.721
967.164
969.593
972.065
974.633
977.354
980.293
983.518
987.111
991.169
995.808
1001.17
1007.41
1014.76
1023.47
1033.87
1046.42
1061.63
1079.9
1101.51
1126.82
1155.98
1188.68
1223.83
1259.44
1292.76
1320.93
1340.9
1349.87
1355.99
1375.78
1400.79
1377.28
1319.21
1275.49
1249.69
1239.23
1231.56
1213.8
1170.59
1074.13
871.847
-63.9855
2.53666
5.49855
5.89702
7.17964
7.13361
7.08876
7.04476
7.00035
6.95432
6.90497
6.84935
6.78004
6.68285
7.20319
7.19917
7.19473
7.1906
7.18613
7.18019
7.17534
7.1721
7.16898
7.16632
7.16383
7.16116
7.158
7.15411
7.14928
7.14336
7.13628
7.12799
7.11854
7.10798
7.09647
7.0842
7.07139
7.0587
7.0458
7.0327
7.01999
7.00814
6.99746
6.98682
6.9768
6.96814
6.96028
6.95332
6.94733
6.94238
6.93855
6.93587
6.9343
6.93372
)
;
    }
    atmosphere
    {
        type            calculated;
        value           nonuniform List<scalar> 
90
(
-5.80625
-5.92898
-5.91543
-5.90659
-5.90033
-5.89533
-5.8911
-5.88738
-5.88398
-5.88077
-5.87766
-5.8746
-5.87153
-5.86843
-5.86527
-5.86204
-5.85872
-5.8553
-5.85178
-5.84814
-5.84438
-5.8405
-5.83649
-5.83236
-5.82811
-5.82374
-5.81926
-5.81467
-5.80997
-5.80519
-5.80033
-5.7954
-5.79043
-5.78543
-5.78043
-5.77544
-5.7705
-5.76564
-5.76088
-5.75627
-5.75184
-5.74764
-5.74371
-5.74011
-5.73691
-5.73417
-5.73204
-5.73053
-5.72959
-5.72918
-5.72904
-5.72904
-5.72904
-5.72904
-5.72904
-5.72904
-5.72904
-5.72904
-5.72904
-5.72904
-5.72904
-5.72904
-5.72904
-5.72904
-5.72904
-5.72904
-5.72904
-5.72904
-5.72904
-5.72904
-5.72904
-5.72904
-5.72904
-5.72904
-5.72904
-5.72904
-5.72904
-5.72904
-5.72904
-5.72904
-5.72904
-5.72904
-5.72904
-5.72904
-5.72904
-5.72904
-5.72904
-5.72904
-5.72904
-5.72904
)
;
    }
    defaultFaces
    {
        type            empty;
    }
}


// ************************************************************************* //
