/*--------------------------------*- C++ -*----------------------------------*\
  =========                 |
  \\      /  F ield         | OpenFOAM: The Open Source CFD Toolbox
   \\    /   O peration     | Website:  https://openfoam.org
    \\  /    A nd           | Version:  7
     \\/     M anipulation  |
\*---------------------------------------------------------------------------*/
FoamFile
{
    version     2.0;
    format      ascii;
    class       volScalarField;
    location    "0.2";
    object      epsilon;
}
// * * * * * * * * * * * * * * * * * * * * * * * * * * * * * * * * * * * * * //

dimensions      [0 2 -3 0 0 0 0];

internalField   nonuniform List<scalar> 
7700
(
0.0461769
0.147467
0.269375
0.370488
0.457649
0.534683
0.604521
0.669378
0.730998
0.790813
0.850059
0.909863
0.971294
1.03539
1.10318
1.17565
1.25378
1.33842
1.43033
1.53002
1.63774
1.75331
1.87603
2.0046
2.13699
2.27041
2.40128
2.52533
2.63771
2.73329
2.80696
2.85402
2.87051
2.85322
2.79933
2.70971
2.59962
2.46299
2.29655
2.09989
1.87694
1.64055
1.42141
1.27371
1.11425
0.744157
0.0854691
0.123916
0.16519
0.198625
0.225767
0.248544
0.268413
0.286404
0.303246
0.319481
0.335543
0.35181
0.368629
0.386327
0.405223
0.425624
0.44782
0.472078
0.498622
0.52761
0.559111
0.59307
0.629276
0.667333
0.706633
0.746342
0.785414
0.822614
0.856587
0.885955
0.909448
0.926067
0.935261
0.937103
0.932456
0.927049
0.934191
0.953943
0.988474
1.04285
1.12787
1.26489
1.48704
1.80955
1.93763
2.07825
0.130539
0.146829
0.169942
0.187729
0.201419
0.21241
0.221698
0.229993
0.237802
0.245496
0.253365
0.261653
0.270573
0.280323
0.291087
0.303037
0.316329
0.331095
0.347435
0.365399
0.384973
0.406056
0.428444
0.451808
0.475689
0.499486
0.522478
0.543845
0.562724
0.578289
0.589854
0.596998
0.599707
0.59853
0.594743
0.591142
0.593963
0.607269
0.635933
0.687069
0.773818
0.924835
1.1996
1.68261
2.24887
3.57324
0.164291
0.169959
0.18346
0.192763
0.19938
0.204466
0.208707
0.212575
0.216419
0.220501
0.225028
0.230175
0.236093
0.24292
0.250779
0.259779
0.270013
0.281548
0.294419
0.308616
0.32407
0.340641
0.3581
0.376122
0.394278
0.412038
0.428789
0.443864
0.456594
0.466381
0.472793
0.47567
0.475245
0.472267
0.468148
0.465334
0.468224
0.481156
0.509619
0.561304
0.649465
0.802819
1.08805
1.63231
2.49501
4.82508
0.19174
0.188132
0.195423
0.199403
0.201532
0.202869
0.203945
0.205098
0.20657
0.208549
0.211182
0.214598
0.218907
0.224204
0.230575
0.238086
0.246789
0.256709
0.267838
0.280125
0.293466
0.30769
0.322553
0.337728
0.352805
0.367298
0.380666
0.392341
0.401788
0.408565
0.412412
0.413348
0.411772
0.408562
0.405205
0.404077
0.409053
0.424757
0.457729
0.51778
0.621151
0.799135
1.12058
1.72885
2.79777
6.10922
0.214746
0.20117
0.203885
0.204519
0.203821
0.202716
0.201681
0.201
0.200872
0.20144
0.202819
0.205103
0.208373
0.212695
0.218124
0.224697
0.232434
0.24133
0.251347
0.262407
0.274381
0.287082
0.30026
0.313594
0.326697
0.339127
0.350406
0.360057
0.367652
0.37288
0.375622
0.376036
0.374645
0.372427
0.370928
0.372519
0.380993
0.40141
0.441629
0.514429
0.641498
0.861886
1.2521
1.96241
3.21847
7.53735
0.234511
0.210204
0.20909
0.207554
0.205122
0.202474
0.200045
0.198113
0.196866
0.196436
0.196921
0.198396
0.200921
0.20454
0.209286
0.215174
0.222201
0.230339
0.23953
0.249677
0.26064
0.272227
0.284191
0.296225
0.307975
0.319043
0.329017
0.337503
0.344174
0.34883
0.351473
0.352378
0.352172
0.351916
0.353226
0.358542
0.371825
0.39884
0.449151
0.539152
0.697262
0.972848
1.45423
2.29889
3.75507
9.11751
0.251919
0.216392
0.211833
0.208765
0.205255
0.201651
0.198325
0.195553
0.19353
0.192388
0.19222
0.193093
0.195054
0.198131
0.202342
0.207685
0.21414
0.221665
0.230189
0.239606
0.249774
0.260504
0.271561
0.282664
0.293493
0.303704
0.312948
0.32091
0.327358
0.332191
0.335517
0.337713
0.339501
0.342032
0.347033
0.357131
0.376695
0.4127
0.477191
0.591418
0.791922
1.13752
1.72179
2.70177
4.34545
10.7503
0.267615
0.220631
0.212879
0.208604
0.204368
0.200161
0.196266
0.192945
0.190394
0.18875
0.188109
0.188531
0.190055
0.192703
0.196479
0.201371
0.207348
0.214361
0.222331
0.231154
0.240691
0.250765
0.261162
0.271632
0.281897
0.291665
0.300653
0.308626
0.315432
0.321068
0.325735
0.329906
0.334404
0.340501
0.35011
0.366224
0.394017
0.44251
0.527905
0.679616
0.947441
1.39843
2.09833
3.16372
4.90381
12.2551
0.282059
0.223547
0.21281
0.20748
0.202688
0.198072
0.19381
0.190135
0.187236
0.18525
0.184272
0.184361
0.185553
0.187861
0.191283
0.195802
0.201381
0.207968
0.215486
0.223836
0.232891
0.242493
0.252455
0.262563
0.272584
0.282282
0.291441
0.299896
0.30758
0.314577
0.321179
0.327964
0.335877
0.346368
0.361664
0.3854
0.424161
0.49043
0.608188
0.823885
1.2141
1.84739
2.67188
3.71153
5.38116
13.5188
0.0585279
0.0814702
0.0860441
0.37016
0.406041
0.449251
0.471666
0.479169
0.477038
0.469547
0.459553
0.44881
0.438241
0.428309
0.419435
0.411908
0.405366
0.399588
0.394393
0.389684
0.385321
0.381264
0.377418
0.373724
0.370084
0.36627
0.372826
0.371157
0.0863625
0.367598
0.369023
0.0862706
0.0859117
0.372137
0.367224
0.369893
0.0864928
0.0857023
0.0745297
0.0335224
0.142261
0.117195
0.157246
0.190691
0.208907
0.219337
0.223262
0.222864
0.220045
0.216206
0.212209
0.208495
0.205234
0.20248
0.200259
0.198547
0.197227
0.196157
0.195234
0.194398
0.193612
0.192858
0.192114
0.191367
0.190593
0.189682
0.186184
0.185298
0.180466
0.181608
0.178354
0.171657
0.167715
0.162403
0.15744
0.145195
0.12611
0.105396
0.0877987
0.0968236
0.178992
0.143518
0.166814
0.183629
0.19213
0.194442
0.192038
0.186896
0.180699
0.174601
0.169242
0.164874
0.161513
0.15906
0.157374
0.15629
0.155629
0.155227
0.154966
0.154771
0.154598
0.154421
0.154226
0.154007
0.153754
0.15345
0.152889
0.152377
0.151603
0.150705
0.149429
0.14769
0.145481
0.14237
0.138388
0.132418
0.124185
0.113641
0.105095
0.13136
0.235339
0.177856
0.194854
0.205184
0.206835
0.202262
0.193467
0.182925
0.172447
0.163114
0.155405
0.149403
0.144965
0.141851
0.13979
0.138522
0.137807
0.137447
0.137294
0.137249
0.137248
0.137255
0.137251
0.137226
0.137178
0.137106
0.136993
0.136852
0.136649
0.136354
0.135929
0.135296
0.134354
0.132964
0.130941
0.128002
0.12402
0.11956
0.11935
0.169537
0.309961
0.226472
0.240763
0.245945
0.239901
0.226498
0.209198
0.191503
0.175447
0.161952
0.151219
0.143062
0.137112
0.132954
0.130182
0.128438
0.127419
0.126883
0.126644
0.126578
0.1266
0.126658
0.126725
0.126788
0.126844
0.126898
0.126952
0.127016
0.12709
0.127165
0.127229
0.127243
0.127153
0.126885
0.126344
0.125464
0.12439
0.124197
0.130809
0.203074
0.4107
0.305414
0.316336
0.3132
0.29471
0.267075
0.236896
0.209004
0.185408
0.166526
0.152006
0.1412
0.1334
0.127944
0.124262
0.121883
0.120427
0.119598
0.119173
0.118996
0.118963
0.119005
0.119084
0.119182
0.119293
0.119424
0.119583
0.119786
0.120046
0.120373
0.120775
0.121247
0.121774
0.122335
0.122922
0.123601
0.124735
0.12782
0.14006
0.231696
0.578419
0.478438
0.462632
0.43278
0.385874
0.33064
0.278796
0.235495
0.201381
0.175432
0.156172
0.142168
0.132183
0.125216
0.120477
0.117352
0.115371
0.114175
0.1135
0.113157
0.113018
0.113002
0.113057
0.113157
0.113296
0.113476
0.113711
0.114019
0.114423
0.114946
0.115611
0.116438
0.117444
0.118657
0.120134
0.122045
0.124929
0.13064
0.147573
0.255935
1.00981
1.00249
0.805108
0.669883
0.545272
0.430532
0.339993
0.272596
0.223538
0.188244
0.163058
0.145224
0.132709
0.124031
0.11811
0.114156
0.111589
0.109976
0.109006
0.108459
0.108184
0.10808
0.108085
0.108167
0.108313
0.108525
0.108817
0.10921
0.109733
0.110418
0.1113
0.112418
0.113816
0.115558
0.117757
0.120667
0.12497
0.132827
0.153702
0.276423
2.53677
2.59264
1.64937
1.15604
0.824906
0.586064
0.427505
0.32266
0.252454
0.204871
0.172331
0.149958
0.134552
0.123974
0.116767
0.111922
0.108723
0.106657
0.105365
0.10459
0.104155
0.103945
0.103884
0.103932
0.104071
0.104302
0.104638
0.105102
0.105726
0.106549
0.107616
0.10898
0.110707
0.11289
0.115685
0.119418
0.124887
0.13452
0.158715
0.293733
8.07278
6.52717
3.42823
2.05892
1.27692
0.816489
0.548283
0.387947
0.288668
0.225253
0.183742
0.156078
0.137424
0.124773
0.116193
0.110411
0.10655
0.104012
0.10238
0.101362
0.100755
0.100425
0.100287
0.100291
0.100414
0.100654
0.101024
0.101547
0.102258
0.103201
0.104429
0.106005
0.108012
0.110567
0.113863
0.118279
0.124715
0.135826
0.162823
0.30836
0.295579
0.225564
0.21202
0.205694
0.20041
0.195477
0.190965
0.187061
0.183939
0.181728
0.18052
0.180371
0.181314
0.183358
0.186499
0.190715
0.195972
0.202217
0.209382
0.21738
0.2261
0.235411
0.245156
0.255162
0.265246
0.275229
0.284959
0.294347
0.303406
0.312309
0.321449
0.331525
0.343653
0.359561
0.381987
0.415595
0.469275
0.561305
0.729976
1.05285
1.64468
2.55517
3.45254
4.31853
5.70837
11.1847
0.308559
0.226982
0.210753
0.203436
0.197665
0.192453
0.187754
0.183703
0.180445
0.178098
0.176745
0.176438
0.177206
0.179058
0.181987
0.185974
0.190987
0.196982
0.203903
0.211678
0.220221
0.229429
0.239184
0.249357
0.259817
0.270444
0.281156
0.291939
0.302892
0.314284
0.32663
0.340791
0.358131
0.380808
0.412342
0.458951
0.532983
0.661088
0.90223
1.38365
2.2173
3.29606
4.18158
4.88828
6.02206
9.81911
0.321054
0.227969
0.209179
0.200857
0.194584
0.189102
0.184249
0.1801
0.176768
0.174351
0.172921
0.172525
0.173187
0.174916
0.177706
0.181541
0.186398
0.192244
0.199039
0.206734
0.215269
0.224577
0.23458
0.245198
0.256354
0.267994
0.280108
0.292762
0.306153
0.320665
0.336966
0.356139
0.379918
0.411087
0.454306
0.517952
0.61864
0.791901
1.1158
1.68038
2.51578
3.50136
4.46166
5.30903
6.36407
9.06148
0.333163
0.22865
0.207399
0.198054
0.191258
0.1855
0.180508
0.176291
0.172927
0.17049
0.169039
0.168612
0.169231
0.170902
0.173625
0.17739
0.182184
0.18799
0.194788
0.202555
0.211264
0.220885
0.231385
0.242736
0.254923
0.267961
0.281918
0.296956
0.313382
0.331727
0.35286
0.378179
0.409934
0.4518
0.510003
0.595544
0.729173
0.950579
1.2991
1.78192
2.46103
3.34869
4.36086
5.53891
6.72903
8.63689
0.344952
0.229106
0.20548
0.195095
0.187755
0.181714
0.176588
0.172323
0.168955
0.166535
0.165107
0.164699
0.16533
0.167008
0.169736
0.173514
0.178343
0.184225
0.191163
0.199164
0.208237
0.218393
0.22965
0.242037
0.255606
0.270449
0.286725
0.304706
0.324838
0.347837
0.374844
0.407684
0.449308
0.504603
0.58175
0.694585
0.867173
1.11693
1.4299
1.81989
2.37425
3.17025
4.16877
5.53574
6.97755
8.32124
0.356471
0.229393
0.203462
0.192026
0.184129
0.1778
0.172542
0.16824
0.164889
0.162515
0.161145
0.1608
0.161495
0.16324
0.166044
0.16992
0.174885
0.180963
0.188184
0.196587
0.206222
0.217147
0.229433
0.243174
0.258495
0.275578
0.29469
0.316234
0.34083
0.369435
0.403545
0.445542
0.499308
0.571235
0.671671
0.817384
1.02483
1.27483
1.52682
1.81353
2.26381
2.98278
3.95759
5.33691
6.92843
8.0088
0.36775
0.229546
0.201367
0.18888
0.180423
0.173805
0.168421
0.16409
0.160772
0.158466
0.157184
0.156939
0.157744
0.159613
0.162564
0.166624
0.171828
0.178224
0.185875
0.194856
0.205259
0.217194
0.230793
0.246221
0.263689
0.283481
0.305992
0.331789
0.361708
0.397013
0.439653
0.492725
0.56126
0.653299
0.781345
0.961246
1.18704
1.39118
1.54986
1.75003
2.12894
2.79136
3.75343
5.09814
6.69542
7.70185
0.378816
0.229591
0.199209
0.18568
0.176672
0.169772
0.164267
0.159919
0.156646
0.154426
0.153257
0.153145
0.154103
0.156151
0.159317
0.163645
0.169191
0.176032
0.184263
0.194001
0.205384
0.21858
0.233789
0.251257
0.271292
0.294299
0.320826
0.351642
0.387852
0.431102
0.483908
0.550255
0.636459
0.752218
0.912114
1.12082
1.31401
1.42757
1.50366
1.64693
1.97761
2.60001
3.55819
4.89133
6.42372
7.42051
0.38969
0.229545
0.196997
0.182445
0.172904
0.165737
0.160124
0.155768
0.152553
0.150436
0.149401
0.149453
0.150604
0.152882
0.15633
0.161008
0.167
0.174412
0.183377
0.194054
0.206636
0.221355
0.238484
0.258363
0.281413
0.308183
0.339403
0.376085
0.419669
0.472265
0.537088
0.619154
0.726097
0.869414
1.05986
1.26168
1.37199
1.39661
1.41584
1.52054
1.81127
2.39473
3.34511
4.70044
6.14237
7.14674
0.400396
0.229419
0.194735
0.179189
0.169144
0.161734
0.156031
0.151681
0.148537
0.146537
0.145657
0.145898
0.147279
0.149836
0.15363
0.158742
0.165282
0.173392
0.183244
0.195048
0.209056
0.225568
0.244944
0.267628
0.294174
0.325296
0.361947
0.405431
0.457586
0.521088
0.599988
0.700366
0.831103
1.00446
1.20918
1.34727
1.36401
1.32473
1.30664
1.38084
1.63047
2.16213
3.07728
4.44422
5.85344
6.87476
0.410964
0.229226
0.192426
0.175925
0.165418
0.157794
0.152024
0.147698
0.14464
0.142772
0.142065
0.14252
0.144164
0.147047
0.151248
0.156873
0.164064
0.172999
0.183897
0.19702
0.212686
0.231274
0.253241
0.279148
0.309702
0.345816
0.3887
0.440007
0.502051
0.578184
0.673369
0.794737
0.952701
1.15275
1.32778
1.3708
1.31345
1.23282
1.18946
1.23659
1.44129
1.90281
2.73925
4.0509
5.50104
6.61213
0.42144
0.228978
0.190073
0.172668
0.161747
0.153951
0.148143
0.143861
0.140904
0.139181
0.138663
0.139355
0.141294
0.144547
0.149214
0.155432
0.163375
0.173263
0.185365
0.200005
0.217572
0.238532
0.263451
0.293026
0.328139
0.36993
0.419917
0.48016
0.553527
0.644159
0.757912
0.902929
1.08982
1.29116
1.38788
1.34669
1.24031
1.13427
1.0731
1.09565
1.25381
1.63206
2.34859
3.52157
4.98516
6.27106
0.431896
0.228695
0.187683
0.169435
0.158161
0.15024
0.144426
0.140211
0.13737
0.135808
0.135493
0.136441
0.138704
0.142369
0.14756
0.154447
0.163242
0.174212
0.187681
0.204042
0.223761
0.247405
0.275658
0.309374
0.349632
0.39784
0.455867
0.526245
0.612492
0.719553
0.85414
1.02568
1.23472
1.39175
1.39624
1.29385
1.15757
1.03668
0.962944
0.964005
1.0779
1.37033
1.94393
2.9164
4.26216
5.65904
0.442449
0.228407
0.18527
0.166251
0.154696
0.146703
0.140919
0.136794
0.134085
0.132692
0.132593
0.133816
0.136429
0.140543
0.146314
0.153944
0.16369
0.175872
0.190875
0.209165
0.2313
0.257953
0.289947
0.328305
0.374337
0.429753
0.496825
0.578624
0.679394
0.804827
0.962465
1.16192
1.36354
1.43793
1.36766
1.22613
1.07298
0.944145
0.861965
0.845329
0.920467
1.1343
1.56521
2.31254
3.41501
4.70366
0.453284
0.228157
0.18286
0.163158
0.1514
0.143391
0.137674
0.133658
0.131092
0.129878
0.130004
0.131514
0.1345
0.1391
0.145501
0.153946
0.164742
0.178264
0.194969
0.215406
0.240232
0.270238
0.306398
0.349932
0.402406
0.465874
0.543063
0.637655
0.754601
0.900276
1.08326
1.30075
1.45102
1.43935
1.31654
1.15191
0.990591
0.858615
0.771401
0.741194
0.784815
0.933057
1.23934
1.77546
2.58782
3.5966
0.464694
0.228011
0.180508
0.160223
0.148345
0.140372
0.13475
0.130858
0.12844
0.127407
0.127762
0.12957
0.132948
0.138064
0.145143
0.154472
0.166412
0.181405
0.199984
0.22279
0.250589
0.284308
0.325085
0.374357
0.433981
0.506394
0.594836
0.703649
0.8384
1.00611
1.21564
1.42047
1.48827
1.40919
1.25303
1.07617
0.912468
0.780756
0.691374
0.651598
0.671178
0.768543
0.976378
1.33957
1.89019
2.58549
0.47713
0.228052
0.178313
0.157553
0.145625
0.137727
0.132217
0.128452
0.126178
0.125321
0.125904
0.128015
0.131799
0.137458
0.145257
0.155534
0.16871
0.185299
0.205923
0.231324
0.262389
0.300191
0.346054
0.401654
0.469173
0.551475
0.652363
0.776801
0.930911
1.12251
1.34724
1.49894
1.48635
1.35954
1.18349
1.00167
0.839487
0.710526
0.621331
0.575535
0.577819
0.637886
0.773516
1.00887
1.35975
1.79819
0.491258
0.2284
0.176459
0.15531
0.143369
0.135554
0.130149
0.126497
0.124353
0.12366
0.124464
0.126878
0.131078
0.137301
0.145858
0.15714
0.171636
0.189942
0.212777
0.240997
0.275623
0.317889
0.369319
0.431859
0.508045
0.601217
0.715771
0.857174
1.03205
1.24865
1.4587
1.53083
1.45613
1.29845
1.11175
0.92982
0.771875
0.647501
0.560378
0.51149
0.502028
0.535921
0.621291
0.768815
0.983007
1.24356
0.508052
0.229283
0.175264
0.153723
0.141733
0.133961
0.128623
0.12505
0.123008
0.122459
0.123472
0.126186
0.130807
0.137611
0.146954
0.15929
0.175181
0.195313
0.220515
0.25177
0.290248
0.337357
0.394842
0.464942
0.550589
0.655638
0.785029
0.944618
1.14152
1.37268
1.53259
1.52896
1.40825
1.23103
1.03996
0.861298
0.709526
0.5911
0.507495
0.457786
0.440848
0.456995
0.508598
0.598645
0.725723
0.874932
0.529016
0.231358
0.175255
0.153091
0.140891
0.133055
0.127707
0.124159
0.12218
0.12175
0.122956
0.125963
0.131007
0.138403
0.148556
0.161984
0.179328
0.201379
0.229086
0.263575
0.306179
0.358498
0.422517
0.500796
0.596702
0.71464
0.859963
1.03874
1.25812
1.47564
1.562
1.49989
1.34846
1.1601
0.969206
0.796331
0.652205
0.540735
0.461677
0.412797
0.391496
0.395958
0.425384
0.478907
0.552791
0.636378
0.556828
0.236605
0.177244
0.153772
0.141013
0.132923
0.127451
0.123854
0.121894
0.121556
0.122942
0.126237
0.131707
0.139701
0.150678
0.165222
0.184062
0.208101
0.238422
0.276312
0.323286
0.381154
0.45216
0.539213
0.646162
0.777956
0.940256
1.13927
1.3753
1.54858
1.55994
1.45206
1.2804
1.08716
0.899974
0.734943
0.599749
0.495987
0.42206
0.375073
0.35156
0.348529
0.363598
0.394245
0.436317
0.482346
0.59191
0.247236
0.181778
0.155999
0.142233
0.133613
0.127872
0.124148
0.122164
0.121897
0.123456
0.127041
0.132939
0.141539
0.153348
0.169019
0.189376
0.215439
0.248445
0.289858
0.341399
0.405108
0.483504
0.579874
0.698598
0.845117
1.02531
1.24525
1.47172
1.57639
1.53028
1.39027
1.20642
1.01298
0.832884
0.677592
0.551986
0.456268
0.387957
0.343413
0.319063
0.311353
0.317203
0.333583
0.356704
0.381367
0.629038
0.265152
0.189518
0.159854
0.144496
0.135117
0.128954
0.125032
0.122995
0.122792
0.124529
0.128413
0.134753
0.143968
0.156615
0.173416
0.19529
0.223383
0.259096
0.304093
0.36033
0.430098
0.516203
0.622331
0.753425
0.915389
1.11435
1.35371
1.54211
1.57111
1.47887
1.31736
1.12807
0.939684
0.768855
0.624165
0.508502
0.420927
0.358336
0.316787
0.292435
0.281883
0.281844
0.2893
0.301051
0.313441
0.662744
0.295226
0.201414
0.165396
0.147684
0.137306
0.130649
0.126484
0.124388
0.124262
0.126199
0.130409
0.137216
0.147068
0.160567
0.178499
0.201877
0.231978
0.270372
0.318947
0.379922
0.455871
0.549889
0.666046
0.809794
0.987526
1.20558
1.43969
1.56497
1.53605
1.41036
1.23641
1.04839
0.867986
0.70799
0.57453
0.468942
0.389425
0.332493
0.294115
0.270453
0.258229
0.254437
0.256276
0.261111
0.266321
0.686542
0.349272
0.218846
0.172652
0.151691
0.140074
0.132883
0.128471
0.126335
0.12632
0.1285
0.133084
0.140405
0.150937
0.165321
0.184402
0.209279
0.241353
0.28237
0.334453
0.400122
0.482269
0.584264
0.710477
0.866705
1.0599
1.29612
1.49591
1.54602
1.47389
1.32797
1.15052
0.968304
0.798368
0.650408
0.528567
0.432994
0.3613
0.309827
0.274627
0.252055
0.238986
0.232813
0.231091
0.231655
0.232573
0.718115
0.452689
0.243209
0.181618
0.156553
0.143496
0.135684
0.131012
0.128841
0.128971
0.131445
0.136467
0.144377
0.155665
0.171004
0.19129
0.217699
0.251746
0.295345
0.35086
0.421131
0.509409
0.619292
0.755252
0.923065
1.13067
1.3642
1.50078
1.49249
1.38972
1.2351
1.06105
0.888666
0.731295
0.596251
0.486175
0.400384
0.336153
0.289841
0.257716
0.236416
0.223107
0.215449
0.211456
0.209344
0.207649
0.783418
0.48418
0.271522
0.191936
0.16231
0.1478
0.139287
0.134273
0.132031
0.132304
0.135105
0.140629
0.149219
0.161372
0.177785
0.199395
0.227444
0.263544
0.30976
0.368683
0.443467
0.537748
0.65531
0.800392
0.977871
1.19359
1.38587
1.45026
1.40473
1.28759
1.13445
0.969847
0.810591
0.66735
0.545712
0.447282
0.370867
0.313641
0.27213
0.242907
0.222952
0.209757
0.20127
0.195826
0.192023
0.188714
0.809232
0.413698
0.278886
0.20102
0.168804
0.153141
0.143884
0.138385
0.136048
0.13647
0.139625
0.145709
0.15508
0.168237
0.185881
0.208988
0.238853
0.277154
0.326086
0.38844
0.467671
0.567838
0.692894
0.846803
1.03377
1.2393
1.35393
1.36218
1.29452
1.17543
1.0309
0.879745
0.735623
0.607258
0.499018
0.411824
0.344226
0.293471
0.256361
0.229831
0.211224
0.198358
0.189472
0.183146
0.178271
0.173961
0.806145
0.411786
0.268961
0.204263
0.174147
0.158104
0.148622
0.142945
0.140693
0.141415
0.145018
0.151752
0.162032
0.17635
0.1954
0.220195
0.25207
0.29274
0.34452
0.410375
0.494105
0.600213
0.732619
0.895346
1.07795
1.21984
1.27883
1.2571
1.17905
1.06364
0.930391
0.793943
0.665363
0.551714
0.456358
0.379719
0.320252
0.275386
0.242263
0.2182
0.2009
0.18849
0.179475
0.172667
0.167133
0.16221
0.772109
0.383516
0.262306
0.203727
0.175112
0.159631
0.150345
0.145163
0.143416
0.144769
0.149178
0.156902
0.168359
0.18406
0.204741
0.231462
0.265628
0.309054
0.364118
0.433773
0.521779
0.632254
0.76736
0.922273
1.06474
1.15965
1.18629
1.14948
1.06777
0.958252
0.836593
0.714527
0.60087
0.501142
0.417788
0.350836
0.298736
0.259162
0.229615
0.20779
0.19173
0.179846
0.170877
0.163834
0.15795
0.152665
0.760163
0.362752
0.254218
0.200816
0.173416
0.158559
0.150313
0.146264
0.14549
0.147729
0.153133
0.162029
0.174838
0.19212
0.214665
0.243557
0.280205
0.326397
0.384319
0.456498
0.545691
0.653891
0.779619
0.908052
1.01695
1.08101
1.0877
1.04303
0.962009
0.860312
0.750461
0.642191
0.542518
0.455638
0.383218
0.324992
0.27947
0.244597
0.218232
0.198424
0.183524
0.172197
0.163387
0.156272
0.150223
0.144782
0.770618
0.348583
0.244244
0.195906
0.17079
0.157206
0.150106
0.14726
0.147756
0.151342
0.158141
0.168468
0.182777
0.201671
0.225953
0.256671
0.295121
0.342909
0.401876
0.473879
0.560559
0.660834
0.769279
0.872297
0.95227
0.992614
0.986308
0.938818
0.862096
0.769709
0.671958
0.576938
0.490249
0.415058
0.352447
0.301968
0.262248
0.231515
0.207962
0.18996
0.176134
0.165371
0.156791
0.149712
0.143615
0.138135
0.798351
0.338303
0.233804
0.189802
0.167512
0.155823
0.150287
0.148918
0.150874
0.155919
0.164159
0.175911
0.191636
0.211931
0.23757
0.269513
0.308874
0.357008
0.415228
0.484332
0.564248
0.652374
0.741944
0.82151
0.87798
0.900716
0.886167
0.839006
0.768792
0.686635
0.601014
0.518583
0.443824
0.379136
0.325209
0.281528
0.246878
0.219761
0.198679
0.182286
0.169446
0.159236
0.150927
0.143952
0.137885
0.13244
0.836243
0.33067
0.224826
0.183872
0.164053
0.154303
0.150464
0.150698
0.154207
0.160755
0.170431
0.183532
0.200505
0.221898
0.248426
0.280926
0.320207
0.367178
0.422516
0.486227
0.557062
0.631485
0.702947
0.762357
0.800397
0.810414
0.790923
0.746012
0.683302
0.611573
0.53765
0.466915
0.402939
0.347561
0.301232
0.263454
0.233194
0.209215
0.190291
0.175323
0.163378
0.153699
0.145682
0.138861
0.132882
0.127521
0.877043
0.325078
0.218465
0.179277
0.161137
0.152916
0.150545
0.152231
0.157179
0.165123
0.176108
0.190392
0.208381
0.230506
0.257347
0.289529
0.327639
0.37214
0.423122
0.479922
0.54063
0.601509
0.656873
0.699799
0.723862
0.725038
0.703087
0.661589
0.606602
0.544882
0.481806
0.421647
0.367229
0.319982
0.280224
0.247522
0.221034
0.199759
0.18271
0.168997
0.15786
0.148681
0.140964
0.134328
0.128484
0.123237
0.91559
0.322253
0.215173
0.176643
0.159359
0.15208
0.150731
0.153511
0.159596
0.168669
0.180698
0.195856
0.214439
0.236809
0.263376
0.294541
0.330614
0.371676
0.41737
0.466602
0.517206
0.565714
0.60749
0.637444
0.651267
0.646664
0.624094
0.586646
0.539109
0.486578
0.43322
0.382375
0.336265
0.296013
0.26187
0.233496
0.210226
0.19127
0.175841
0.163227
0.152815
0.144102
0.136683
0.130247
0.124556
0.119446
0.949965
0.323906
0.214854
0.176066
0.158978
0.15209
0.151277
0.154705
0.161502
0.171284
0.183948
0.199572
0.218336
0.240474
0.266227
0.295784
0.329194
0.366239
0.406263
0.447963
0.489214
0.527029
0.557793
0.577879
0.584489
0.576435
0.55452
0.521358
0.480696
0.43632
0.391427
0.348601
0.309581
0.275265
0.245871
0.221157
0.200615
0.183636
0.169601
0.157946
0.14818
0.139897
0.132769
0.12654
0.121015
0.116056
0.976103
0.327537
0.216174
0.176983
0.159811
0.152953
0.152266
0.155912
0.162987
0.17305
0.185923
0.201583
0.220095
0.241556
0.266044
0.293556
0.323929
0.356733
0.391148
0.425838
0.458884
0.487839
0.509986
0.522809
0.524564
0.514748
0.494285
0.465335
0.430805
0.39348
0.355795
0.319742
0.286681
0.257342
0.231931
0.21029
0.19205
0.176749
0.163909
0.153089
0.143898
0.136011
0.129163
0.123144
0.117793
0.112996
0.992741
0.33068
0.218167
0.178793
0.161487
0.154473
0.153641
0.157174
0.164158
0.174112
0.186792
0.202088
0.219953
0.240358
0.263237
0.288429
0.315616
0.344238
0.373418
0.401897
0.428034
0.449899
0.465509
0.473165
0.471833
0.461414
0.442821
0.417803
0.388595
0.357237
0.325584
0.295166
0.267055
0.24185
0.219754
0.200682
0.184377
0.170498
0.158683
0.14859
0.139913
0.132391
0.125812
0.120004
0.114835
0.110206
1.00109
0.332734
0.220206
0.18097
0.163606
0.15638
0.15525
0.158444
0.165057
0.174587
0.18674
0.201332
0.218226
0.237285
0.258327
0.281073
0.305104
0.329799
0.354298
0.377477
0.397984
0.414342
0.425132
0.429242
0.426098
0.415821
0.399242
0.377755
0.353068
0.326681
0.300007
0.274226
0.25019
0.228398
0.209051
0.192121
0.177442
0.16477
0.153837
0.144382
0.136167
0.128986
0.122668
0.117074
0.112092
0.107638
1.00201
0.333445
0.221848
0.183067
0.165778
0.158363
0.156875
0.159599
0.165654
0.17453
0.185903
0.199535
0.215219
0.232738
0.251824
0.272121
0.293154
0.314294
0.334739
0.353524
0.369563
0.381746
0.38908
0.390851
0.386775
0.377078
0.362477
0.344074
0.323171
0.300878
0.278277
0.256287
0.235589
0.216608
0.199537
0.184398
0.171091
0.159451
0.149285
0.140398
0.132606
0.125749
0.119689
0.114312
0.109524
0.105252
0.996133
0.332673
0.222782
0.184732
0.167656
0.160116
0.15827
0.160465
0.165852
0.173929
0.184353
0.196854
0.211178
0.227053
0.244156
0.262091
0.280363
0.298368
0.315386
0.330605
0.343169
0.352253
0.357167
0.357468
0.353042
0.344148
0.331391
0.315632
0.297864
0.278922
0.259641
0.240744
0.222782
0.206118
0.190944
0.177311
0.165174
0.154429
0.144943
0.136572
0.129178
0.122636
0.116835
0.111682
0.107096
0.103012
0.984068
0.330381
0.222818
0.18571
0.168967
0.161375
0.159201
0.160855
0.165526
0.172724
0.182105
0.193381
0.206272
0.220475
0.23564
0.251358
0.267144
0.282434
0.296601
0.308969
0.318868
0.325687
0.328948
0.328381
0.32397
0.315967
0.30487
0.291352
0.276177
0.259978
0.243408
0.227042
0.211334
0.196598
0.183018
0.170671
0.15955
0.149599
0.140731
0.132843
0.125834
0.119607
0.114073
0.109153
0.104779
0.100893
0.966449
0.326625
0.221873
0.18585
0.169524
0.16194
0.159476
0.160605
0.16455
0.170842
0.179143
0.189161
0.200606
0.213167
0.226488
0.240167
0.253745
0.266713
0.278527
0.288634
0.296504
0.301683
0.30384
0.302811
0.298628
0.29152
0.281891
0.270269
0.257243
0.243302
0.228964
0.214692
0.200863
0.187753
0.175539
0.164312
0.154096
0.144869
0.13658
0.12916
0.122535
0.116631
0.111375
0.106702
0.102551
0.0988708
0.944026
0.321539
0.219952
0.185094
0.169227
0.161689
0.158969
0.159596
0.162829
0.168222
0.175446
0.184218
0.194251
0.205238
0.216836
0.228663
0.240298
0.251287
0.261167
0.269478
0.275804
0.279801
0.281235
0.280007
0.276166
0.269912
0.26157
0.251555
0.240327
0.228269
0.215794
0.203281
0.191049
0.179339
0.168322
0.158098
0.148711
0.140166
0.132438
0.125484
0.119252
0.113683
0.108721
0.10431
0.100396
0.0969306
0.917661
0.315318
0.217135
0.183465
0.168061
0.160582
0.157626
0.157775
0.160322
0.16484
0.171019
0.178585
0.187267
0.196773
0.206781
0.21694
0.226869
0.236172
0.244451
0.251328
0.25647
0.259611
0.260579
0.259313
0.255865
0.250403
0.243186
0.234543
0.224838
0.214377
0.203489
0.192487
0.181642
0.171171
0.161232
0.151931
0.143328
0.135443
0.128273
0.121793
0.115967
0.110752
0.106102
0.101967
0.0983021
0.0950614
0.888291
0.308201
0.213555
0.18105
0.166082
0.158651
0.155465
0.155156
0.157045
0.160725
0.165903
0.172324
0.179734
0.187862
0.196415
0.205075
0.213506
0.221363
0.228307
0.234024
0.238242
0.240752
0.241423
0.240213
0.23717
0.23243
0.226199
0.218737
0.21033
0.201262
0.191757
0.182083
0.172475
0.163126
0.154184
0.145757
0.13791
0.130679
0.124072
0.11808
0.112679
0.107837
0.103515
0.0996718
0.0962664
0.0932579
0.856883
0.300446
0.209377
0.17798
0.163399
0.155989
0.152568
0.151814
0.153072
0.155957
0.16019
0.165536
0.17176
0.178618
0.185846
0.193162
0.200273
0.20688
0.212695
0.217456
0.220938
0.222971
0.223452
0.222348
0.219698
0.215611
0.210251
0.203823
0.196562
0.188705
0.180424
0.171941
0.163459
0.15515
0.14715
0.139563
0.13246
0.125882
0.119848
0.114359
0.109399
0.104945
0.100966
0.0974268
0.0942898
0.0915189
0.824376
0.292309
0.204779
0.174413
0.160158
0.152733
0.149065
0.147875
0.148531
0.150664
0.154012
0.158358
0.163488
0.169183
0.175211
0.181324
0.187268
0.192786
0.197634
0.201592
0.204471
0.206132
0.206487
0.205509
0.203228
0.199728
0.195139
0.189627
0.18338
0.176597
0.169417
0.162022
0.154582
0.147249
0.14015
0.13338
0.12701
0.121087
0.115633
0.110657
0.106151
0.102097
0.0984709
0.095242
0.0923784
0.0898475
0.791626
0.28403
0.199941
0.170516
0.156521
0.149043
0.145114
0.143497
0.14358
0.145009
0.147537
0.150961
0.15509
0.15973
0.164676
0.169713
0.174623
0.179187
0.183198
0.186469
0.188843
0.1902
0.190468
0.189619
0.187675
0.1847
0.180797
0.176096
0.170751
0.16492
0.158752
0.152359
0.145892
0.139483
0.133245
0.127268
0.12162
0.116346
0.111474
0.107015
0.102967
0.099318
0.0960478
0.0931314
0.0905414
0.0882492
0.75935
0.275814
0.195024
0.166451
0.152656
0.145089
0.140889
0.138857
0.138398
0.139173
0.140946
0.143531
0.146754
0.150443
0.154419
0.1585
0.162495
0.166222
0.169503
0.17218
0.174122
0.175226
0.175427
0.174701
0.17306
0.170552
0.167258
0.163281
0.158745
0.153779
0.148519
0.143046
0.137483
0.131944
0.126527
0.121312
0.116364
0.111726
0.107426
0.103479
0.0998851
0.0966369
0.0937189
0.091111
0.0887898
0.0867311
0.728112
0.267828
0.19017
0.162363
0.148716
0.141034
0.136558
0.134126
0.133162
0.133335
0.134423
0.136251
0.138663
0.141505
0.144622
0.147857
0.151049
0.154042
0.156686
0.158849
0.160417
0.161303
0.161451
0.160836
0.159463
0.157368
0.154614
0.151281
0.147467
0.14328
0.138829
0.1342
0.129472
0.124743
0.120097
0.115605
0.111325
0.107298
0.10355
0.100097
0.0969433
0.0940836
0.0915069
0.089197
0.0871351
0.0853006
0.698311
0.260194
0.185486
0.158372
0.144835
0.137021
0.132272
0.129462
0.128032
0.12766
0.128133
0.129289
0.130983
0.13308
0.135445
0.137941
0.140434
0.142789
0.144881
0.146598
0.147843
0.148542
0.148645
0.148127
0.14699
0.145257
0.142976
0.140211
0.137039
0.133545
0.129818
0.125946
0.121977
0.11799
0.114056
0.110236
0.106581
0.103126
0.0998992
0.0969141
0.0941768
0.0916853
0.0894319
0.0874042
0.0855873
0.0839645
0.670202
0.252991
0.181053
0.15457
0.141116
0.133164
0.128153
0.124994
0.12314
0.122282
0.122213
0.122779
0.123849
0.125301
0.127016
0.128876
0.130767
0.132575
0.134193
0.135528
0.136497
0.137035
0.1371
0.136666
0.135732
0.134313
0.132445
0.130176
0.127567
0.124685
0.121601
0.118387
0.115097
0.111777
0.108488
0.105279
0.102195
0.099267
0.0965192
0.093966
0.0916141
0.0894638
0.0875101
0.0857442
0.0841545
0.082728
0.643919
0.246268
0.176922
0.151021
0.137634
0.129547
0.124293
0.120816
0.118587
0.117302
0.116762
0.116821
0.117356
0.118258
0.119421
0.120742
0.122124
0.123469
0.124687
0.125699
0.126434
0.126837
0.126869
0.126508
0.125747
0.124598
0.123084
0.121243
0.119121
0.116769
0.114246
0.111606
0.108906
0.106173
0.103453
0.100788
0.0982135
0.0957578
0.0934414
0.091278
0.0892749
0.087434
0.0857525
0.0842246
0.0828418
0.0815941
0.619518
0.240045
0.173121
0.147762
0.134436
0.126225
0.120752
0.116994
0.114436
0.112783
0.111842
0.111471
0.111557
0.111998
0.1127
0.113573
0.114531
0.115491
0.116378
0.117121
0.117663
0.117954
0.11796
0.117661
0.117047
0.116125
0.114912
0.113433
0.111725
0.109828
0.107784
0.105638
0.103435
0.101209
0.0989822
0.0967899
0.094661
0.0926192
0.0906825
0.0888634
0.0871692
0.085603
0.084164
0.0828486
0.0816509
0.0805637
0.597013
0.234329
0.16966
0.144808
0.131544
0.123224
0.11756
0.113559
0.11072
0.108756
0.107478
0.10675
0.106465
0.106527
0.106851
0.107357
0.10797
0.108617
0.109234
0.109759
0.110143
0.110344
0.110331
0.110084
0.109593
0.108861
0.107897
0.106722
0.105361
0.103844
0.102204
0.100475
0.0986928
0.0968892
0.0950795
0.093289
0.0915408
0.0898542
0.0882447
0.0867234
0.0852975
0.0839708
0.0827439
0.081615
0.0805804
0.079635
0.576397
0.229113
0.166534
0.142161
0.128961
0.120552
0.114724
0.110517
0.107443
0.105221
0.103666
0.102647
0.102059
0.101816
0.101836
0.102048
0.102385
0.102782
0.103183
0.103536
0.103795
0.103926
0.103899
0.103695
0.103306
0.102729
0.101971
0.101045
0.0999692
0.0987654
0.097459
0.096076
0.0946427
0.0931842
0.0917223
0.0902673
0.088838
0.0874505
0.0861177
0.0848494
0.0836526
0.0825311
0.0814868
0.0805192
0.0796261
0.0788042
0.557648
0.224388
0.163734
0.139809
0.126679
0.1182
0.112237
0.107859
0.104591
0.102157
0.100378
0.0991251
0.0982977
0.0978114
0.0975922
0.0975732
0.0976929
0.0978948
0.0981275
0.0983453
0.0985088
0.0985853
0.0985495
0.0983836
0.098077
0.0976263
0.0970342
0.0963091
0.0954636
0.0945139
0.0934784
0.0923767
0.0912288
0.0900544
0.088872
0.0876913
0.0865246
0.0853846
0.0842819
0.0832252
0.0822207
0.0812727
0.0803834
0.0795533
0.0787815
0.0780662
0.540716
0.220142
0.161249
0.137742
0.124685
0.116152
0.110078
0.105561
0.102135
0.0995321
0.097575
0.0961377
0.0951221
0.0944471
0.0940422
0.0938446
0.0937976
0.0938493
0.0939534
0.0940685
0.0941591
0.0941957
0.094155
0.09402
0.09378
0.0934297
0.0929696
0.0924043
0.0917424
0.0909952
0.0901761
0.0892998
0.0883813
0.0874355
0.0864767
0.0855178
0.084564
0.0836257
0.0827118
0.0818295
0.0809847
0.0801813
0.079422
0.0787079
0.0780391
0.0774145
0.52555
0.21637
0.159072
0.135948
0.122963
0.11439
0.108227
0.103597
0.100045
0.0973079
0.0952112
0.0936308
0.0924704
0.0916509
0.0911046
0.0907716
0.0905984
0.0905369
0.0905441
0.0905822
0.0906186
0.0906262
0.0905833
0.0904735
0.090286
0.0900147
0.0896578
0.0892177
0.0886995
0.0881112
0.0874625
0.086764
0.0860272
0.0852634
0.084484
0.0836993
0.0829161
0.0821403
0.0813792
0.0806392
0.0799252
0.0792411
0.0785897
0.0779725
0.0773901
0.0768424
0.512123
0.213076
0.157201
0.134421
0.121503
0.112898
0.106663
0.101941
0.098289
0.0954466
0.0932421
0.0915524
0.0902824
0.0893543
0.088702
0.0882678
0.0880005
0.0878547
0.08779
0.0877711
0.0877676
0.0877541
0.0877103
0.0876205
0.0874736
0.087263
0.0869856
0.0866417
0.0862344
0.085769
0.0852522
0.084692
0.084097
0.0834761
0.0828378
0.0821905
0.0815418
0.0808952
0.0802565
0.0796311
0.0790233
0.0784366
0.0778739
0.0773368
0.0768263
0.0763427
0.500483
0.210292
0.155653
0.133165
0.120299
0.111665
0.105368
0.100571
0.096839
0.0939149
0.0916283
0.0898567
0.0885052
0.0874968
0.0867665
0.0862578
0.0859214
0.0857134
0.0855956
0.0855344
0.0855013
0.0854722
0.0854277
0.0853528
0.0852364
0.0850713
0.0848537
0.0845824
0.0842589
0.0838867
0.0834704
0.0830159
0.0825299
0.0820191
0.0814904
0.0809504
0.0804057
0.0798606
0.0793187
0.0787844
0.0782616
0.0777535
0.0772627
0.0767909
0.0763395
0.0759089
0.490792
0.20809
0.154469
0.132203
0.119363
0.11069
0.104334
0.0994716
0.0956749
0.0926874
0.0903391
0.0885072
0.0870966
0.0860303
0.0852436
0.084681
0.0842941
0.0840405
0.0838834
0.0837907
0.083735
0.0836936
0.0836477
0.0835828
0.0834879
0.0833557
0.0831815
0.0829634
0.0827016
0.0823983
0.0820567
0.0816812
0.0812769
0.0808492
0.0804035
0.0799455
0.0794803
0.0790128
0.0785455
0.0780822
0.0776261
0.07718
0.0767462
0.0763267
0.0759227
0.0755351
0.483367
0.206616
0.153735
0.131587
0.118722
0.109987
0.103563
0.0986384
0.0947854
0.0917477
0.0893536
0.0874787
0.0860267
0.0849201
0.084094
0.0834931
0.0830699
0.082783
0.0825965
0.0824796
0.082406
0.0823537
0.0823049
0.0822454
0.0821643
0.0820541
0.0819098
0.0817288
0.0815106
0.0812562
0.080968
0.0806491
0.0803037
0.079936
0.0795508
0.0791527
0.078746
0.0783351
0.0779233
0.0775129
0.0771068
0.0767076
0.0763174
0.0759379
0.0755706
0.0752164
0.478765
0.206127
0.153609
0.131414
0.118435
0.10959
0.103073
0.0980767
0.0941691
0.0910892
0.0886612
0.0867572
0.0852785
0.0841458
0.0832938
0.082667
0.0822183
0.0819071
0.0816984
0.0815624
0.0814736
0.081411
0.0813573
0.0812987
0.0812246
0.0811273
0.0810016
0.0808444
0.0806545
0.0804324
0.0801794
0.0798983
0.0795921
0.0792645
0.0789196
0.0785615
0.078194
0.0778211
0.0774462
0.0770715
0.0766995
0.0763324
0.0759723
0.0756208
0.0752795
0.0749493
0.477919
0.207058
0.154349
0.131842
0.118597
0.109551
0.102893
0.0978017
0.0938327
0.0907139
0.0882609
0.0863394
0.0848465
0.0837003
0.0828339
0.0821916
0.0817262
0.0813979
0.0811725
0.0810209
0.0809188
0.0808458
0.0807851
0.0807235
0.0806505
0.0805583
0.0804417
0.0802972
0.080123
0.079919
0.0796861
0.0794261
0.0791418
0.0788362
0.078513
0.0781759
0.0778287
0.0774751
0.0771185
0.0767617
0.0764069
0.0760562
0.0757116
0.075375
0.0750478
0.0747314
0.482367
0.210112
0.156354
0.1331
0.119336
0.109941
0.10306
0.0978327
0.0937869
0.0906287
0.088158
0.0862302
0.0847355
0.0835879
0.0827183
0.0820702
0.0815964
0.0812575
0.0810201
0.0808562
0.0807422
0.0806586
0.0805893
0.0805214
0.0804447
0.0803516
0.0802364
0.0800955
0.0799267
0.0797291
0.0795032
0.0792501
0.078972
0.0786716
0.078352
0.078017
0.0776704
0.0773159
0.0769573
0.0765981
0.0762408
0.0758878
0.0755414
0.0752039
0.074877
0.0745623
0.494594
0.216376
0.160195
0.135484
0.120798
0.110828
0.103602
0.0981815
0.0940376
0.0908387
0.0883596
0.086439
0.0849571
0.0838221
0.0829619
0.0823186
0.0818452
0.0815026
0.0812584
0.0810857
0.0809619
0.0808683
0.0807895
0.0807132
0.0806296
0.080531
0.0804117
0.0802677
0.0800964
0.0798962
0.0796668
0.0794087
0.0791232
0.0788123
0.078479
0.0781267
0.0777592
0.0773808
0.0769961
0.0766094
0.0762247
0.0758454
0.0754747
0.0751158
0.0747713
0.0744432
0.518654
0.22747
0.166599
0.139304
0.123093
0.112234
0.10451
0.0988308
0.0945716
0.0913386
0.088868
0.0869752
0.0855265
0.0844226
0.0835877
0.0829625
0.0825001
0.0821623
0.0819179
0.0817411
0.0816106
0.0815088
0.0814213
0.0813362
0.0812443
0.081138
0.0810115
0.0808606
0.0806819
0.0804734
0.0802335
0.0799618
0.0796583
0.0793241
0.0789609
0.0785715
0.0781598
0.0777307
0.0772897
0.0768431
0.0763974
0.0759586
0.0755325
0.0751242
0.074738
0.0743766
0.561669
0.245706
0.176342
0.14473
0.126175
0.114053
0.105681
0.0997033
0.0953386
0.0921017
0.0896754
0.0878449
0.08646
0.085413
0.0846246
0.0840349
0.0835973
0.0832752
0.083039
0.0828646
0.0827324
0.0826261
0.0825323
0.0824403
0.0823411
0.0822276
0.0820941
0.081936
0.0817494
0.0815313
0.081279
0.0809905
0.0806639
0.0802981
0.0798927
0.0794488
0.0789688
0.0784574
0.0779218
0.0773713
0.076817
0.076271
0.0757445
0.0752473
0.0747864
0.0743655
0.637319
0.274197
0.189877
0.151472
0.129623
0.115925
0.106855
0.100628
0.0962361
0.0930741
0.0907612
0.08905
0.0877745
0.0868204
0.0861067
0.0855743
0.0851789
0.084886
0.0846688
0.0845056
0.0843786
0.0842735
0.0841784
0.0840836
0.0839811
0.0838643
0.0837276
0.0835664
0.0833765
0.0831537
0.0828942
0.0825937
0.0822478
0.0818518
0.0814012
0.0808923
0.0803234
0.0796962
0.0790175
0.078301
0.0775669
0.0768413
0.0761476
0.075505
0.0749248
0.0744109
0.772288
0.31648
0.206377
0.158126
0.132305
0.117086
0.107558
0.101328
0.0971141
0.0941847
0.0921024
0.0905963
0.089493
0.0886781
0.0880737
0.0876248
0.0872915
0.0870436
0.086858
0.0867161
0.0866031
0.0865069
0.0864176
0.0863269
0.0862281
0.0861153
0.0859837
0.0858287
0.0856459
0.0854308
0.0851781
0.0848818
0.084534
0.0841254
0.0836446
0.0830789
0.0824154
0.0816446
0.0807653
0.0797921
0.0787623
0.0777394
0.0767768
0.0759094
0.0751526
0.0745069
1.02103
0.373939
0.221218
0.161035
0.131996
0.116296
0.107134
0.101478
0.097828
0.0953856
0.0937016
0.0925124
0.0916568
0.0910333
0.090575
0.0902365
0.0899856
0.0897985
0.0896573
0.0895477
0.0894584
0.0893803
0.0893058
0.0892285
0.0891432
0.0890454
0.088931
0.0887964
0.0886375
0.0884501
0.0882284
0.0879654
0.0876508
0.0872707
0.0868056
0.0862291
0.0855069
0.0845988
0.0834674
0.0821003
0.080554
0.0790269
0.0776393
0.0764437
0.0754476
0.0746343
1.54195
0.432731
0.219796
0.152888
0.125425
0.112163
0.105039
0.10091
0.0983715
0.0967347
0.0956378
0.0948797
0.0943432
0.0939569
0.0936756
0.0934691
0.0933166
0.093203
0.0931169
0.0930493
0.0929932
0.0929427
0.0928931
0.0928402
0.0927808
0.092712
0.092631
0.0925354
0.0924225
0.0922891
0.0921309
0.0919419
0.0917127
0.0914288
0.0910673
0.0905908
0.0899386
0.0890137
0.0876701
0.085725
0.0830994
0.0806739
0.0786454
0.0770204
0.0757449
0.0747533
3.21424
0.386526
0.167789
0.124402
0.110324
0.104437
0.101563
0.0999993
0.0990772
0.0984993
0.0981198
0.0978618
0.0976818
0.0975542
0.0974629
0.0973972
0.09735
0.0973159
0.0972909
0.097272
0.0972565
0.0972425
0.0972281
0.0972119
0.0971927
0.0971694
0.0971411
0.0971069
0.097066
0.0970173
0.0969594
0.0968901
0.0968059
0.0967006
0.0965621
0.0963666
0.0960618
0.0955263
0.0944602
0.0920899
0.0862107
0.0822525
0.079456
0.0774271
0.0759298
0.0748126
28.9938
41.0047
40.5267
33.813
27.9193
66.5261
27.8224
18.3188
22.8121
63.0869
46.3237
16.0726
18.7227
50.0835
50.4738
17.7826
15.4302
37.6833
44.4684
21.1189
12.9146
28.181
34.5877
21.9858
11.1009
21.2474
26.2466
19.3736
9.82243
16.4053
20.1581
16.7654
8.90808
13.1816
16.0661
14.8677
8.23848
11.0685
13.4652
13.6715
7.74925
9.69109
11.7314
12.7854
7.35753
8.77925
10.2647
11.2447
6.80712
7.93428
8.89062
9.40186
5.83184
6.75904
7.38032
7.574
4.5288
5.24558
5.6369
5.6329
3.24279
3.73213
3.95511
3.87139
2.21156
2.50959
2.62403
2.53572
1.48446
1.65156
1.70541
1.63849
1.00875
1.0974
1.12056
1.07572
0.708566
0.753721
0.762024
0.732781
0.520372
0.542296
0.543451
0.523737
0.400636
0.410239
0.40791
0.393733
0.322313
0.325308
0.321269
0.310324
0.269315
0.268703
0.263843
0.254863
0.232169
0.229559
0.224342
0.21663
0.205244
0.201522
0.196197
0.189364
0.185118
0.18079
0.175496
0.169312
0.169661
0.165022
0.159836
0.154162
0.157505
0.152733
0.147697
0.14244
0.147746
0.14295
0.138086
0.133183
0.139769
0.135016
0.130334
0.125738
0.133145
0.128477
0.123978
0.119654
0.127535
0.123008
0.118691
0.114611
0.122727
0.118354
0.114239
0.110381
0.118566
0.114349
0.110424
0.106786
0.114915
0.110857
0.107115
0.103678
0.111676
0.107779
0.104214
0.100963
0.108774
0.105039
0.101643
0.0985682
0.106146
0.102574
0.099344
0.0964346
0.103745
0.100335
0.0972668
0.094516
0.101529
0.0982816
0.0953726
0.0927749
0.0994651
0.0963817
0.09363
0.091181
0.097526
0.0946087
0.0920135
0.0897102
0.0956904
0.092942
0.0905032
0.0883434
0.0939425
0.0913657
0.0890836
0.0870658
0.0922712
0.0898686
0.0877435
0.0858662
0.0906699
0.0884433
0.086475
0.0847367
0.0891359
0.0870859
0.0852733
0.0836717
0.0876696
0.0857949
0.0841358
0.082668
0.086274
0.0845712
0.0830618
0.0817236
0.084953
0.0834168
0.0820515
0.0808379
0.0837113
0.082334
0.0811059
0.0800105
0.0825531
0.0813251
0.0802259
0.0792414
0.0814814
0.0803919
0.0794121
0.0785302
0.080498
0.0795349
0.0786642
0.0778764
0.0796027
0.0787535
0.0779813
0.0772785
0.0787938
0.0780459
0.0773615
0.076735
0.078068
0.0774091
0.0768023
0.0762433
0.0774209
0.0768394
0.0763004
0.0758007
0.0768471
0.0763324
0.0758521
0.0754041
0.0763411
0.0758834
0.0754536
0.0750502
0.0758971
0.0754876
0.0751008
0.0747356
0.0755096
0.0751405
0.0747898
0.0744571
0.0751736
0.0748376
0.0745169
0.0742113
0.0748846
0.074575
0.0742785
0.0739949
0.0746392
0.0743493
0.0740711
0.0738048
0.0744345
0.0741571
0.0738914
0.0736373
0.0742687
0.0739959
0.073736
0.0734889
0.0741406
0.0738628
0.0736012
0.0733552
0.0740497
0.0737553
0.073483
0.0732316
0.073995
0.0736697
0.0733768
0.0731128
0.0739735
0.0736016
0.0732772
0.0729937
0.0739781
0.0735445
0.0731792
0.0728706
0.0739954
0.0734905
0.0730799
0.0727445
0.0740055
0.0734343
0.0729836
0.0726256
0.0739948
0.0733836
0.0729102
0.0725405
11.7863
9.9196
5.77021
3.30025
1.90891
1.13277
0.707431
0.470197
0.33258
0.24933
0.197095
0.163361
0.141109
0.126226
0.116208
0.109446
0.104903
0.10188
0.0998993
0.0986282
0.0978402
0.0973832
0.0971596
0.0971119
0.097212
0.0974544
0.0978501
0.0984236
0.0992114
0.100261
0.10163
0.103392
0.105642
0.108517
0.112239
0.117233
0.124483
0.136841
0.166225
0.320845
13.393
10.695
7.31446
4.57964
2.68264
1.5362
0.907393
0.570142
0.384145
0.276841
0.212114
0.171568
0.145409
0.128185
0.116661
0.108898
0.103667
0.100158
0.0978265
0.0963006
0.0953279
0.0947394
0.0944259
0.0943219
0.0943939
0.0946337
0.09505
0.0956672
0.0965227
0.0976666
0.0991618
0.101088
0.103552
0.106704
0.110791
0.116276
0.124215
0.137626
0.169042
0.331479
11.355
9.97357
8.1181
5.80676
3.56751
2.01923
1.14509
0.685743
0.441955
0.306852
0.228194
0.180299
0.150093
0.130438
0.1174
0.108652
0.102751
0.0987702
0.0960981
0.0943237
0.0931695
0.0924504
0.0920463
0.0918841
0.0919257
0.0921592
0.0925914
0.0932462
0.0941618
0.0953899
0.096997
0.0990685
0.101718
0.105111
0.10951
0.115412
0.123931
0.138228
0.171362
0.340502
9.81894
9.14651
8.66108
6.96761
4.53239
2.56821
1.41412
0.813497
0.503942
0.338139
0.244669
0.189219
0.15482
0.132763
0.118272
0.108592
0.102063
0.0976408
0.0946495
0.0926405
0.0913136
0.0904689
0.0899766
0.089757
0.0897672
0.0899922
0.090437
0.0911246
0.0920936
0.0933968
0.0951035
0.0973031
0.100116
0.103716
0.108384
0.11464
0.123648
0.138689
0.173271
0.348144
10.0753
8.92479
9.04295
7.96743
5.50262
3.15321
1.70254
0.948115
0.567316
0.369613
0.260788
0.197622
0.159208
0.13493
0.119122
0.108609
0.101519
0.0967023
0.0934232
0.0912008
0.0897151
0.0887538
0.0881787
0.0879044
0.087884
0.0880996
0.0885545
0.0892711
0.0902876
0.0916581
0.0934533
0.0957663
0.0987224
0.102503
0.107401
0.113958
0.123376
0.13904
0.174839
0.354602
11.9563
9.52723
9.49258
8.78023
6.37707
3.72694
1.99225
1.08391
0.630308
0.398845
0.274925
0.204753
0.162859
0.136708
0.119807
0.108602
0.101044
0.0958937
0.0923681
0.0899599
0.0883341
0.0872684
0.0866183
0.0862937
0.0862453
0.0864517
0.0869154
0.0876577
0.088717
0.0901476
0.0920219
0.0944351
0.0975166
0.101454
0.10655
0.113361
0.123125
0.139308
0.176125
0.36005
13.2178
10.6851
10.184
9.4629
7.06538
4.23651
2.27104
1.20868
0.682902
0.42164
0.285415
0.209858
0.165393
0.137886
0.120192
0.10848
0.100571
0.0951614
0.0914389
0.0888785
0.0871349
0.08598
0.0852649
0.0848966
0.0848233
0.0850218
0.0854936
0.0862593
0.0873571
0.0888416
0.0907863
0.0932882
0.0964798
0.100553
0.105818
0.112846
0.122899
0.139514
0.177177
0.364637
13.2046
11.7883
10.9077
9.9824
7.54884
4.58947
2.45537
1.28681
0.713667
0.434008
0.290726
0.212281
0.166493
0.13829
0.120173
0.10817
0.100042
0.0944599
0.0905967
0.0879217
0.0860861
0.0848594
0.0840909
0.0836866
0.0835926
0.0837853
0.0842651
0.0850525
0.0861852
0.0877183
0.0897258
0.0923061
0.095594
0.0997852
0.105195
0.112405
0.1227
0.139672
0.178036
0.368493
13.0631
12.2704
11.3019
10.1936
7.63731
4.62959
2.47327
1.29184
0.713705
0.432998
0.289815
0.211607
0.165966
0.137812
0.119679
0.10762
0.0994172
0.0937528
0.0898089
0.0870598
0.0851598
0.0838802
0.0830713
0.0826394
0.08253
0.0827194
0.0832079
0.0840157
0.0851804
0.0867572
0.0888207
0.0914704
0.0948425
0.0991356
0.104669
0.112033
0.122529
0.139795
0.178737
0.371731
13.0585
12.2716
11.2883
9.91176
7.19471
4.29448
2.29917
1.21486
0.680438
0.417947
0.282513
0.20778
0.163779
0.136425
0.118681
0.106802
0.0986679
0.0930137
0.0890502
0.0862683
0.0843324
0.0830195
0.0821841
0.0817334
0.0816142
0.0818035
0.0823017
0.0831289
0.0843231
0.0859394
0.0880529
0.0907637
0.0942095
0.0985906
0.10423
0.111724
0.122385
0.139892
0.179308
0.374447
12.6885
11.7762
10.7743
8.94922
6.16602
3.62361
1.96934
1.07236
0.620026
0.391108
0.26968
0.201145
0.160073
0.134181
0.117194
0.105712
0.0977826
0.0922263
0.088302
0.0855277
0.0835839
0.0822578
0.0814092
0.0809489
0.0808259
0.0810184
0.0815275
0.0823738
0.0835952
0.0852473
0.0874053
0.0901702
0.0936802
0.0981372
0.103866
0.111469
0.122267
0.139969
0.179773
0.376723
11.2427
10.4702
9.30738
7.19879
4.75204
2.80167
1.5762
0.900121
0.545013
0.35689
0.25296
0.192363
0.155131
0.131206
0.115273
0.104371
0.0967633
0.0913835
0.0875522
0.0848232
0.0828983
0.0815779
0.0807292
0.0802683
0.0801474
0.0803466
0.0808682
0.0817332
0.08298
0.0846645
0.0868624
0.0896748
0.0932407
0.097763
0.103569
0.111261
0.122173
0.140033
0.180149
0.37863
9.32826
8.54357
7.10029
5.18362
3.3762
2.04411
1.20978
0.732508
0.468091
0.320067
0.234245
0.182235
0.149314
0.127671
0.113
0.102816
0.095624
0.0904865
0.0867948
0.0841446
0.0822631
0.0809654
0.0801289
0.079676
0.079563
0.0797724
0.0803078
0.0811914
0.0824621
0.0841762
0.0864096
0.0892639
0.0928783
0.0974566
0.103327
0.111095
0.122098
0.140085
0.180454
0.380227
7.23843
6.28069
4.8888
3.48797
2.30478
1.45587
0.913751
0.588665
0.397658
0.284317
0.215185
0.171532
0.142999
0.123766
0.11047
0.101094
0.0943873
0.0895428
0.0860291
0.0834862
0.0816683
0.0804085
0.0795952
0.0791583
0.0790585
0.0792812
0.079832
0.0807341
0.0820274
0.0837685
0.0860337
0.0889247
0.0925814
0.0972077
0.103132
0.110963
0.12204
0.140128
0.1807
0.381562
5.17548
4.31609
3.2814
2.31854
1.56617
1.03847
0.692254
0.473633
0.33737
0.251797
0.19695
0.160876
0.136517
0.119671
0.107783
0.0992617
0.0930816
0.0885664
0.0852584
0.0828441
0.0811067
0.0798976
0.0791173
0.0787032
0.0786213
0.0788602
0.0794277
0.0803485
0.0816631
0.0834289
0.0857225
0.088646
0.0923393
0.0970066
0.102977
0.110859
0.121997
0.140165
0.180896
0.382675
3.47146
2.84844
2.1685
1.56301
1.09298
0.759063
0.533634
0.385163
0.287777
0.223409
0.180226
0.150709
0.13014
0.115548
0.105039
0.0973767
0.09174
0.0875718
0.0844872
0.082217
0.080573
0.079425
0.0786856
0.0783003
0.0782403
0.078498
0.0790834
0.0800228
0.0813577
0.0831462
0.0854654
0.0884174
0.0921426
0.0968451
0.102854
0.110779
0.121965
0.140195
0.181052
0.383598
2.25477
1.85542
1.43855
1.07157
0.782648
0.570833
0.421794
0.318947
0.24829
0.199501
0.165451
0.141368
0.124095
0.111544
0.102323
0.0954872
0.0903883
0.086573
0.0837212
0.0816052
0.0800639
0.0789847
0.0782924
0.0779405
0.0779059
0.0781843
0.0787887
0.0797467
0.0811011
0.0829106
0.0852527
0.0882301
0.091983
0.0967157
0.102758
0.110717
0.121942
0.140219
0.181172
0.384357
1.4624
1.2224
0.974848
0.754601
0.576352
0.440517
0.340621
0.268477
0.216701
0.179485
0.152568
0.132931
0.118472
0.107729
0.0996872
0.0936301
0.0890503
0.0855836
0.0829669
0.0810101
0.0795769
0.0785719
0.0779312
0.0776164
0.0776096
0.0779106
0.0785345
0.0795111
0.0808841
0.0827132
0.0850762
0.0880761
0.0918532
0.096612
0.102681
0.11067
0.121925
0.140238
0.181262
0.384972
0.970688
0.829635
0.683075
0.549598
0.437807
0.349088
0.280975
0.229654
0.191321
0.16275
0.141408
0.125395
0.113316
0.104155
0.0971736
0.0918354
0.0877461
0.0846157
0.0822303
0.0804332
0.0791106
0.0781828
0.0775967
0.0773213
0.0773443
0.077669
0.0783132
0.0793082
0.0806992
0.0825465
0.0849286
0.0879487
0.0917473
0.0965287
0.102622
0.110634
0.121913
0.140252
0.181325
0.385457
0.670257
0.58652
0.4981
0.41526
0.343376
0.284063
0.236689
0.199603
0.170897
0.148796
0.131804
0.118729
0.108645
0.10085
0.0948106
0.0901255
0.0864913
0.0836791
0.0815168
0.0798763
0.078664
0.0778144
0.0772843
0.07705
0.077104
0.0774532
0.078118
0.0791314
0.0805398
0.0824043
0.0848039
0.0878424
0.0916601
0.0964612
0.102574
0.110607
0.121905
0.140261
0.181365
0.385824
0.485225
0.433809
0.378614
0.32547
0.277823
0.237114
0.203445
0.176189
0.154423
0.137181
0.123582
0.112877
0.104455
0.0978285
0.0926152
0.0885156
0.0852975
0.0827816
0.0808305
0.0793407
0.0782364
0.0774643
0.0769907
0.076798
0.0768837
0.0772579
0.0779434
0.078975
0.0804003
0.0822812
0.0846973
0.0877525
0.0915874
0.0964062
0.102537
0.110586
0.121898
0.140264
0.181383
0.386083
0.368613
0.335459
0.299471
0.264042
0.231396
0.20267
0.178199
0.157816
0.141095
0.127518
0.116567
0.10777
0.100724
0.0950906
0.0905948
0.0870144
0.0841721
0.0819283
0.0801744
0.0788276
0.077827
0.0771307
0.0767127
0.0765617
0.0766792
0.0770786
0.0777849
0.0788346
0.0802763
0.082173
0.0846046
0.0876754
0.0915262
0.0963608
0.102507
0.11057
0.121892
0.140263
0.181382
0.386239
0.292801
0.270187
0.245574
0.220978
0.197837
0.176993
0.158803
0.143288
0.130269
0.119472
0.110592
0.103331
0.0974211
0.0926266
0.0887496
0.0856253
0.0831191
0.0811226
0.0795505
0.0783375
0.0774354
0.0768119
0.0764483
0.0763382
0.0764873
0.0769118
0.0776389
0.0787065
0.0801645
0.0820763
0.0845228
0.0876084
0.0914739
0.096323
0.102483
0.110557
0.121887
0.140257
0.181362
0.386297
0.241807
0.225486
0.207828
0.190053
0.173093
0.157549
0.143727
0.13171
0.121436
0.112763
0.105508
0.099484
0.0945093
0.0904204
0.087074
0.0843478
0.0821395
0.0803657
0.0789598
0.0778706
0.0770611
0.0765069
0.0761955
0.0761254
0.0763056
0.076755
0.0775027
0.078588
0.080062
0.0819887
0.0844496
0.0875493
0.0914287
0.0962913
0.102463
0.110548
0.121883
0.140247
0.181325
0.38626
0.206332
0.193924
0.180674
0.167332
0.154503
0.142606
0.131878
0.122411
0.114195
0.107154
0.101181
0.0961539
0.0919494
0.0884524
0.085559
0.0831782
0.0812325
0.0796577
0.0784023
0.0774269
0.0767034
0.0762145
0.0759531
0.0759216
0.0761322
0.0766061
0.0773742
0.0784772
0.079967
0.0819084
0.0843834
0.0874968
0.0913895
0.0962649
0.102448
0.110542
0.121879
0.140232
0.181271
0.386132
0.180861
0.170997
0.160649
0.150283
0.140292
0.130961
0.122466
0.114886
0.108228
0.102453
0.0974948
0.0932728
0.0897023
0.0867011
0.0841933
0.082111
0.0803953
0.0789973
0.0778775
0.0770058
0.0763619
0.0759342
0.0757201
0.0757257
0.0759658
0.0764638
0.0772521
0.0783726
0.0798781
0.0818342
0.0843231
0.0874499
0.0913556
0.0962432
0.102437
0.110538
0.121876
0.140215
0.181202
0.385915
0.162045
0.153909
0.145545
0.137241
0.129252
0.121769
0.114914
0.108749
0.103284
0.0984984
0.0943482
0.0907788
0.0877307
0.0851446
0.0829643
0.0811391
0.0796243
0.0783827
0.0773843
0.0766069
0.0760361
0.0756654
0.075496
0.0755371
0.0758058
0.0763273
0.0771356
0.0782735
0.0797947
0.0817654
0.0842681
0.0874082
0.0913267
0.0962261
0.10243
0.110537
0.121873
0.140194
0.181118
0.38561
0.147788
0.140879
0.13392
0.127089
0.120549
0.114424
0.108796
0.103708
0.0991668
0.0951595
0.0916559
0.0886171
0.0860001
0.0837614
0.0818591
0.080255
0.0789152
0.0778115
0.0769216
0.0762293
0.0757256
0.0754077
0.0752803
0.0753553
0.0756516
0.0761962
0.0770242
0.0781795
0.0797164
0.0817017
0.0842183
0.0873717
0.0913027
0.0962136
0.102427
0.110539
0.121872
0.14017
0.18102
0.385222
0.136744
0.130739
0.12481
0.119062
0.113596
0.10849
0.103795
0.0995359
0.0957178
0.0923283
0.0893451
0.0867394
0.0844791
0.0825315
0.0808651
0.0794509
0.0782633
0.0772811
0.0764878
0.0758725
0.0754299
0.075161
0.0750732
0.0751802
0.0755032
0.0760704
0.0769178
0.0780904
0.0796431
0.0816431
0.0841736
0.0873403
0.0912839
0.096206
0.102428
0.110545
0.121873
0.140144
0.180909
0.384752
0.12802
0.122705
0.117554
0.112624
0.107973
0.103645
0.0996696
0.096059
0.0928118
0.0899164
0.0873546
0.0851038
0.0831394
0.0814362
0.0799703
0.0787194
0.0776641
0.0767887
0.0760815
0.0755355
0.0751488
0.0749253
0.0748745
0.0750122
0.0753608
0.07595
0.0768167
0.0780065
0.0795751
0.0815899
0.0841344
0.0873144
0.0912704
0.0962035
0.102434
0.110554
0.121875
0.140117
0.180785
0.384204
0.121009
0.116238
0.111691
0.107393
0.103372
0.0996501
0.0962387
0.0931402
0.0903484
0.0878514
0.0856329
0.0836744
0.0819564
0.080459
0.0791636
0.0780532
0.0771131
0.0763317
0.0757011
0.0752177
0.0748821
0.0747005
0.0746844
0.0748513
0.0752247
0.0758354
0.0767211
0.0779282
0.0795126
0.0815423
0.084101
0.0872944
0.0912628
0.0962067
0.102445
0.110568
0.12188
0.140088
0.180651
0.383581
0.115287
0.110956
0.10689
0.103092
0.0995682
0.0963248
0.0933613
0.0906721
0.0882472
0.0860738
0.0841368
0.0824204
0.0809083
0.0795848
0.078435
0.0774457
0.076606
0.0759076
0.0753454
0.0749184
0.0746295
0.0744868
0.0745033
0.0746979
0.0750953
0.0757269
0.0766315
0.0778557
0.0794561
0.0815009
0.0840738
0.0872806
0.0912614
0.0962159
0.102462
0.110586
0.121888
0.140059
0.180506
0.382886
0.110554
0.106587
0.102911
0.0995152
0.0963909
0.0935316
0.0909283
0.0885699
0.0864434
0.084535
0.0828304
0.0813156
0.0799766
0.0788005
0.0777754
0.076891
0.0761391
0.075514
0.075013
0.074637
0.0743909
0.0742842
0.0743314
0.0745524
0.0749729
0.0756251
0.0765483
0.0777897
0.0794061
0.081466
0.0840533
0.0872735
0.0912665
0.0962314
0.102485
0.110609
0.1219
0.14003
0.180352
0.382123
0.106592
0.102931
0.0995792
0.0965124
0.0937131
0.091166
0.0888558
0.0867673
0.0848855
0.0831958
0.0816844
0.0803383
0.0791455
0.078095
0.0771772
0.0763838
0.0757089
0.0751488
0.0747026
0.0743728
0.074166
0.0740929
0.074169
0.0744152
0.0748581
0.0755303
0.0764719
0.0777303
0.0793628
0.0814379
0.0840396
0.0872733
0.0912785
0.0962534
0.102513
0.110637
0.121914
0.14
0.180187
0.381295
0.103239
0.0998403
0.0967603
0.0939671
0.0914361
0.0891459
0.0870769
0.085211
0.0835318
0.082024
0.0806743
0.0794705
0.0784018
0.0774588
0.0766336
0.0759196
0.0753124
0.07481
0.074413
0.0741254
0.0739547
0.0739128
0.0740162
0.0742866
0.074751
0.075443
0.0764027
0.0776781
0.0793266
0.081417
0.084033
0.0872802
0.0912974
0.0962821
0.102548
0.11067
0.121932
0.13997
0.180012
0.380399
0.100358
0.0971971
0.0943493
0.0917873
0.0894812
0.0874054
0.0855374
0.0838573
0.0823474
0.0809925
0.0797792
0.0786962
0.0777337
0.0768834
0.0761386
0.0754941
0.0749468
0.074496
0.0741435
0.0738942
0.0737569
0.0737442
0.0738734
0.0741669
0.0746523
0.0753635
0.0763411
0.0776334
0.0792979
0.0814035
0.084034
0.0872945
0.0913236
0.0963177
0.102588
0.110709
0.121953
0.139939
0.179825
0.379432
0.0978474
0.0949034
0.0922667
0.0899029
0.087788
0.0858936
0.0841952
0.0826717
0.0813049
0.0800794
0.0789823
0.0780027
0.0771316
0.0763616
0.075687
0.0751038
0.0746098
0.0742052
0.0738929
0.0736788
0.0735724
0.0735871
0.0737408
0.0740563
0.074562
0.0752921
0.0762873
0.0775964
0.0792769
0.0813976
0.0840424
0.0873163
0.091357
0.0963602
0.102635
0.110752
0.121977
0.139909
0.179629
0.378396
0.0956394
0.0928892
0.0904407
0.0882577
0.0863089
0.0845698
0.0830163
0.0816264
0.0803817
0.079267
0.0782696
0.0773791
0.0765873
0.0758874
0.0752746
0.0747456
0.0742991
0.0739363
0.0736606
0.0734788
0.073401
0.0734414
0.0736183
0.0739551
0.0744805
0.0752289
0.0762416
0.0775672
0.0792635
0.0813994
0.0840585
0.0873454
0.0913975
0.0964093
0.102689
0.110801
0.122005
0.139878
0.179424
0.3773
0.0936793
0.0911052
0.0888249
0.0868015
0.0850031
0.0834017
0.0819733
0.0806988
0.0795595
0.0785405
0.0776294
0.0768166
0.076094
0.0754558
0.0748975
0.0744168
0.074013
0.0736879
0.0734457
0.0732937
0.0732426
0.0733071
0.0735061
0.0738633
0.0744077
0.0751742
0.0762039
0.0775459
0.0792579
0.0814087
0.0840819
0.0873817
0.0914449
0.0964648
0.102747
0.110854
0.122035
0.139847
0.179213
0.376154
0.0919232
0.0895114
0.0873836
0.0855031
0.0838376
0.0823593
0.0810438
0.0798704
0.0788231
0.0778876
0.0770522
0.0763074
0.0756459
0.0750622
0.0745526
0.0741151
0.0737498
0.0734589
0.0732474
0.0731229
0.0730968
0.073184
0.0734041
0.0737809
0.0743437
0.0751277
0.0761742
0.0775323
0.0792597
0.0814253
0.0841124
0.0874248
0.0914987
0.0965264
0.102812
0.110912
0.122069
0.139817
0.178995
0.374967
0.090336
0.0880754
0.0860879
0.084337
0.0827909
0.0814221
0.0802069
0.0791251
0.0781601
0.0772984
0.0765298
0.0758452
0.0752379
0.0747029
0.0742368
0.0738383
0.0735079
0.0732483
0.073065
0.072966
0.0729632
0.073072
0.073312
0.0737076
0.0742883
0.0750894
0.0761523
0.0775262
0.0792689
0.081449
0.0841497
0.0874744
0.0915587
0.0965935
0.102881
0.110974
0.122105
0.139787
0.178772
0.373743
0.0888894
0.0867714
0.0849144
0.0832826
0.0818452
0.0805752
0.0794498
0.0784496
0.0775587
0.0767641
0.0760554
0.0754246
0.0748659
0.0743745
0.0739477
0.0735846
0.0732859
0.073055
0.0728977
0.0728225
0.0728416
0.0729707
0.0732298
0.0736435
0.0742414
0.075059
0.076138
0.0775274
0.079285
0.0814794
0.0841933
0.0875301
0.0916243
0.0966658
0.102954
0.111039
0.122144
0.139757
0.178544
0.372484
0.0875607
0.0855785
0.0838441
0.0823231
0.0809856
0.0798058
0.0787619
0.0778354
0.0770111
0.0762768
0.0756226
0.075041
0.0745261
0.0740742
0.073683
0.073352
0.0730825
0.072878
0.0727448
0.0726918
0.0727314
0.0728798
0.073157
0.0735881
0.0742027
0.0750364
0.076131
0.0775356
0.0793077
0.081516
0.084243
0.0875913
0.0916951
0.096743
0.103032
0.111109
0.122187
0.139732
0.178317
0.371182
0.086332
0.08448
0.0828619
0.0814448
0.0802002
0.0791037
0.0781345
0.0772751
0.0765113
0.0758315
0.0752267
0.0746896
0.074215
0.0737993
0.0734407
0.0731391
0.0728963
0.0727163
0.0726055
0.0725733
0.0726323
0.0727988
0.0730934
0.0735411
0.0741718
0.0750211
0.0761309
0.0775502
0.0793366
0.0815585
0.0842981
0.0876577
0.0917706
0.0968245
0.103115
0.111183
0.122236
0.139716
0.178109
0.369885
0.0851892
0.0834629
0.0819559
0.080637
0.0794795
0.0784604
0.0775601
0.0767624
0.076054
0.0754241
0.0748641
0.0743676
0.0739297
0.0735473
0.0732187
0.0729444
0.0727263
0.0725689
0.072479
0.0724662
0.0725434
0.0727273
0.0730385
0.0735021
0.0741483
0.0750128
0.0761373
0.0775709
0.0793712
0.0816062
0.084358
0.0877285
0.0918503
0.0969099
0.103201
0.111261
0.122291
0.139714
0.177932
0.368649
0.0841216
0.0825171
0.0811166
0.0798911
0.0788157
0.0778689
0.0770327
0.0762921
0.0756347
0.0750506
0.0745319
0.0740726
0.0736683
0.0733163
0.0730154
0.0727662
0.0725711
0.0724348
0.0723644
0.0723699
0.0724644
0.0726647
0.0729916
0.0734706
0.0741317
0.0750107
0.0761495
0.077597
0.0794107
0.0816585
0.0844221
0.0878031
0.0919333
0.0969983
0.10329
0.111344
0.122352
0.139723
0.177781
0.367489
0.0831212
0.0816348
0.0803367
0.0792003
0.0782024
0.0773237
0.0765474
0.0758599
0.0752498
0.074708
0.0742272
0.0738021
0.0734288
0.0731048
0.0728294
0.0726034
0.0724297
0.0723131
0.072261
0.0722836
0.0723943
0.0726102
0.0729522
0.0734458
0.0741213
0.0750143
0.0761669
0.0776278
0.0794544
0.0817145
0.0844895
0.0878804
0.0920186
0.0970887
0.103381
0.111428
0.122417
0.139738
0.177649
0.366394
0.0821823
0.0808103
0.0796107
0.0785592
0.0776349
0.0768203
0.0761002
0.0754622
0.074896
0.0743934
0.0739478
0.0735543
0.0732094
0.0729113
0.0726594
0.0724549
0.072301
0.0722027
0.0721678
0.0722065
0.0723326
0.0725633
0.0729196
0.0734271
0.0741162
0.0750228
0.0761885
0.0776623
0.0795013
0.0817731
0.0845589
0.0879593
0.092105
0.0971797
0.103472
0.111512
0.122482
0.139757
0.177528
0.365363
0.081301
0.0800394
0.0789342
0.0779636
0.0771092
0.076355
0.0756876
0.0750959
0.0745707
0.0741045
0.0736914
0.0733271
0.0730086
0.0727344
0.0725042
0.0723197
0.0721841
0.0721029
0.0720839
0.0721378
0.0722784
0.072523
0.0728929
0.0734137
0.0741159
0.0750353
0.0762136
0.0776996
0.0795504
0.0818333
0.0846292
0.0880385
0.0921911
0.0972699
0.103562
0.111595
0.122546
0.139774
0.177411
0.364357
0.0804747
0.0793191
0.078304
0.0774105
0.076622
0.0759248
0.075307
0.0747586
0.0742715
0.0738391
0.0734562
0.073119
0.072825
0.0725728
0.0723628
0.0721967
0.0720781
0.0720127
0.0720086
0.0720766
0.0722308
0.0724885
0.0728713
0.0734047
0.0741193
0.0750508
0.0762411
0.0777387
0.0796007
0.081894
0.0846995
0.0881169
0.0922757
0.0973578
0.103649
0.111675
0.122605
0.139786
0.177285
0.363354
0.0797019
0.0786472
0.0777177
0.076897
0.0761709
0.0755273
0.0749558
0.0744479
0.0739964
0.0735955
0.0732407
0.0729286
0.0726571
0.0724253
0.0722339
0.0720849
0.071982
0.0719313
0.0719411
0.0720223
0.0721891
0.0724591
0.0728539
0.0733991
0.0741254
0.0750684
0.0762699
0.0777785
0.0796509
0.081954
0.0847683
0.0881931
0.0923574
0.0974421
0.103732
0.111749
0.122659
0.139792
0.177152
0.362357
0.0789814
0.078022
0.0771733
0.0764212
0.0757536
0.0751602
0.0746322
0.0741621
0.0737437
0.073372
0.0730432
0.0727543
0.0725037
0.0722909
0.0721167
0.0719834
0.0718951
0.071858
0.0718806
0.071974
0.0721525
0.072434
0.07284
0.0733963
0.0741334
0.0750871
0.0762991
0.0778179
0.0796999
0.082012
0.0848343
0.0882658
0.0924348
0.0975215
0.103809
0.111817
0.122706
0.139791
0.177013
0.36137
0.0783124
0.0774424
0.0766691
0.0759811
0.0753682
0.0748217
0.0743342
0.0738993
0.0735117
0.0731672
0.0728624
0.0725951
0.0723638
0.0721684
0.0720101
0.0718913
0.0718165
0.0717919
0.0718263
0.071931
0.0721204
0.0724125
0.0728288
0.0733954
0.0741426
0.0751062
0.0763279
0.077856
0.0797469
0.0820672
0.0848967
0.088334
0.092507
0.0975949
0.10388
0.111879
0.122746
0.139783
0.176868
0.3604
0.0776941
0.0769068
0.0762037
0.0755753
0.0750132
0.0745102
0.0740602
0.073658
0.073299
0.0729796
0.0726971
0.0724497
0.0722362
0.0720569
0.0719132
0.0718078
0.0717454
0.0717323
0.0717776
0.0718927
0.0720921
0.0723939
0.0728198
0.0733957
0.0741522
0.0751249
0.0763554
0.077892
0.079791
0.0821186
0.0849545
0.0883968
0.092573
0.0976614
0.103943
0.111932
0.122778
0.139767
0.176719
0.359452
0.0771253
0.0764142
0.0757756
0.0752021
0.0746868
0.0742241
0.0738089
0.0734368
0.0731042
0.0728081
0.0725462
0.072317
0.07212
0.0719555
0.0718252
0.0717321
0.071681
0.0716786
0.0717338
0.0718584
0.072067
0.0723777
0.0728123
0.0733967
0.0741616
0.0751426
0.0763811
0.0779253
0.0798314
0.0821655
0.0850069
0.0884535
0.092632
0.0977203
0.103997
0.111976
0.122801
0.139744
0.176565
0.358531
0.0766048
0.0759628
0.0753832
0.0748599
0.0743877
0.073962
0.0735787
0.0732344
0.0729261
0.0726514
0.0724084
0.0721961
0.0720142
0.0718633
0.0717453
0.0716635
0.0716228
0.0716299
0.0716943
0.0718275
0.0720444
0.0723631
0.0728056
0.0733978
0.0741702
0.0751585
0.0764041
0.0779551
0.0798675
0.0822073
0.0850533
0.0885032
0.0926834
0.0977708
0.104043
0.112012
0.122815
0.139713
0.176409
0.357643
0.0761306
0.0755511
0.0750249
0.0745473
0.0741143
0.0737224
0.0733684
0.0730496
0.0727636
0.0725085
0.0722829
0.0720861
0.0719179
0.0717795
0.0716728
0.0716012
0.0715699
0.0715859
0.0716584
0.0717994
0.0720238
0.0723498
0.0727993
0.0733983
0.0741775
0.0751723
0.0764242
0.077981
0.0798988
0.0822432
0.0850931
0.0885456
0.0927266
0.0978125
0.10408
0.112038
0.122821
0.139675
0.176251
0.356793
0.0757006
0.0751771
0.0746988
0.0742625
0.0738651
0.0735039
0.0731766
0.0728811
0.0726155
0.0723784
0.0721687
0.0719859
0.0718304
0.0717033
0.0716069
0.0715446
0.0715219
0.0715458
0.0716257
0.0717737
0.0720048
0.0723372
0.0727929
0.073398
0.074183
0.0751834
0.0764407
0.0780025
0.0799248
0.082273
0.0851258
0.08858
0.0927612
0.097845
0.104107
0.112055
0.122817
0.13963
0.176092
0.355985
0.0753126
0.0748387
0.0744033
0.0740039
0.0736385
0.0733052
0.0730021
0.0727277
0.0724807
0.07226
0.0720648
0.0718949
0.0717509
0.0716341
0.071547
0.0714932
0.0714781
0.0715091
0.0715957
0.0717499
0.0719868
0.0723249
0.072786
0.0733963
0.0741863
0.0751916
0.0764533
0.0780192
0.0799451
0.0822962
0.0851511
0.0886063
0.0927869
0.0978681
0.104125
0.112062
0.122805
0.139578
0.175933
0.355224
0.0749637
0.0745336
0.0741362
0.0737698
0.0734332
0.0731248
0.0728436
0.0725884
0.0723583
0.0721524
0.0719704
0.0718122
0.0716787
0.0715712
0.0714925
0.0714463
0.0714382
0.0714755
0.0715679
0.0717276
0.0719697
0.0723126
0.0727784
0.0733931
0.0741873
0.0751964
0.0764618
0.0780309
0.0799595
0.0823127
0.0851688
0.0886242
0.0928036
0.0978816
0.104132
0.112059
0.122784
0.13952
0.175775
0.354515
0.0746514
0.0742596
0.0738956
0.0735585
0.0732474
0.0729615
0.0726999
0.072462
0.0722471
0.0720547
0.0718846
0.0717371
0.071613
0.071514
0.0714429
0.0714035
0.0714015
0.0714444
0.071542
0.0717064
0.0719529
0.0723
0.0727696
0.073388
0.0741856
0.0751978
0.0764659
0.0780375
0.0799679
0.0823224
0.0851789
0.0886337
0.0928112
0.0978856
0.10413
0.112046
0.122754
0.139456
0.17562
0.353861
0.0743727
0.0740142
0.0736795
0.0733682
0.0730798
0.0728138
0.0725699
0.0723475
0.0721463
0.0719661
0.0718068
0.0716689
0.0715533
0.0714619
0.0713975
0.0713643
0.0713678
0.0714156
0.0715176
0.0716861
0.0719364
0.0722869
0.0727597
0.0733809
0.0741811
0.0751956
0.0764657
0.0780387
0.0799702
0.0823251
0.0851813
0.0886348
0.0928098
0.0978801
0.104118
0.112025
0.122716
0.139387
0.175469
0.353265
0.0741247
0.0737949
0.0734857
0.073197
0.0729286
0.0726803
0.0724521
0.0722437
0.0720549
0.0718856
0.0717361
0.0716068
0.0714989
0.0714144
0.0713561
0.0713282
0.0713365
0.0713887
0.0714945
0.0716665
0.0719198
0.072273
0.0727483
0.0733717
0.0741737
0.0751898
0.076461
0.0780348
0.0799665
0.082321
0.0851762
0.0886277
0.0927997
0.0978656
0.104098
0.111995
0.122671
0.139314
0.175323
0.352732
0.0739047
0.0735994
0.0733121
0.073043
0.0727921
0.0725596
0.0723453
0.0721494
0.0719717
0.0718123
0.0716715
0.0715501
0.0714491
0.0713707
0.0713179
0.0712948
0.0713073
0.0713632
0.0714724
0.0716472
0.071903
0.0722583
0.0727354
0.0733603
0.0741635
0.0751804
0.076452
0.0780258
0.079957
0.0823104
0.0851637
0.0886127
0.0927812
0.0978423
0.104068
0.111956
0.122619
0.139237
0.175182
0.352263
0.0737097
0.0734248
0.0731562
0.072904
0.0726685
0.0724497
0.0722479
0.0720632
0.0718955
0.071745
0.0716122
0.0714979
0.0714032
0.0713304
0.0712824
0.0712636
0.0712799
0.071339
0.0714509
0.071628
0.0718858
0.0722427
0.072721
0.0733467
0.0741504
0.0751674
0.0764388
0.0780118
0.0799417
0.0822934
0.0851443
0.0885901
0.0927546
0.0978107
0.10403
0.11191
0.12256
0.139157
0.175049
0.351861
0.0735365
0.0732684
0.0730154
0.0727776
0.0725554
0.0723489
0.0721582
0.0719835
0.0718248
0.0716826
0.0715571
0.0714492
0.0713603
0.0712925
0.071249
0.071234
0.0712536
0.0713155
0.0714297
0.0716088
0.071868
0.072226
0.0727049
0.0733309
0.0741345
0.0751511
0.0764215
0.0779931
0.0799212
0.0822704
0.0851183
0.0885604
0.0927205
0.0977715
0.103984
0.111857
0.122496
0.139075
0.174923
0.351527
0.0733818
0.0731269
0.0728866
0.072661
0.0724503
0.0722546
0.0720739
0.0719084
0.0717581
0.0716234
0.0715047
0.0714029
0.0713194
0.0712563
0.0712169
0.0712054
0.071228
0.0712924
0.0714085
0.0715891
0.0718494
0.072208
0.0726872
0.073313
0.074116
0.0751314
0.0764003
0.07797
0.0798956
0.0822418
0.0850862
0.0885242
0.0926795
0.0977251
0.103932
0.111797
0.122428
0.138992
0.174807
0.351262
0.0732416
0.0729963
0.072766
0.0725507
0.07235
0.072164
0.0719925
0.0718355
0.0716932
0.0715657
0.0714535
0.0713575
0.0712792
0.0712206
0.0711851
0.071177
0.0712023
0.0712689
0.0713868
0.0715686
0.0718297
0.0721886
0.0726676
0.0732928
0.0740947
0.0751087
0.0763756
0.0779428
0.0798654
0.0822082
0.0850485
0.088482
0.0926324
0.0976725
0.103873
0.111732
0.122355
0.138909
0.1747
0.351065
0.0731116
0.0728722
0.0726495
0.0724426
0.0722508
0.0720737
0.0719109
0.0717623
0.0716277
0.0715073
0.0714015
0.0713113
0.0712381
0.0711841
0.0711524
0.0711476
0.0711757
0.0712444
0.071364
0.0715469
0.0718085
0.0721675
0.0726461
0.0732705
0.074071
0.0750831
0.0763476
0.0779119
0.0798311
0.08217
0.085006
0.0884347
0.0925798
0.0976144
0.10381
0.111662
0.12228
0.138826
0.174603
0.350933
0.0729866
0.0727497
0.0725322
0.0723323
0.0721487
0.0719801
0.0718259
0.0716856
0.0715588
0.0714457
0.0713467
0.0712625
0.0711946
0.0711452
0.0711176
0.0711162
0.0711471
0.0712181
0.0713393
0.0715233
0.0717854
0.0721445
0.0726225
0.0732458
0.0740447
0.0750547
0.0763166
0.0778778
0.0797933
0.082128
0.0849593
0.088383
0.0925228
0.097552
0.103742
0.111589
0.122202
0.138745
0.174517
0.350861
0.0728613
0.0726235
0.0724094
0.0722156
0.0720397
0.0718797
0.0717343
0.0716027
0.0714842
0.0713789
0.071287
0.0712092
0.071147
0.0711027
0.0710795
0.0710818
0.0711157
0.0711891
0.0713121
0.0714973
0.0717601
0.0721192
0.0725967
0.0732189
0.0740161
0.0750239
0.076283
0.0778409
0.0797526
0.082083
0.0849096
0.0883281
0.0924626
0.0974864
0.103671
0.111514
0.122124
0.138665
0.174441
0.350837
0.072731
0.0724896
0.0722775
0.0720894
0.0719213
0.0717703
0.0716343
0.0715119
0.0714024
0.0713054
0.0712211
0.0711504
0.0710944
0.0710556
0.0710372
0.0710435
0.0710809
0.071157
0.0712821
0.0714687
0.0717324
0.0720916
0.0725688
0.0731899
0.0739856
0.0749912
0.0762476
0.0778022
0.0797101
0.0820362
0.084858
0.0882716
0.0924008
0.0974195
0.1036
0.111439
0.122047
0.13859
0.174375
0.350841
0.0725935
0.072347
0.0721365
0.0719541
0.0717941
0.0716526
0.0715265
0.0714141
0.071314
0.0712259
0.0711499
0.0710865
0.0710372
0.0710043
0.070991
0.0710018
0.0710429
0.0711221
0.0712496
0.0714379
0.0717026
0.0720623
0.0725393
0.0731597
0.073954
0.0749576
0.0762115
0.077763
0.0796673
0.0819893
0.0848067
0.0882154
0.0923398
0.0973536
0.103529
0.111366
0.121973
0.13852
0.174318
0.350843
0.0724525
0.0722012
0.0719925
0.0718163
0.0716649
0.0715331
0.0714171
0.0713146
0.0712241
0.0711449
0.0710771
0.0710212
0.0709787
0.0709517
0.0709437
0.070959
0.0710039
0.0710863
0.0712163
0.0714066
0.0716726
0.072033
0.0725101
0.07313
0.0739233
0.0749253
0.076177
0.0777258
0.079627
0.0819453
0.0847587
0.0881631
0.092283
0.0972926
0.103465
0.111299
0.121906
0.138458
0.17427
0.350785
0.0723221
0.0720679
0.0718622
0.0716922
0.0715489
0.071426
0.0713192
0.0712256
0.0711436
0.0710724
0.0710119
0.0709626
0.070926
0.0709044
0.070901
0.0709205
0.0709689
0.0710542
0.0711866
0.0713787
0.071646
0.0720072
0.0724846
0.0731043
0.0738969
0.0748977
0.0761478
0.0776946
0.0795932
0.0819087
0.0847188
0.0881198
0.0922361
0.0972424
0.103412
0.111245
0.121855
0.138416
0.174251
0.350593
0.0722318
0.0719774
0.0717746
0.0716093
0.0714717
0.0713548
0.071254
0.0711662
0.0710898
0.0710237
0.0709679
0.070923
0.0708903
0.0708722
0.070872
0.0708941
0.0709449
0.0710322
0.0711663
0.0713597
0.071628
0.0719899
0.0724676
0.0730873
0.0738795
0.0748798
0.076129
0.0776745
0.0795717
0.0818854
0.0846935
0.0880923
0.0922063
0.0972103
0.103378
0.11121
0.121821
0.138389
0.174233
0.350028
)
;

boundaryField
{
    leftWall
    {
        type            epsilonWallFunction;
        value           nonuniform List<scalar> 
86
(
0.0461769
0.0854691
0.130539
0.164291
0.19174
0.214746
0.234511
0.251919
0.267615
0.282059
0.295579
0.308559
0.321054
0.333163
0.344952
0.356471
0.36775
0.378816
0.38969
0.400396
0.410964
0.42144
0.431896
0.442449
0.453284
0.464694
0.47713
0.491258
0.508052
0.529016
0.556828
0.59191
0.629038
0.662744
0.686542
0.718115
0.783418
0.809232
0.806145
0.772109
0.760163
0.770618
0.798351
0.836243
0.877043
0.91559
0.949965
0.976103
0.992741
1.00109
1.00201
0.996133
0.984068
0.966449
0.944026
0.917661
0.888291
0.856883
0.824376
0.791626
0.75935
0.728112
0.698311
0.670202
0.643919
0.619518
0.597013
0.576397
0.557648
0.540716
0.52555
0.512123
0.500483
0.490792
0.483367
0.478765
0.477919
0.482367
0.494594
0.518654
0.561669
0.637319
0.772288
1.02103
1.54195
3.21424
)
;
    }
    rightWall
    {
        type            epsilonWallFunction;
        value           nonuniform List<scalar> 
86
(
0.0335224
0.0968236
0.13136
0.169537
0.203074
0.231696
0.255935
0.276423
0.293733
0.30836
0.320845
0.331479
0.340502
0.348144
0.354602
0.36005
0.364637
0.368493
0.371731
0.374447
0.376723
0.37863
0.380227
0.381562
0.382675
0.383598
0.384357
0.384972
0.385457
0.385824
0.386083
0.386239
0.386297
0.38626
0.386132
0.385915
0.38561
0.385222
0.384752
0.384204
0.383581
0.382886
0.382123
0.381295
0.380399
0.379432
0.378396
0.3773
0.376154
0.374967
0.373743
0.372484
0.371182
0.369885
0.368649
0.367489
0.366394
0.365363
0.364357
0.363354
0.362357
0.36137
0.3604
0.359452
0.358531
0.357643
0.356793
0.355985
0.355224
0.354515
0.353861
0.353265
0.352732
0.352263
0.351861
0.351527
0.351262
0.351065
0.350933
0.350861
0.350837
0.350841
0.350843
0.350785
0.350593
0.350028
)
;
    }
    lowerWall
    {
        type            epsilonWallFunction;
        value           nonuniform List<scalar> 
110
(
0.0461769
0.147467
0.269375
0.370488
0.457649
0.534683
0.604521
0.669378
0.730998
0.790813
0.850059
0.909863
0.971294
1.03539
1.10318
1.17565
1.25378
1.33842
1.43033
1.53002
1.63774
1.75331
1.87603
2.0046
2.13699
2.27041
2.40128
2.52533
2.63771
2.73329
2.80696
2.85402
2.87051
2.85322
2.79933
2.70971
2.59962
2.46299
2.29655
2.09989
1.87694
1.64055
1.42141
1.27371
1.11425
0.744157
0.744157
2.07825
3.57324
4.82508
6.10922
7.53735
9.11751
10.7503
12.2551
13.5188
28.9938
41.0047
40.5267
33.813
0.0585279
0.142261
0.178992
0.235339
0.309961
0.4107
0.578419
1.00981
2.53677
8.07278
0.0585279
0.0814702
0.0860441
0.37016
0.406041
0.449251
0.471666
0.479169
0.477038
0.469547
0.459553
0.44881
0.438241
0.428309
0.419435
0.411908
0.405366
0.399588
0.394393
0.389684
0.385321
0.381264
0.377418
0.373724
0.370084
0.36627
0.372826
0.371157
0.0863625
0.367598
0.369023
0.0862706
0.0859117
0.372137
0.367224
0.369893
0.0864928
0.0857023
0.0745297
0.0335224
)
;
    }
    atmosphere
    {
        type            inletOutlet;
        inletValue      uniform 0.1;
        value           nonuniform List<scalar> 
90
(
0.1
0.1
0.1
0.1
0.1
0.1
0.1
0.1
0.1
0.1
0.1
0.1
0.1
0.1
0.1
0.1
0.1
0.1
0.1
0.1
0.1
0.1
0.1
0.1
0.1
0.1
0.1
0.1
0.1
0.1
0.1
0.1
0.1
0.1
0.1
0.1
0.1
0.1
0.1
0.1
0.0862107
0.0822525
0.079456
0.0774271
0.0759298
0.0748126
0.0739948
0.0733836
0.0729102
0.0725405
0.0722318
0.0719774
0.0717746
0.0716093
0.0714717
0.0713548
0.071254
0.0711662
0.0710898
0.0710237
0.0709679
0.070923
0.0708903
0.0708722
0.070872
0.0708941
0.0709449
0.0710322
0.0711663
0.0713597
0.071628
0.0719899
0.0724676
0.0730873
0.0738795
0.0748798
0.076129
0.0776745
0.0795717
0.0818854
0.0846935
0.0880923
0.0922063
0.0972103
0.103378
0.11121
0.121821
0.138389
0.174233
0.350028
)
;
    }
    defaultFaces
    {
        type            empty;
    }
}


// ************************************************************************* //
