/*--------------------------------*- C++ -*----------------------------------*\
  =========                 |
  \\      /  F ield         | OpenFOAM: The Open Source CFD Toolbox
   \\    /   O peration     | Website:  https://openfoam.org
    \\  /    A nd           | Version:  7
     \\/     M anipulation  |
\*---------------------------------------------------------------------------*/
FoamFile
{
    version     2.0;
    format      ascii;
    class       volVectorField;
    location    "0.15";
    object      U;
}
// * * * * * * * * * * * * * * * * * * * * * * * * * * * * * * * * * * * * * //

dimensions      [0 1 -1 0 0 0 0];

internalField   nonuniform List<vector> 
2268
(
(-0.00611222 -0.00125368 0)
(0.0261647 -0.0156565 0)
(0.0939235 -0.0225764 0)
(0.168194 -0.0245667 0)
(0.246331 -0.0252272 0)
(0.327432 -0.0256076 0)
(0.41106 -0.0259909 0)
(0.497369 -0.0265096 0)
(0.587 -0.0272845 0)
(0.680882 -0.0284146 0)
(0.780097 -0.0299587 0)
(0.885741 -0.031925 0)
(0.998638 -0.0342201 0)
(1.11886 -0.0365848 0)
(1.24513 -0.0385356 0)
(1.3739 -0.0392176 0)
(1.49788 -0.0371734 0)
(1.60197 -0.03013 0)
(1.66971 -0.00507047 0)
(1.61336 0.0423995 0)
(1.36699 0.10744 0)
(0.888721 0.174408 0)
(0.37306 0.138415 0)
(0.011831 -0.00786387 0)
(0.0574019 -0.0374285 0)
(0.125382 -0.0504034 0)
(0.19749 -0.0550944 0)
(0.272701 -0.0575708 0)
(0.351005 -0.0595662 0)
(0.432313 -0.0616023 0)
(0.516931 -0.0639572 0)
(0.605464 -0.0668615 0)
(0.698675 -0.070483 0)
(0.797374 -0.0748733 0)
(0.902239 -0.0799097 0)
(1.01352 -0.0851996 0)
(1.13062 -0.0899636 0)
(1.25158 -0.0928956 0)
(1.37234 -0.0918746 0)
(1.48564 -0.0833246 0)
(1.58013 -0.0611602 0)
(1.63327 -0.0103683 0)
(1.65273 0.0817202 0)
(1.59612 0.220994 0)
(1.32616 0.416597 0)
(0.839899 0.470856 0)
(0.0245353 -0.0285806 0)
(0.0783219 -0.0668095 0)
(0.147375 -0.0819935 0)
(0.21804 -0.0881625 0)
(0.290928 -0.0919805 0)
(0.366778 -0.0953749 0)
(0.445804 -0.0989625 0)
(0.52842 -0.103091 0)
(0.615201 -0.108045 0)
(0.706776 -0.114016 0)
(0.80372 -0.121012 0)
(0.906372 -0.128763 0)
(1.01456 -0.136585 0)
(1.12724 -0.143219 0)
(1.24205 -0.146616 0)
(1.35475 -0.143564 0)
(1.45852 -0.128974 0)
(1.54353 -0.0946359 0)
(1.59535 -0.0292413 0)
(1.60273 0.0854712 0)
(1.56931 0.273535 0)
(1.35798 0.61025 0)
(1.03076 0.922122 0)
(0.0312138 -0.054566 0)
(0.0921215 -0.0993156 0)
(0.163582 -0.114899 0)
(0.23399 -0.121633 0)
(0.30545 -0.126425 0)
(0.379461 -0.131098 0)
(0.456579 -0.136226 0)
(0.537356 -0.142156 0)
(0.622376 -0.149185 0)
(0.712178 -0.157481 0)
(0.807156 -0.166965 0)
(0.907385 -0.177177 0)
(1.01237 -0.187107 0)
(1.12073 -0.195 0)
(1.22986 -0.198099 0)
(1.33548 -0.192246 0)
(1.43136 -0.17123 0)
(1.50957 -0.125889 0)
(1.56155 -0.0447067 0)
(1.57979 0.0877431 0)
(1.57539 0.30645 0)
(1.33291 0.754599 0)
(1.09443 1.41373 0)
(0.0341494 -0.0837352 0)
(0.100692 -0.133974 0)
(0.175016 -0.148636 0)
(0.246001 -0.155178 0)
(0.316786 -0.160626 0)
(0.389515 -0.166486 0)
(0.465088 -0.17316 0)
(0.54422 -0.180938 0)
(0.627536 -0.190079 0)
(0.715523 -0.200688 0)
(0.808442 -0.212557 0)
(0.906159 -0.224999 0)
(1.00792 -0.236658 0)
(1.1121 -0.245289 0)
(1.2159 -0.247484 0)
(1.31507 -0.238311 0)
(1.40398 -0.210867 0)
(1.47652 -0.155905 0)
(1.52837 -0.063069 0)
(1.55812 0.0811207 0)
(1.56978 0.3279 0)
(1.24657 0.894719 0)
(1.11357 1.92755 0)
(0.0355143 -0.114768 0)
(0.10587 -0.170247 0)
(0.182651 -0.183106 0)
(0.254505 -0.188745 0)
(0.325079 -0.194449 0)
(0.396945 -0.201294 0)
(0.471285 -0.20942 0)
(0.548964 -0.218994 0)
(0.630663 -0.230197 0)
(0.716846 -0.24303 0)
(0.80767 -0.257121 0)
(0.902839 -0.27153 0)
(1.0014 -0.284542 0)
(1.10152 -0.293436 0)
(1.20025 -0.29421 0)
(1.29337 -0.281311 0)
(1.37568 -0.247525 0)
(1.44236 -0.184331 0)
(1.49149 -0.0833226 0)
(1.52457 0.0706987 0)
(1.52268 0.354065 0)
(1.05458 1.10389 0)
(1.14655 2.42592 0)
(0.0364476 -0.147038 0)
(0.108874 -0.207633 0)
(0.187267 -0.218229 0)
(0.25989 -0.222458 0)
(0.330449 -0.228048 0)
(0.401717 -0.235644 0)
(0.475058 -0.245072 0)
(0.551451 -0.256337 0)
(0.631629 -0.269503 0)
(0.716041 -0.284436 0)
(0.804772 -0.300569 0)
(0.897397 -0.316687 0)
(0.992803 -0.330709 0)
(1.089 -0.339447 0)
(1.18291 -0.338339 0)
(1.27024 -0.321294 0)
(1.34595 -0.281071 0)
(1.40556 -0.210634 0)
(1.44894 -0.102917 0)
(1.47791 0.0618544 0)
(1.44657 0.385165 0)
(0.872651 1.41386 0)
(1.20457 2.8262 0)
(0.0372557 -0.180102 0)
(0.110313 -0.245778 0)
(0.189343 -0.253825 0)
(0.262429 -0.25632 0)
(0.332969 -0.26151 0)
(0.403758 -0.269632 0)
(0.476244 -0.280191 0)
(0.55147 -0.293012 0)
(0.6302 -0.308018 0)
(0.712876 -0.324909 0)
(0.799527 -0.342901 0)
(0.889629 -0.360489 0)
(0.981948 -0.37522 0)
(1.07437 -0.383442 0)
(1.16369 -0.38003 0)
(1.24548 -0.358376 0)
(1.31425 -0.3115 0)
(1.36519 -0.234451 0)
(1.40176 -0.121274 0)
(1.42307 0.0545505 0)
(1.36455 0.469948 0)
(0.723905 1.74627 0)
(1.30076 3.19917 0)
(-0.0854294 0.0305671 0)
(-0.157772 0.0040954 0)
(-0.136305 -0.011135 0)
(-0.0894631 -0.0158401 0)
(-0.0330491 -0.0141909 0)
(0.0142195 -0.010703 0)
(0.049089 -0.00704221 0)
(0.0716775 -0.00391051 0)
(0.0840764 -0.00159303 0)
(0.0886643 2.73988e-05 0)
(0.087459 0.00133316 0)
(0.0819437 0.0023033 0)
(0.0730352 0.00307469 0)
(0.0614265 0.00371803 0)
(0.0476853 0.00423861 0)
(0.0325218 0.00454873 0)
(0.0171874 0.00437817 0)
(0.00299154 0.00287956 0)
(-0.00206258 2.17567e-05 0)
(-0.0896669 0.0823975 0)
(-0.155762 0.015813 0)
(-0.131736 -0.0222812 0)
(-0.0845418 -0.0363014 0)
(-0.028972 -0.0344952 0)
(0.0171248 -0.0270936 0)
(0.0511971 -0.0187787 0)
(0.073649 -0.0114034 0)
(0.0863774 -0.00557146 0)
(0.0914086 -0.00118756 0)
(0.0904726 0.00219978 0)
(0.0849496 0.00476952 0)
(0.0759723 0.00676906 0)
(0.0643853 0.00834133 0)
(0.0509221 0.00949037 0)
(0.0364019 0.010027 0)
(0.0219425 0.00945502 0)
(0.00859732 0.00648597 0)
(0.00138976 0.000388493 0)
(-0.0939015 0.138465 0)
(-0.163925 0.0225361 0)
(-0.131955 -0.0378202 0)
(-0.0810617 -0.0588707 0)
(-0.0246175 -0.0555492 0)
(0.0206418 -0.0435695 0)
(0.0534265 -0.0302897 0)
(0.0746887 -0.0185361 0)
(0.0864635 -0.00910335 0)
(0.0907497 -0.00183872 0)
(0.089315 0.00364243 0)
(0.0836028 0.00780755 0)
(0.0747364 0.0109926 0)
(0.0635924 0.0134068 0)
(0.0509467 0.015066 0)
(0.0376067 0.0157355 0)
(0.0244904 0.0148306 0)
(0.0123538 0.0110369 0)
(0.00425386 0.00338625 0)
(-0.110026 0.200723 0)
(-0.182615 0.0270823 0)
(-0.13655 -0.0570455 0)
(-0.0778956 -0.0837516 0)
(-0.0183294 -0.0774216 0)
(0.0268091 -0.0600487 0)
(0.0582285 -0.0414733 0)
(0.0779003 -0.0252487 0)
(0.0882848 -0.0122558 0)
(0.0915134 -0.00227449 0)
(0.0893815 0.00525036 0)
(0.0833158 0.010917 0)
(0.0744145 0.0151842 0)
(0.0635489 0.0183303 0)
(0.0514819 0.0203938 0)
(0.0389537 0.0211319 0)
(0.0266755 0.0199526 0)
(0.0151575 0.0156604 0)
(0.0062458 0.00735152 0)
(-0.136116 0.273806 0)
(-0.212324 0.0263086 0)
(-0.144713 -0.0819365 0)
(-0.0741554 -0.111788 0)
(-0.00950425 -0.100266 0)
(0.0359867 -0.0763284 0)
(0.0658584 -0.0520233 0)
(0.0835542 -0.0312819 0)
(0.0921672 -0.0148387 0)
(0.0940294 -0.0022792 0)
(0.0909508 0.00714547 0)
(0.0843168 0.0141791 0)
(0.075184 0.0194011 0)
(0.0643866 0.0231615 0)
(0.0526347 0.0255346 0)
(0.0405653 0.0263007 0)
(0.028688 0.0249156 0)
(0.0173124 0.0203946 0)
(0.00750491 0.0120647 0)
(-0.168964 0.365712 0)
(-0.25661 0.0181645 0)
(-0.155801 -0.114369 0)
(-0.0688879 -0.143777 0)
(0.00236187 -0.12433 0)
(0.0482978 -0.0922606 0)
(0.0762315 -0.0616981 0)
(0.0914948 -0.0364124 0)
(0.0979443 -0.0166721 0)
(0.0981307 -0.00172585 0)
(0.0938597 0.00941434 0)
(0.0864533 0.0176548 0)
(0.0769032 0.0236936 0)
(0.0659792 0.0279556 0)
(0.0543099 0.0305639 0)
(0.0424105 0.0313463 0)
(0.030606 0.0298417 0)
(0.0190457 0.0253159 0)
(0.00830787 0.0173588 0)
(-0.206756 0.466982 0)
(-0.321125 0.00835331 0)
(-0.168631 -0.157604 0)
(-0.0608865 -0.181356 0)
(0.0178362 -0.150017 0)
(0.0638685 -0.10777 0)
(0.0891783 -0.0703106 0)
(0.101443 -0.0404633 0)
(0.105314 -0.0176145 0)
(0.103525 -0.000509705 0)
(0.0978415 0.0121401 0)
(0.0894886 0.0214152 0)
(0.0793664 0.0281316 0)
(0.0681555 0.0327922 0)
(0.0563834 0.0355793 0)
(0.0444341 0.036385 0)
(0.0324727 0.0348492 0)
(0.0205234 0.0304918 0)
(0.00888042 0.0231174 0)
(-0.257889 0.693621 0)
(-0.388326 -0.0116009 0)
(-0.18105 -0.221402 0)
(-0.0474338 -0.228554 0)
(0.0380915 -0.178134 0)
(0.0830004 -0.122846 0)
(0.104594 -0.0776826 0)
(0.113142 -0.0432616 0)
(0.113981 -0.0175284 0)
(0.109924 0.00147755 0)
(0.102632 0.0154079 0)
(0.0931889 0.025532 0)
(0.0823717 0.0327828 0)
(0.0707493 0.037743 0)
(0.0587329 0.0406609 0)
(0.0465732 0.0415036 0)
(0.034302 0.0400213 0)
(0.0218515 0.0359676 0)
(0.00937735 0.029265 0)
(0.0378103 -0.231967 0)
(0.110175 -0.305997 0)
(0.188597 -0.309841 0)
(0.261631 -0.309458 0)
(0.331863 -0.313742 0)
(0.401875 -0.322346 0)
(0.473091 -0.334369 0)
(0.546559 -0.349361 0)
(0.623056 -0.366992 0)
(0.703004 -0.386676 0)
(0.786361 -0.407254 0)
(0.872496 -0.426743 0)
(0.96004 -0.442097 0)
(1.04673 -0.448908 0)
(1.12918 -0.441121 0)
(1.2023 -0.411483 0)
(1.25909 -0.354193 0)
(1.29614 -0.267227 0)
(1.32302 -0.146842 0)
(1.32671 0.058089 0)
(1.34591 0.961705 0)
(1.0858 2.02149 0)
(1.58034 3.90327 0)
(0.0374812 -0.301622 0)
(0.107083 -0.386101 0)
(0.181893 -0.384616 0)
(0.252356 -0.380744 0)
(0.320563 -0.383751 0)
(0.388507 -0.392606 0)
(0.457334 -0.406067 0)
(0.527949 -0.423408 0)
(0.601046 -0.443977 0)
(0.676974 -0.466766 0)
(0.755602 -0.490075 0)
(0.836192 -0.511238 0)
(0.917264 -0.526334 0)
(0.996415 -0.52976 0)
(1.06957 -0.514015 0)
(1.12908 -0.471697 0)
(1.16756 -0.399306 0)
(1.196 -0.300893 0)
(1.21504 -0.168187 0)
(1.18471 0.161139 0)
(1.15086 0.882733 0)
(1.08388 1.59676 0)
(1.53466 3.58567 0)
(0.0366896 -0.369324 0)
(0.102133 -0.460855 0)
(0.17143 -0.454928 0)
(0.237544 -0.448625 0)
(0.302268 -0.45084 0)
(0.366988 -0.459994 0)
(0.432524 -0.474665 0)
(0.49959 -0.493956 0)
(0.568742 -0.516947 0)
(0.640216 -0.542223 0)
(0.713781 -0.567542 0)
(0.788611 -0.589544 0)
(0.863177 -0.603334 0)
(0.934836 -0.60184 0)
(0.997491 -0.576113 0)
(1.04065 -0.51947 0)
(1.06985 -0.434956 0)
(1.09566 -0.327908 0)
(1.11702 -0.133991 0)
(1.00221 0.297328 0)
(0.884414 0.784763 0)
(0.787808 1.32956 0)
(1.28025 2.81479 0)
(0.0354891 -0.434267 0)
(0.0959184 -0.529343 0)
(0.158696 -0.519676 0)
(0.219407 -0.511951 0)
(0.279566 -0.513918 0)
(0.340046 -0.523553 0)
(0.401397 -0.539363 0)
(0.46415 -0.560359 0)
(0.528714 -0.585388 0)
(0.595202 -0.612655 0)
(0.663288 -0.639396 0)
(0.7321 -0.661528 0)
(0.800097 -0.673007 0)
(0.863756 -0.664987 0)
(0.912757 -0.627854 0)
(0.944288 -0.557523 0)
(0.971233 -0.465907 0)
(0.991245 -0.338243 0)
(0.923807 0.0174123 0)
(0.76404 0.398517 0)
(0.676805 0.811908 0)
(0.607205 1.25907 0)
(0.972552 2.1974 0)
(0.0338536 -0.495737 0)
(0.0887533 -0.590916 0)
(0.144582 -0.578197 0)
(0.199369 -0.569919 0)
(0.254264 -0.572118 0)
(0.30974 -0.582429 0)
(0.366146 -0.599376 0)
(0.423867 -0.621917 0)
(0.483183 -0.648697 0)
(0.54411 -0.677573 0)
(0.606271 -0.705276 0)
(0.668831 -0.726935 0)
(0.730139 -0.735078 0)
(0.784081 -0.719064 0)
(0.818478 -0.669447 0)
(0.845986 -0.590701 0)
(0.868759 -0.484618 0)
(0.885304 -0.212798 0)
(0.718 0.136719 0)
(0.575072 0.496751 0)
(0.507946 0.853524 0)
(0.466317 1.20012 0)
(0.677228 1.74713 0)
(0.0318212 -0.553058 0)
(0.0808615 -0.645269 0)
(0.129621 -0.630239 0)
(0.178281 -0.62209 0)
(0.227506 -0.624856 0)
(0.277448 -0.635968 0)
(0.328316 -0.654027 0)
(0.38038 -0.677967 0)
(0.43383 -0.706263 0)
(0.488637 -0.736463 0)
(0.544461 -0.764804 0)
(0.600594 -0.785468 0)
(0.654744 -0.789204 0)
(0.696007 -0.76421 0)
(0.722852 -0.703995 0)
(0.747512 -0.618724 0)
(0.773774 -0.481458 0)
(0.676451 -0.106426 0)
(0.522106 0.25325 0)
(0.414843 0.587495 0)
(0.358768 0.890171 0)
(0.334611 1.15591 0)
(0.447868 1.46364 0)
(0.0295105 -0.605722 0)
(0.0724259 -0.692328 0)
(0.114138 -0.67579 0)
(0.156659 -0.668275 0)
(0.200015 -0.671785 0)
(0.244097 -0.683711 0)
(0.288997 -0.702781 0)
(0.334895 -0.727935 0)
(0.381932 -0.757527 0)
(0.430112 -0.788854 0)
(0.479259 -0.817649 0)
(0.52886 -0.836942 0)
(0.574699 -0.835369 0)
(0.603771 -0.800579 0)
(0.627392 -0.733941 0)
(0.645511 -0.636655 0)
(0.662431 -0.333988 0)
(0.492468 0.0237196 0)
(0.36126 0.36274 0)
(0.278516 0.663203 0)
(0.234163 0.91962 0)
(0.226758 1.12685 0)
(0.305442 1.30103 0)
(0.0269961 -0.653488 0)
(0.0635326 -0.732085 0)
(0.0983247 -0.714952 0)
(0.134871 -0.708454 0)
(0.172352 -0.712751 0)
(0.210441 -0.72538 0)
(0.249122 -0.745248 0)
(0.288493 -0.771349 0)
(0.328683 -0.801989 0)
(0.369797 -0.834294 0)
(0.411945 -0.863473 0)
(0.45474 -0.881206 0)
(0.490597 -0.873975 0)
(0.513164 -0.830543 0)
(0.534068 -0.757124 0)
(0.554248 -0.635582 0)
(0.460429 -0.239322 0)
(0.323374 0.130566 0)
(0.226491 0.452894 0)
(0.163085 0.721069 0)
(0.133374 0.936381 0)
(0.142775 1.09411 0)
(0.213178 1.18922 0)
(0.0237202 -0.695652 0)
(0.0540461 -0.764248 0)
(0.0822986 -0.747791 0)
(0.113302 -0.742681 0)
(0.14515 -0.747714 0)
(0.177368 -0.760818 0)
(0.209831 -0.781151 0)
(0.242556 -0.807823 0)
(0.275662 -0.839199 0)
(0.309398 -0.872342 0)
(0.344241 -0.901956 0)
(0.379634 -0.918221 0)
(0.405386 -0.906061 0)
(0.425255 -0.856719 0)
(0.44081 -0.773969 0)
(0.482991 -0.497151 0)
(0.315258 -0.118951 0)
(0.194619 0.229967 0)
(0.116449 0.525563 0)
(0.0677262 0.761425 0)
(0.0526385 0.93825 0)
(0.0759572 1.05216 0)
(0.144185 1.09649 0)
(0.0173292 -0.730885 0)
(0.0434556 -0.7894 0)
(0.0662212 -0.775008 0)
(0.0925081 -0.771412 0)
(0.119343 -0.776967 0)
(0.146189 -0.790196 0)
(0.172835 -0.810553 0)
(0.199196 -0.837318 0)
(0.225337 -0.869027 0)
(0.251611 -0.902841 0)
(0.27893 -0.933109 0)
(0.30634 -0.948338 0)
(0.324541 -0.93195 0)
(0.342502 -0.87923 0)
(0.358976 -0.793559 0)
(0.362562 -0.401273 0)
(0.196747 -0.012239 0)
(0.0899648 0.31903 0)
(0.0233036 0.584939 0)
(-0.0124177 0.787126 0)
(-0.0138498 0.927265 0)
(0.0198868 1.00391 0)
(0.0860874 1.01536 0)
(0.00494759 -0.758171 0)
(0.0316825 -0.811572 0)
(0.050996 -0.799123 0)
(0.0736066 -0.796299 0)
(0.0964215 -0.801875 0)
(0.118872 -0.814769 0)
(0.140675 -0.834634 0)
(0.161601 -0.860892 0)
(0.181552 -0.892277 0)
(0.200822 -0.926182 0)
(0.220707 -0.957023 0)
(0.239917 -0.972033 0)
(0.253555 -0.954561 0)
(0.268511 -0.899129 0)
(0.292311 -0.781753 0)
(0.189802 -0.300986 0)
(0.0678073 0.0882592 0)
(-0.0132889 0.395519 0)
(-0.0638126 0.630201 0)
(-0.0840061 0.798778 0)
(-0.0721059 0.905274 0)
(-0.0308092 0.952081 0)
(0.0330273 0.942862 0)
(-0.00450305 -0.772757 0)
(0.0220013 -0.833493 0)
(0.0392783 -0.820977 0)
(0.0586212 -0.818441 0)
(0.0785161 -0.823887 0)
(0.0980625 -0.836132 0)
(0.116778 -0.854916 0)
(0.134244 -0.8797 0)
(0.150085 -0.909351 0)
(0.164218 -0.941567 0)
(0.177761 -0.971693 0)
(0.189667 -0.988019 0)
(0.199674 -0.973558 0)
(0.209648 -0.924956 0)
(0.232401 -0.650051 0)
(0.0478627 -0.190517 0)
(-0.0485261 0.174691 0)
(-0.110859 0.453906 0)
(-0.144945 0.658221 0)
(-0.149484 0.79578 0)
(-0.125657 0.873556 0)
(-0.0788788 0.898107 0)
(-0.0173986 0.876693 0)
(0.0390701 -0.775261 0)
(0.0220763 -0.8461 0)
(0.0337785 -0.834522 0)
(0.0494034 -0.83442 0)
(0.0678379 -0.840465 0)
(0.0867204 -0.85208 0)
(0.105089 -0.869335 0)
(0.122271 -0.891832 0)
(0.1375 -0.91866 0)
(0.149852 -0.948039 0)
(0.158401 -0.977149 0)
(0.162552 -0.995645 0)
(0.167598 -0.98734 0)
(0.17798 -0.942944 0)
(0.0932917 -0.498123 0)
(-0.07123 -0.0793602 0)
(-0.151189 0.25006 0)
(-0.200259 0.496592 0)
(-0.219165 0.670137 0)
(-0.209466 0.779507 0)
(-0.175801 0.834049 0)
(-0.125183 0.84293 0)
(-0.0657398 0.815085 0)
(0.246496 -0.822011 0)
(0.0371733 -0.833175 0)
(0.0351196 -0.838598 0)
(0.0467579 -0.844752 0)
(0.0662681 -0.852146 0)
(0.0877265 -0.863937 0)
(0.109599 -0.881046 0)
(0.130991 -0.903328 0)
(0.150528 -0.929647 0)
(0.165995 -0.957015 0)
(0.169162 -0.982736 0)
(0.155125 -1.00631 0)
(0.135043 -0.994783 0)
(0.110777 -0.850013 0)
(-0.0977526 -0.373707 0)
(-0.196911 0.0163909 0)
(-0.25636 0.309713 0)
(-0.286592 0.523024 0)
(-0.288247 0.667017 0)
(-0.264959 0.751852 0)
(-0.223056 0.788513 0)
(-0.169597 0.787064 0)
(-0.111668 0.756702 0)
(0.510861 -1.02139 0)
(0.0409971 -0.747395 0)
(0.0528542 -0.837105 0)
(0.0557929 -0.853838 0)
(0.076662 -0.863329 0)
(0.102171 -0.876315 0)
(0.128441 -0.894637 0)
(0.152982 -0.918017 0)
(0.171921 -0.944879 0)
(0.18033 -0.969213 0)
(0.167979 -0.977033 0)
(0.146056 -0.99752 0)
(0.0444463 -0.965046 0)
(-0.135668 -0.633267 0)
(-0.269772 -0.249818 0)
(-0.333776 0.0857199 0)
(-0.363496 0.344321 0)
(-0.369385 0.528765 0)
(-0.352185 0.648032 0)
(-0.316091 0.713801 0)
(-0.26717 0.737984 0)
(-0.211398 0.730592 0)
(-0.154429 0.700474 0)
(-0.0736728 -1.23913 0)
(-0.0180303 -0.488646 0)
(0.0494827 -0.814584 0)
(0.0475782 -0.910459 0)
(0.0614417 -0.941492 0)
(0.0727422 -0.959378 0)
(0.0800292 -0.974847 0)
(0.0812058 -0.986467 0)
(0.0731836 -0.988569 0)
(0.0529028 -0.972581 0)
(0.0143312 -0.937544 0)
(-0.0558607 -0.879771 0)
(-0.178241 -0.755372 0)
(-0.320035 -0.505589 0)
(-0.4109 -0.176468 0)
(-0.450615 0.120566 0)
(-0.457541 0.351223 0)
(-0.441992 0.512763 0)
(-0.408292 0.613662 0)
(-0.361562 0.6665 0)
(-0.307063 0.683225 0)
(-0.249468 0.673451 0)
(-0.193092 0.645579 0)
(-0.154474 -1.02909 0)
(-0.0415106 -0.731514 0)
(0.028601 -0.851903 0)
(0.0194381 -0.893138 0)
(0.0164656 -0.911555 0)
(0.00911947 -0.922797 0)
(-0.00204061 -0.931232 0)
(-0.0193505 -0.936094 0)
(-0.046022 -0.933078 0)
(-0.0854218 -0.914652 0)
(-0.142395 -0.871934 0)
(-0.225541 -0.790596 0)
(-0.336832 -0.641449 0)
(-0.447083 -0.404921 0)
(-0.516345 -0.124413 0)
(-0.539926 0.133872 0)
(-0.530726 0.3373 0)
(-0.499638 0.479437 0)
(-0.454004 0.567137 0)
(-0.399716 0.61206 0)
(-0.341353 0.625256 0)
(-0.2826 0.615768 0)
(-0.226755 0.591563 0)
(-0.0709953 -0.938763 0)
(-0.0378271 -0.845493 0)
(-0.00503048 -0.869033 0)
(-0.0223031 -0.880899 0)
(-0.0396575 -0.891684 0)
(-0.062033 -0.899954 0)
(-0.0886122 -0.904773 0)
(-0.12109 -0.903304 0)
(-0.162126 -0.890386 0)
(-0.214518 -0.858478 0)
(-0.281199 -0.798111 0)
(-0.364588 -0.697092 0)
(-0.459312 -0.540704 0)
(-0.54337 -0.326979 0)
(-0.592653 -0.0879012 0)
(-0.602575 0.133125 0)
(-0.581902 0.309886 0)
(-0.540938 0.434899 0)
(-0.488047 0.512787 0)
(-0.429301 0.553079 0)
(-0.368845 0.56537 0)
(-0.309774 0.557973 0)
(-0.254697 0.538357 0)
(-0.0302075 -0.896247 0)
(-0.041975 -0.856419 0)
(-0.0456346 -0.858664 0)
(-0.0692783 -0.860979 0)
(-0.0967078 -0.866152 0)
(-0.129322 -0.870033 0)
(-0.166872 -0.869625 0)
(-0.210378 -0.860996 0)
(-0.26148 -0.838544 0)
(-0.321625 -0.795094 0)
(-0.391404 -0.722541 0)
(-0.469209 -0.612717 0)
(-0.547316 -0.460035 0)
(-0.609871 -0.269971 0)
(-0.64207 -0.066176 0)
(-0.640878 0.121855 0)
(-0.612671 0.274326 0)
(-0.566416 0.384289 0)
(-0.510117 0.454438 0)
(-0.449593 0.491989 0)
(-0.38873 0.504939 0)
(-0.330296 0.500723 0)
(-0.276459 0.486207 0)
(-0.0244245 -0.855406 0)
(-0.053455 -0.839858 0)
(-0.0775822 -0.833808 0)
(-0.109278 -0.831335 0)
(-0.144823 -0.831453 0)
(-0.185063 -0.83041 0)
(-0.230272 -0.824526 0)
(-0.281059 -0.809396 0)
(-0.338072 -0.779502 0)
(-0.401359 -0.72853 0)
(-0.469631 -0.650309 0)
(-0.5392 -0.540216 0)
(-0.602383 -0.397706 0)
(-0.647985 -0.230609 0)
(-0.666938 -0.0568037 0)
(-0.657732 0.103088 0)
(-0.625338 0.234421 0)
(-0.577216 0.331284 0)
(-0.520433 0.395007 0)
(-0.460344 0.430849 0)
(-0.400626 0.445295 0)
(-0.343846 0.444819 0)
(-0.291871 0.435571 0)
(-0.0271662 -0.812232 0)
(-0.0640483 -0.807248 0)
(-0.0997242 -0.799059 0)
(-0.138275 -0.793768 0)
(-0.179946 -0.789866 0)
(-0.225584 -0.784258 0)
(-0.275662 -0.773357 0)
(-0.330454 -0.752874 0)
(-0.38981 -0.717827 0)
(-0.452698 -0.663052 0)
(-0.51667 -0.584221 0)
(-0.577327 -0.479235 0)
(-0.62798 -0.350029 0)
(-0.660824 -0.204519 0)
(-0.670349 -0.0563197 0)
(-0.656132 0.0798086 0)
(-0.622225 0.193039 0)
(-0.574723 0.278519 0)
(-0.519645 0.33672 0)
(-0.461797 0.371397 0)
(-0.404612 0.387701 0)
(-0.350482 0.391121 0)
(-0.30105 0.38703 0)
(-0.0288905 -0.765131 0)
(-0.0707196 -0.765875 0)
(-0.112802 -0.757693 0)
(-0.156071 -0.750618 0)
(-0.201715 -0.743614 0)
(-0.250515 -0.734189 0)
(-0.302921 -0.719169 0)
(-0.358897 -0.694755 0)
(-0.417735 -0.656754 0)
(-0.47775 -0.601185 0)
(-0.535997 -0.525235 0)
(-0.58815 -0.428383 0)
(-0.628755 -0.313543 0)
(-0.65239 -0.187781 0)
(-0.655744 -0.0614868 0)
(-0.639055 0.0545804 0)
(-0.605691 0.152368 0)
(-0.560616 0.227956 0)
(-0.50888 0.281317 0)
(-0.454702 0.315089 0)
(-0.401218 0.333291 0)
(-0.350626 0.340463 0)
(-0.304381 0.341188 0)
(-0.0287353 -0.716091 0)
(-0.073213 -0.719999 0)
(-0.118362 -0.712428 0)
(-0.164107 -0.704241 0)
(-0.211603 -0.694937 0)
(-0.261442 -0.682573 0)
(-0.313936 -0.664507 0)
(-0.368805 -0.637593 0)
(-0.425015 -0.598509 0)
(-0.480603 -0.544343 0)
(-0.532591 -0.473405 0)
(-0.577113 -0.386057 0)
(-0.609868 -0.285372 0)
(-0.62709 -0.177284 0)
(-0.626809 -0.0697079 0)
(-0.60961 0.0294121 0)
(-0.57831 0.114045 0)
(-0.536947 0.181047 0)
(-0.489719 0.230119 0)
(-0.440262 0.263075 0)
(-0.391364 0.282994 0)
(-0.345007 0.293557 0)
(-0.302473 0.298585 0)
(-0.0277767 -0.667245 0)
(-0.0724744 -0.672634 0)
(-0.118253 -0.665642 0)
(-0.164441 -0.656763 0)
(-0.211892 -0.645844 0)
(-0.260944 -0.631412 0)
(-0.311729 -0.611367 0)
(-0.363795 -0.583236 0)
(-0.415973 -0.544517 0)
(-0.466296 -0.493187 0)
(-0.512028 -0.428337 0)
(-0.549899 -0.350753 0)
(-0.576592 -0.263275 0)
(-0.589479 -0.170704 0)
(-0.587405 -0.0790507 0)
(-0.571095 0.00577588 0)
(-0.542889 0.0792272 0)
(-0.506064 0.138792 0)
(-0.464073 0.184028 0)
(-0.419991 0.216151 0)
(-0.376241 0.237473 0)
(-0.334567 0.250921 0)
(-0.296093 0.259626 0)
(-0.0264373 -0.619947 0)
(-0.0695603 -0.625929 0)
(-0.114191 -0.619294 0)
(-0.159197 -0.609969 0)
(-0.205085 -0.598 0)
(-0.251944 -0.582288 0)
(-0.299728 -0.561215 0)
(-0.347881 -0.532914 0)
(-0.39524 -0.495581 0)
(-0.439993 -0.447888 0)
(-0.479779 -0.389444 0)
(-0.51194 -0.32119 0)
(-0.533956 -0.245575 0)
(-0.543984 -0.166392 0)
(-0.541363 -0.0881843 0)
(-0.526827 -0.0153658 0)
(-0.5023 0.048614 0)
(-0.470411 0.101748 0)
(-0.433972 0.143532 0)
(-0.395535 0.174741 0)
(-0.357159 0.19708 0)
(-0.320352 0.21284 0)
(-0.286086 0.224546 0)
(-0.0246416 -0.575237 0)
(-0.0652497 -0.581297 0)
(-0.107584 -0.574821 0)
(-0.150269 -0.565213 0)
(-0.193523 -0.552652 0)
(-0.237237 -0.536319 0)
(-0.281219 -0.514992 0)
(-0.324873 -0.487303 0)
(-0.367116 -0.452004 0)
(-0.406379 -0.408277 0)
(-0.44071 -0.356064 0)
(-0.468016 -0.296313 0)
(-0.486403 -0.231056 0)
(-0.49458 -0.163239 0)
(-0.49218 -0.0962873 0)
(-0.479871 -0.0335036 0)
(-0.459207 0.0224864 0)
(-0.432279 0.0700701 0)
(-0.40134 0.108727 0)
(-0.368475 0.138916 0)
(-0.335398 0.161872 0)
(-0.303393 0.17936 0)
(-0.273295 0.193396 0)
(-0.0226486 -0.533832 0)
(-0.0601738 -0.539585 0)
(-0.0995374 -0.53314 0)
(-0.1392 -0.523388 0)
(-0.179173 -0.510598 0)
(-0.219204 -0.494163 0)
(-0.259008 -0.473167 0)
(-0.297989 -0.446626 0)
(-0.335189 -0.413707 0)
(-0.3693 -0.373956 0)
(-0.398764 -0.327513 0)
(-0.42197 -0.275263 0)
(-0.437518 -0.218856 0)
(-0.444502 -0.160558 0)
(-0.442725 -0.102947 0)
(-0.432759 -0.0485007 0)
(-0.415835 0.000771929 0)
(-0.393593 0.0435692 0)
(-0.367816 0.0793834 0)
(-0.340177 0.108451 0)
(-0.312088 0.131647 0)
(-0.284623 0.150323 0)
(-0.258493 0.166072 0)
(-0.0205605 -0.495942 0)
(-0.0547838 -0.501202 0)
(-0.0908523 -0.494737 0)
(-0.12715 -0.48497 0)
(-0.163543 -0.472237 0)
(-0.199694 -0.456086 0)
(-0.235266 -0.435829 0)
(-0.269696 -0.410766 0)
(-0.302165 -0.380358 0)
(-0.331613 -0.344394 0)
(-0.35683 -0.303126 0)
(-0.376598 -0.257346 0)
(-0.389896 -0.20838 0)
(-0.39609 -0.157971 0)
(-0.395082 -0.108057 0)
(-0.38734 -0.060507 0)
(-0.373819 -0.0168667 0)
(-0.35579 0.0218078 0)
(-0.334643 0.055036 0)
(-0.31171 0.0829049 0)
(-0.288135 0.106022 0)
(-0.264811 0.125416 0)
(-0.24234 0.142344 0)
(-0.0184891 -0.461658 0)
(-0.0493997 -0.466288 0)
(-0.0820881 -0.45979 0)
(-0.114932 -0.450125 0)
(-0.147699 -0.437666 0)
(-0.180011 -0.422071 0)
(-0.211513 -0.402817 0)
(-0.241698 -0.3794 0)
(-0.269879 -0.351484 0)
(-0.295218 -0.319011 0)
(-0.316787 -0.282285 0)
(-0.333684 -0.242002 0)
(-0.345171 -0.199228 0)
(-0.350808 -0.155306 0)
(-0.350551 -0.111706 0)
(-0.344771 -0.0698444 0)
(-0.334196 -0.0309211 0)
(-0.3198 0.00420473 0)
(-0.302659 0.0350853 0)
(-0.283822 0.0617127 0)
(-0.264207 0.0845023 0)
(-0.244552 0.104234 0)
(-0.225366 0.1219 0)
(-0.0165351 -0.43087 0)
(-0.0442409 -0.434816 0)
(-0.0736067 -0.428293 0)
(-0.103064 -0.418822 0)
(-0.132318 -0.40679 0)
(-0.160978 -0.391926 0)
(-0.188699 -0.373819 0)
(-0.215033 -0.352099 0)
(-0.239416 -0.32656 0)
(-0.261192 -0.297234 0)
(-0.279662 -0.264441 0)
(-0.294162 -0.228787 0)
(-0.304164 -0.191133 0)
(-0.309365 -0.152526 0)
(-0.309749 -0.114092 0)
(-0.305604 -0.0769189 0)
(-0.29748 -0.0419457 0)
(-0.286117 -0.00987609 0)
(-0.27234 0.0188824 0)
(-0.256969 0.044264 0)
(-0.240742 0.0665483 0)
(-0.224266 0.0863287 0)
(-0.207969 0.10439 0)
(-0.0147396 -0.403389 0)
(-0.0394077 -0.406667 0)
(-0.0655951 -0.400134 0)
(-0.0918239 -0.390919 0)
(-0.117766 -0.379407 0)
(-0.143037 -0.36537 0)
(-0.167315 -0.348466 0)
(-0.190213 -0.32841 0)
(-0.211274 -0.305075 0)
(-0.22999 -0.278542 0)
(-0.245834 -0.249124 0)
(-0.258325 -0.217347 0)
(-0.267084 -0.183918 0)
(-0.271903 -0.149663 0)
(-0.272782 -0.115459 0)
(-0.26994 -0.0821533 0)
(-0.26379 -0.0504923 0)
(-0.25489 -0.0210554 0)
(-0.243872 0.00579609 0)
(-0.231377 0.0299621 0)
(-0.217995 0.0516297 0)
(-0.204228 0.0712541 0)
(-0.190436 0.0894598 0)
(-0.0130727 -0.378997 0)
(-0.0348926 -0.381661 0)
(-0.0581013 -0.375134 0)
(-0.0813128 -0.366209 0)
(-0.104185 -0.355265 0)
(-0.126353 -0.342089 0)
(-0.147526 -0.32638 0)
(-0.167379 -0.3079 0)
(-0.185546 -0.286567 0)
(-0.201633 -0.262483 0)
(-0.215249 -0.235943 0)
(-0.226039 -0.207408 0)
(-0.233734 -0.177464 0)
(-0.23819 -0.146778 0)
(-0.239414 -0.116046 0)
(-0.237572 -0.08594 0)
(-0.232973 -0.0570609 0)
(-0.226035 -0.0298897 0)
(-0.217244 -0.00474387 0)
(-0.207101 0.0182638 0)
(-0.196081 0.0392586 0)
(-0.184596 0.0585941 0)
(-0.172956 0.0767711 0)
(-0.0114632 -0.357492 0)
(-0.0306243 -0.359579 0)
(-0.051092 -0.353065 0)
(-0.0715223 -0.344448 0)
(-0.0915768 -0.334091 0)
(-0.110919 -0.321777 0)
(-0.129297 -0.307212 0)
(-0.146447 -0.290186 0)
(-0.162081 -0.270638 0)
(-0.175897 -0.248679 0)
(-0.187601 -0.224583 0)
(-0.196933 -0.198754 0)
(-0.203697 -0.17169 0)
(-0.207793 -0.14394 0)
(-0.20923 -0.116067 0)
(-0.208132 -0.0886163 0)
(-0.204729 -0.0620792 0)
(-0.199338 -0.0368577 0)
(-0.192329 -0.0132281 0)
(-0.184097 0.00869837 0)
(-0.175022 0.0290076 0)
(-0.165451 0.0479797 0)
(-0.155651 0.0660193 0)
(-0.00984679 -0.338748 0)
(-0.026533 -0.340193 0)
(-0.0445186 -0.333678 0)
(-0.0624015 -0.325386 0)
(-0.0798724 -0.315628 0)
(-0.0966319 -0.304153 0)
(-0.112479 -0.290659 0)
(-0.127211 -0.274944 0)
(-0.140607 -0.256963 0)
(-0.152438 -0.236828 0)
(-0.16248 -0.214794 0)
(-0.17054 -0.191222 0)
(-0.176473 -0.166539 0)
(-0.180205 -0.141208 0)
(-0.181747 -0.115696 0)
(-0.181189 -0.0904554 0)
(-0.178704 -0.0658926 0)
(-0.174528 -0.0423472 0)
(-0.168946 -0.0200575 0)
(-0.162263 0.000874806 0)
(-0.15479 0.0205153 0)
(-0.146821 0.0390936 0)
(-0.138592 0.0569386 0)
(-0.00813672 -0.322815 0)
(-0.0225789 -0.323284 0)
(-0.0383569 -0.316732 0)
(-0.0538964 -0.308793 0)
(-0.0689742 -0.299653 0)
(-0.0833454 -0.288987 0)
(-0.0968731 -0.27647 0)
(-0.109416 -0.261913 0)
(-0.120811 -0.24528 0)
(-0.130882 -0.226691 0)
(-0.139458 -0.206385 0)
(-0.146387 -0.184686 0)
(-0.151563 -0.161969 0)
(-0.154929 -0.138632 0)
(-0.156493 -0.115071 0)
(-0.156322 -0.0916681 0)
(-0.154543 -0.0687683 0)
(-0.151332 -0.046661 0)
(-0.146901 -0.0255507 0)
(-0.141486 -0.00552336 0)
(-0.135335 0.0134825 0)
(-0.128708 0.0316683 0)
(-0.121825 0.0493024 0)
(-0.00611667 -0.309761 0)
(-0.0187077 -0.308549 0)
(-0.0326182 -0.301977 0)
(-0.0459612 -0.294485 0)
(-0.0587703 -0.285999 0)
(-0.0708889 -0.276099 0)
(-0.0822582 -0.264451 0)
(-0.0927942 -0.250883 0)
(-0.102377 -0.235385 0)
(-0.110869 -0.218083 0)
(-0.118129 -0.199207 0)
(-0.124039 -0.179051 0)
(-0.128515 -0.157948 0)
(-0.131513 -0.136247 0)
(-0.133039 -0.114291 0)
(-0.133143 -0.0924102 0)
(-0.131918 -0.0709038 0)
(-0.129491 -0.0500244 0)
(-0.126014 -0.0299489 0)
(-0.121657 -0.0107437 0)
(-0.116611 0.00766602 0)
(-0.111113 0.0254818 0)
(-0.10539 0.0429225 0)
(-0.00375377 -0.299252 0)
(-0.0149487 -0.295406 0)
(-0.0274141 -0.289152 0)
(-0.0385797 -0.282348 0)
(-0.049145 -0.274572 0)
(-0.0590824 -0.265371 0)
(-0.0684115 -0.254449 0)
(-0.0770877 -0.241687 0)
(-0.0850136 -0.22711 0)
(-0.0920681 -0.210855 0)
(-0.0981322 -0.193143 0)
(-0.103107 -0.174243 0)
(-0.106924 -0.154453 0)
(-0.109552 -0.13408 0)
(-0.110997 -0.113429 0)
(-0.111298 -0.0927905 0)
(-0.110525 -0.072435 0)
(-0.108766 -0.0525912 0)
(-0.106119 -0.0334189 0)
(-0.102684 -0.0149663 0)
(-0.0985879 0.0028755 0)
(-0.0940524 0.0203548 0)
(-0.089347 0.0376513 0)
(-0.00250453 -0.291078 0)
(-0.0119684 -0.283218 0)
(-0.0230953 -0.278175 0)
(-0.0317921 -0.272439 0)
(-0.0399895 -0.265378 0)
(-0.0477551 -0.25673 0)
(-0.0551314 -0.246346 0)
(-0.0620686 -0.234187 0)
(-0.0684619 -0.220319 0)
(-0.0741914 -0.204889 0)
(-0.0791474 -0.188103 0)
(-0.0832451 -0.170207 0)
(-0.0864306 -0.151464 0)
(-0.0886824 -0.132149 0)
(-0.0900105 -0.112532 0)
(-0.0904519 -0.0928803 0)
(-0.0900634 -0.0734447 0)
(-0.0889091 -0.054447 0)
(-0.0870425 -0.0360492 0)
(-0.0844843 -0.0182967 0)
(-0.0812575 -0.00102671 0)
(-0.0775788 0.0161491 0)
(-0.0738064 0.033388 0)
(-0.00621063 -0.285974 0)
(-0.0112179 -0.272161 0)
(-0.0200811 -0.269589 0)
(-0.0255962 -0.265116 0)
(-0.0311779 -0.258533 0)
(-0.0367603 -0.25015 0)
(-0.0422642 -0.240046 0)
(-0.0475644 -0.228269 0)
(-0.0525195 -0.214907 0)
(-0.0569994 -0.200099 0)
(-0.0609006 -0.184028 0)
(-0.0641511 -0.16691 0)
(-0.06671 -0.148978 0)
(-0.0685668 -0.130474 0)
(-0.0697387 -0.111643 0)
(-0.0702672 -0.0927302 0)
(-0.0702108 -0.0739782 0)
(-0.0696319 -0.0556177 0)
(-0.0685639 -0.0378462 0)
(-0.0669456 -0.0207562 0)
(-0.0646219 -0.00413321 0)
(-0.0617964 0.0127572 0)
(-0.0589672 0.030088 0)
(-0.0193004 -0.281211 0)
(-0.0128885 -0.26478 0)
(-0.0180625 -0.264954 0)
(-0.0196972 -0.260964 0)
(-0.0225173 -0.254176 0)
(-0.0259906 -0.245604 0)
(-0.0297312 -0.235485 0)
(-0.0334787 -0.223874 0)
(-0.0370492 -0.210832 0)
(-0.0403087 -0.196462 0)
(-0.0431656 -0.180913 0)
(-0.0455628 -0.164367 0)
(-0.047473 -0.147026 0)
(-0.0488951 -0.129105 0)
(-0.0498535 -0.110823 0)
(-0.0503974 -0.0924051 0)
(-0.0506001 -0.0740829 0)
(-0.0505543 -0.0561039 0)
(-0.0503348 -0.0387391 0)
(-0.049843 -0.0222325 0)
(-0.0486241 -0.00642302 0)
(-0.0468888 0.0101992 0)
(-0.0451668 0.0278456 0)
(-0.0448985 -0.262093 0)
(-0.013351 -0.269132 0)
(-0.0152473 -0.266603 0)
(-0.0133396 -0.260307 0)
(-0.0137682 -0.252213 0)
(-0.0154132 -0.242978 0)
(-0.0175395 -0.2326 0)
(-0.0197879 -0.22099 0)
(-0.0219741 -0.208117 0)
(-0.0239881 -0.194024 0)
(-0.0257635 -0.178818 0)
(-0.027263 -0.162647 0)
(-0.0284718 -0.145691 0)
(-0.0293941 -0.128138 0)
(-0.0300548 -0.110184 0)
(-0.0305039 -0.0920259 0)
(-0.0308277 -0.073868 0)
(-0.0311709 -0.0559456 0)
(-0.0317396 -0.0385795 0)
(-0.0325634 -0.0222411 0)
(-0.0328146 -0.00720132 0)
(-0.0332761 0.00936241 0)
(-0.0331174 0.0273553 0)
(-0.0725068 -0.210935 0)
(-0.00692786 -0.29283 0)
(-0.00818501 -0.273848 0)
(-0.00530034 -0.262187 0)
(-0.004719 -0.251948 0)
(-0.00506934 -0.241815 0)
(-0.00573704 -0.23109 0)
(-0.00649291 -0.219404 0)
(-0.00724373 -0.206594 0)
(-0.00794156 -0.192638 0)
(-0.00856041 -0.177607 0)
(-0.00908702 -0.161632 0)
(-0.0095168 -0.144874 0)
(-0.00985299 -0.127506 0)
(-0.0101086 -0.109698 0)
(-0.0103125 -0.0916116 0)
(-0.0105238 -0.0733808 0)
(-0.0108714 -0.0551217 0)
(-0.011633 -0.0369761 0)
(-0.013177 -0.019325 0)
(-0.0147738 -0.00352271 0)
(-0.0225287 0.012866 0)
(-0.0249382 0.0303273 0)
(1.00973 2.89174 0)
(-1.14864 0.0881487 0)
(-1.25487 -0.0956061 0)
(-1.28861 0.235045 0)
(1.54999 4.17631 0)
(0.975546 2.92605 0)
(0.259329 1.15415 0)
(-0.204003 0.14823 0)
(1.70845 3.7123 0)
(1.87385 3.38793 0)
(1.73087 2.35851 0)
(1.40407 1.30803 0)
(1.49671 2.8555 0)
(1.91 2.93349 0)
(2.06661 2.43958 0)
(2.01806 1.73929 0)
(1.05411 2.08239 0)
(1.3814 2.15239 0)
(1.66156 1.98969 0)
(1.77787 1.61902 0)
(0.672491 1.61126 0)
(0.868523 1.63113 0)
(1.0657 1.55864 0)
(1.21433 1.38304 0)
(0.442552 1.35259 0)
(0.555283 1.33996 0)
(0.672383 1.28485 0)
(0.77619 1.1859 0)
(0.308824 1.18842 0)
(0.380629 1.15868 0)
(0.453811 1.10708 0)
(0.521242 1.03658 0)
(0.218856 1.0698 0)
(0.270396 1.03435 0)
(0.321128 0.98714 0)
(0.367641 0.93178 0)
(0.148002 0.977312 0)
(0.188204 0.941743 0)
(0.22666 0.90005 0)
(0.261674 0.855211 0)
(0.0864067 0.901007 0)
(0.119725 0.867504 0)
(0.151058 0.831098 0)
(0.179578 0.793989 0)
(0.0301645 0.835057 0)
(0.0591734 0.804483 0)
(0.0862176 0.772838 0)
(0.11092 0.74169 0)
(-0.0221347 0.775807 0)
(0.00414747 0.748446 0)
(0.0285645 0.72107 0)
(0.0509712 0.694776 0)
(-0.070686 0.720859 0)
(-0.046127 0.696762 0)
(-0.0233234 0.673256 0)
(-0.00229319 0.651092 0)
(-0.115134 0.668643 0)
(-0.0916443 0.647786 0)
(-0.0698163 0.627829 0)
(-0.0495892 0.609288 0)
(-0.15489 0.618123 0)
(-0.132072 0.600468 0)
(-0.11084 0.583833 0)
(-0.0910869 0.568567 0)
(-0.189362 0.568706 0)
(-0.167023 0.554209 0)
(-0.146204 0.540722 0)
(-0.126771 0.528483 0)
(-0.21809 0.520193 0)
(-0.196198 0.508784 0)
(-0.175758 0.498301 0)
(-0.156625 0.488898 0)
(-0.240814 0.47269 0)
(-0.219458 0.464263 0)
(-0.199478 0.456636 0)
(-0.180724 0.449902 0)
(-0.257493 0.426525 0)
(-0.236846 0.420928 0)
(-0.21748 0.415987 0)
(-0.199251 0.41175 0)
(-0.268307 0.38216 0)
(-0.248581 0.37919 0)
(-0.230023 0.376729 0)
(-0.212499 0.374794 0)
(-0.273638 0.340102 0)
(-0.255048 0.339506 0)
(-0.237496 0.339282 0)
(-0.220861 0.339425 0)
(-0.274037 0.300819 0)
(-0.256768 0.302305 0)
(-0.240394 0.304042 0)
(-0.224811 0.306009 0)
(-0.270178 0.264676 0)
(-0.254363 0.267928 0)
(-0.239294 0.27133 0)
(-0.224886 0.274848 0)
(-0.262794 0.231897 0)
(-0.248503 0.236594 0)
(-0.234811 0.24136 0)
(-0.221653 0.246152 0)
(-0.252619 0.202557 0)
(-0.239859 0.208391 0)
(-0.227561 0.214231 0)
(-0.215677 0.22003 0)
(-0.240333 0.176594 0)
(-0.229056 0.183284 0)
(-0.218121 0.189934 0)
(-0.207492 0.196496 0)
(-0.226528 0.15384 0)
(-0.216648 0.161142 0)
(-0.207006 0.168373 0)
(-0.197579 0.175483 0)
(-0.211691 0.134051 0)
(-0.203096 0.141765 0)
(-0.194654 0.149385 0)
(-0.186354 0.156866 0)
(-0.196207 0.116947 0)
(-0.18877 0.124914 0)
(-0.181424 0.132773 0)
(-0.17416 0.140481 0)
(-0.18036 0.102234 0)
(-0.173957 0.110335 0)
(-0.167597 0.11832 0)
(-0.161276 0.126146 0)
(-0.164356 0.0896308 0)
(-0.158867 0.0977812 0)
(-0.153388 0.105811 0)
(-0.14792 0.113679 0)
(-0.148338 0.0788771 0)
(-0.143654 0.087022 0)
(-0.138961 0.0950422 0)
(-0.134258 0.1029 0)
(-0.132402 0.069744 0)
(-0.128429 0.0778513 0)
(-0.124435 0.0858314 0)
(-0.120423 0.0936485 0)
(-0.11662 0.0620346 0)
(-0.113278 0.0700912 0)
(-0.109911 0.0780181 0)
(-0.106523 0.0857812 0)
(-0.10106 0.0555857 0)
(-0.0982828 0.0635941 0)
(-0.0954862 0.0714694 0)
(-0.0926702 0.0791783 0)
(-0.0858117 0.0502711 0)
(-0.0835546 0.0582466 0)
(-0.0812863 0.0660827 0)
(-0.0790043 0.0737465 0)
(-0.0710303 0.0460108 0)
(-0.0692717 0.0539777 0)
(-0.0675116 0.0617925 0)
(-0.0657431 0.0694227 0)
(-0.0569856 0.0427852 0)
(-0.0557423 0.0507722 0)
(-0.0544991 0.0585794 0)
(-0.0532429 0.0661789 0)
(-0.0441327 0.0406774 0)
(-0.0434848 0.0486914 0)
(-0.0428055 0.0564756 0)
(-0.0420776 0.064017 0)
(-0.0332992 0.0400334 0)
(-0.0333727 0.0479097 0)
(-0.0333196 0.0555442 0)
(-0.0331272 0.0629276 0)
(-0.0263929 0.0419734 0)
(-0.0270279 0.049207 0)
(-0.0274198 0.0562553 0)
(-0.027624 0.063118 0)
(-0.905456 0.392454 0)
(-0.448241 -0.219459 0)
(-0.161829 -0.370697 0)
(0.000998024 -0.317503 0)
(0.0845366 -0.223545 0)
(0.120802 -0.143984 0)
(0.133155 -0.0862834 0)
(0.134145 -0.0451607 0)
(0.129318 -0.0155354 0)
(0.121201 0.00596005 0)
(0.11109 0.0214878 0)
(0.0997338 0.0326191 0)
(0.0876627 0.0404675 0)
(0.075234 0.0457386 0)
(0.0626588 0.0487905 0)
(0.0499809 0.0497204 0)
(0.0370637 0.0484734 0)
(0.0237405 0.0451012 0)
(0.0101362 0.0395462 0)
(-0.272543 -0.263645 0)
(-0.0235842 -0.539471 0)
(0.0909277 -0.553895 0)
(0.169565 -0.410549 0)
(0.19922 -0.259445 0)
(0.198126 -0.152417 0)
(0.185801 -0.0832987 0)
(0.170598 -0.0374677 0)
(0.155006 -0.00567335 0)
(0.139635 0.0169341 0)
(0.12459 0.0330457 0)
(0.109915 0.0444496 0)
(0.0956 0.0523742 0)
(0.0816116 0.057622 0)
(0.0678547 0.0606653 0)
(0.0541232 0.0617552 0)
(0.0401139 0.0610508 0)
(0.0255682 0.0587808 0)
(0.0107272 0.0545441 0)
(1.02538 0.228133 0)
(0.720569 -0.466852 0)
(0.524684 -0.542583 0)
(0.414508 -0.388331 0)
(0.343133 -0.230087 0)
(0.286875 -0.123888 0)
(0.24322 -0.0584607 0)
(0.209265 -0.0160892 0)
(0.181724 0.0130871 0)
(0.158465 0.0337817 0)
(0.138163 0.0485371 0)
(0.119935 0.0589504 0)
(0.103173 0.0661408 0)
(0.0874315 0.07088 0)
(0.0723184 0.0736714 0)
(0.0574193 0.0748477 0)
(0.0423146 0.0746824 0)
(0.0267023 0.0734508 0)
(0.0109629 0.0703488 0)
(1.78568 0.694273 0)
(1.32357 -0.123102 0)
(0.897555 -0.305632 0)
(0.624678 -0.23117 0)
(0.464969 -0.129212 0)
(0.362496 -0.0575364 0)
(0.292848 -0.0118654 0)
(0.243033 0.0186794 0)
(0.205125 0.0404489 0)
(0.174942 0.0563511 0)
(0.149949 0.0678947 0)
(0.128493 0.0761054 0)
(0.109464 0.0817843 0)
(0.0920645 0.08554 0)
(0.0756619 0.0878132 0)
(0.0596868 0.0889347 0)
(0.0436502 0.0891974 0)
(0.0272397 0.0888297 0)
(0.010961 0.0865809 0)
(1.71999 0.895282 0)
(1.38917 0.243644 0)
(0.992895 0.0146558 0)
(0.703504 -0.0133127 0)
(0.523059 0.00814727 0)
(0.405624 0.0310249 0)
(0.324618 0.048874 0)
(0.265983 0.0629059 0)
(0.221653 0.0743264 0)
(0.186815 0.0834514 0)
(0.158466 0.0904198 0)
(0.134596 0.0954997 0)
(0.11381 0.0990512 0)
(0.0950958 0.10143 0)
(0.0776666 0.102938 0)
(0.0608638 0.103834 0)
(0.0441706 0.104358 0)
(0.0272843 0.104625 0)
(0.0108012 0.102915 0)
(1.28834 0.958204 0)
(1.13814 0.506891 0)
(0.886815 0.27203 0)
(0.672684 0.176562 0)
(0.52153 0.138058 0)
(0.414146 0.120817 0)
(0.335284 0.113204 0)
(0.275717 0.110957 0)
(0.229519 0.111518 0)
(0.192781 0.113178 0)
(0.162796 0.114942 0)
(0.137613 0.116392 0)
(0.115803 0.117449 0)
(0.0962908 0.118193 0)
(0.0782366 0.11875 0)
(0.0609584 0.119262 0)
(0.0439479 0.119868 0)
(0.0269227 0.120541 0)
(0.0105289 0.119104 0)
(0.877431 0.949945 0)
(0.846444 0.638424 0)
(0.722605 0.430167 0)
(0.591911 0.310679 0)
(0.483446 0.241127 0)
(0.396954 0.198951 0)
(0.328073 0.173253 0)
(0.273014 0.157904 0)
(0.228671 0.148878 0)
(0.192549 0.143501 0)
(0.162631 0.140134 0)
(0.137301 0.137891 0)
(0.115284 0.136356 0)
(0.0955748 0.135364 0)
(0.0773697 0.134867 0)
(0.0600194 0.134877 0)
(0.0430522 0.135413 0)
(0.0262127 0.136301 0)
(0.0101625 0.134945 0)
(0.604758 0.890595 0)
(0.622621 0.677913 0)
(0.572909 0.510642 0)
(0.50078 0.394525 0)
(0.428909 0.315399 0)
(0.364096 0.261483 0)
(0.307916 0.225006 0)
(0.26025 0.2005 0)
(0.220216 0.183991 0)
(0.186613 0.172688 0)
(0.158183 0.164763 0)
(0.133756 0.159115 0)
(0.112316 0.155123 0)
(0.0930105 0.152442 0)
(0.0751378 0.150881 0)
(0.0581217 0.150328 0)
(0.041547 0.15069 0)
(0.0251899 0.151656 0)
(0.00970631 0.150257 0)
(0.431108 0.829486 0)
(0.464155 0.678006 0)
(0.451273 0.54643 0)
(0.414658 0.443555 0)
(0.369407 0.366113 0)
(0.323101 0.308893 0)
(0.279471 0.267212 0)
(0.240215 0.237093 0)
(0.205786 0.215324 0)
(0.175926 0.199473 0)
(0.150018 0.187838 0)
(0.127329 0.1793 0)
(0.107131 0.173154 0)
(0.0887673 0.168953 0)
(0.0716702 0.1664 0)
(0.0553613 0.165286 0)
(0.0394942 0.16542 0)
(0.0238807 0.166382 0)
(0.00916211 0.164869 0)
(0.3116 0.777376 0)
(0.347904 0.663233 0)
(0.352816 0.558564 0)
(0.337152 0.470418 0)
(0.310368 0.399284 0)
(0.278791 0.34334 0)
(0.24639 0.300138 0)
(0.215458 0.267152 0)
(0.187095 0.242089 0)
(0.161617 0.223066 0)
(0.138882 0.208658 0)
(0.118519 0.197855 0)
(0.100073 0.18996 0)
(0.0830871 0.184487 0)
(0.0671372 0.181079 0)
(0.0518523 0.179458 0)
(0.036961 0.179363 0)
(0.0223135 0.180282 0)
(0.00853451 0.178624 0)
(0.221255 0.731827 0)
(0.25734 0.642273 0)
(0.271142 0.557799 0)
(0.268131 0.483109 0)
(0.254194 0.419642 0)
(0.234103 0.367175 0)
(0.211307 0.324692 0)
(0.18807 0.290802 0)
(0.165697 0.264039 0)
(0.144807 0.24307 0)
(0.125568 0.226795 0)
(0.107888 0.214373 0)
(0.091542 0.205176 0)
(0.0762519 0.198724 0)
(0.0617341 0.194641 0)
(0.0477234 0.192608 0)
(0.0340227 0.192317 0)
(0.0205232 0.193191 0)
(0.00783257 0.19138 0)
(0.147627 0.690693 0)
(0.182885 0.618613 0)
(0.201561 0.549572 0)
(0.206651 0.486406 0)
(0.201911 0.430536 0)
(0.190795 0.382441 0)
(0.176052 0.341963 0)
(0.159655 0.308513 0)
(0.142889 0.281274 0)
(0.126495 0.259383 0)
(0.110829 0.242051 0)
(0.0959939 0.228621 0)
(0.0819448 0.218562 0)
(0.068556 0.211439 0)
(0.0556677 0.206879 0)
(0.0431122 0.204553 0)
(0.0307631 0.204125 0)
(0.0185522 0.204973 0)
(0.00706947 0.203018 0)
(0.0846965 0.652427 0)
(0.119377 0.593565 0)
(0.141156 0.536618 0)
(0.151852 0.483135 0)
(0.15395 0.434274 0)
(0.149916 0.390792 0)
(0.141855 0.353023 0)
(0.131394 0.320909 0)
(0.119695 0.294101 0)
(0.107522 0.272106 0)
(0.0953281 0.2544 0)
(0.0833481 0.240502 0)
(0.0716689 0.229991 0)
(0.0602861 0.222491 0)
(0.0491437 0.217657 0)
(0.0381594 0.215165 0)
(0.0272708 0.214672 0)
(0.0164482 0.215524 0)
(0.00626122 0.213442 0)
(0.0296898 0.61584 0)
(0.0642046 0.567507 0)
(0.0882743 0.52032 0)
(0.103129 0.475009 0)
(0.110475 0.432468 0)
(0.112075 0.393547 0)
(0.109519 0.358854 0)
(0.104119 0.32866 0)
(0.0968865 0.302938 0)
(0.0885543 0.281468 0)
(0.0796195 0.263941 0)
(0.0703957 0.250032 0)
(0.0610625 0.239427 0)
(0.0517075 0.231818 0)
(0.0423577 0.2269 0)
(0.0330026 0.224368 0)
(0.0236354 0.223885 0)
(0.0142612 0.224776 0)
(0.00542523 0.222589 0)
(-0.0186091 0.580123 0)
(0.0160836 0.540512 0)
(0.0419947 0.501454 0)
(0.0600671 0.46315 0)
(0.0715074 0.426301 0)
(0.0775974 0.391778 0)
(0.0795412 0.360331 0)
(0.0783924 0.332426 0)
(0.0750202 0.308247 0)
(0.0701038 0.28777 0)
(0.0641474 0.270853 0)
(0.0575081 0.257303 0)
(0.0504263 0.246905 0)
(0.043056 0.239418 0)
(0.0354883 0.234586 0)
(0.0277707 0.232131 0)
(0.0199431 0.231728 0)
(0.0120406 0.232693 0)
(0.00457889 0.230421 0)
(-0.0606784 0.54477 0)
(-0.0256633 0.512642 0)
(0.00176142 0.480549 0)
(0.0223387 0.448373 0)
(0.0369726 0.416692 0)
(0.0466176 0.386371 0)
(0.0522005 0.358222 0)
(0.0545744 0.332825 0)
(0.0544839 0.310495 0)
(0.0525474 0.291345 0)
(0.0492559 0.275362 0)
(0.0449845 0.262461 0)
(0.0400108 0.252511 0)
(0.034534 0.24534 0)
(0.0286927 0.240738 0)
(0.02258 0.23846 0)
(0.0162733 0.2382 0)
(0.00983238 0.239269 0)
(0.0037385 0.236933 0)
(-0.0967316 0.509543 0)
(-0.0614244 0.484027 0)
(-0.0328436 0.458051 0)
(-0.0103621 0.431338 0)
(0.00672321 0.404394 0)
(0.0191423 0.378069 0)
(0.027627 0.353201 0)
(0.0328768 0.330421 0)
(0.0355329 0.31013 0)
(0.0361526 0.292536 0)
(0.0352021 0.27772 0)
(0.0330584 0.265684 0)
(0.0300181 0.256371 0)
(0.0263097 0.249668 0)
(0.0221053 0.245412 0)
(0.017532 0.243393 0)
(0.0126965 0.243327 0)
(0.00767734 0.244525 0)
(0.00291831 0.242141 0)
(-0.126944 0.474439 0)
(-0.0915315 0.454876 0)
(-0.0621791 0.434376 0)
(-0.0383362 0.412607 0)
(-0.019437 0.39004 0)
(-0.00490351 0.367508 0)
(0.00584953 0.345847 0)
(0.0134058 0.325719 0)
(0.018323 0.307571 0)
(0.0210992 0.291676 0)
(0.0221705 0.278185 0)
(0.021905 0.267167 0)
(0.0206059 0.258629 0)
(0.0185181 0.25251 0)
(0.0158363 0.24869 0)
(0.0127119 0.246996 0)
(0.00927299 0.247165 0)
(0.00560945 0.248509 0)
(0.00212935 0.246087 0)
(-0.151533 0.439618 0)
(-0.116312 0.425473 0)
(-0.0865919 0.409938 0)
(-0.0618852 0.392683 0)
(-0.0417259 0.374174 0)
(-0.0256494 0.355229 0)
(-0.0131736 0.33667 0)
(-0.00380564 0.31917 0)
(0.00293612 0.303202 0)
(0.0074985 0.289081 0)
(0.0102855 0.277011 0)
(0.0116497 0.267114 0)
(0.0118915 0.259446 0)
(0.0112635 0.253993 0)
(0.00997323 0.250676 0)
(0.00818868 0.249353 0)
(0.00605261 0.249785 0)
(0.0036548 0.251292 0)
(0.00137707 0.248826 0)
(-0.17078 0.405353 0)
(-0.136105 0.396154 0)
(-0.106426 0.385138 0)
(-0.081312 0.372018 0)
(-0.0603795 0.357271 0)
(-0.0432504 0.341699 0)
(-0.0295238 0.326111 0)
(-0.018781 0.311172 0)
(-0.0106038 0.29737 0)
(-0.00459261 0.285048 0)
(-0.000376729 0.274446 0)
(0.00237603 0.265728 0)
(0.00395772 0.258989 0)
(0.0046218 0.254255 0)
(0.00458187 0.251483 0)
(0.00401549 0.250562 0)
(0.00307632 0.251276 0)
(0.00182905 0.252962 0)
(0.000654563 0.25044 0)
(-0.185025 0.371979 0)
(-0.151274 0.36727 0)
(-0.122026 0.360357 0)
(-0.0969189 0.351017 0)
(-0.0756399 0.339743 0)
(-0.0578827 0.327325 0)
(-0.0433143 0.31455 0)
(-0.0315785 0.302073 0)
(-0.0223117 0.290385 0)
(-0.0151582 0.279846 0)
(-0.00978076 0.270721 0)
(-0.00586916 0.263204 0)
(-0.00314358 0.257423 0)
(-0.00135603 0.253437 0)
(-0.000292236 0.251235 0)
(0.000229108 0.250734 0)
(0.000374888 0.251746 0)
(0.000146993 0.253631 0)
(-3.99403e-05 0.250986 0)
(-0.194666 0.339847 0)
(-0.162197 0.339165 0)
(-0.133742 0.335946 0)
(-0.109009 0.330038 0)
(-0.0877549 0.321952 0)
(-0.0697364 0.312458 0)
(-0.0546798 0.302323 0)
(-0.0422838 0.292184 0)
(-0.0322336 0.282528 0)
(-0.0242141 0.273725 0)
(-0.0179205 0.266054 0)
(-0.013066 0.259733 0)
(-0.00938593 0.254914 0)
(-0.00664123 0.251683 0)
(-0.00462125 0.250057 0)
(-0.0031445 0.249983 0)
(-0.00205126 0.251308 0)
(-0.00135696 0.253462 0)
(-0.00064477 0.250478 0)
(-0.200149 0.309285 0)
(-0.16928 0.312152 0)
(-0.141931 0.312215 0)
(-0.117889 0.309394 0)
(-0.0969774 0.304206 0)
(-0.0790113 0.297402 0)
(-0.0637707 0.289719 0)
(-0.0510036 0.281775 0)
(-0.0404393 0.274048 0)
(-0.0318008 0.266908 0)
(-0.0248146 0.260646 0)
(-0.0192178 0.255492 0)
(-0.014763 0.251619 0)
(-0.0112225 0.249133 0)
(-0.00839286 0.248078 0)
(-0.00609595 0.248427 0)
(-0.00417827 0.250059 0)
(-0.00265918 0.252499 0)
(-0.0011589 0.249119 0)
(-0.201955 0.280565 0)
(-0.172938 0.286492 0)
(-0.146955 0.289429 0)
(-0.123867 0.28935 0)
(-0.103564 0.28677 0)
(-0.0859146 0.282414 0)
(-0.0707488 0.276987 0)
(-0.0578593 0.271082 0)
(-0.047016 0.265163 0)
(-0.0379777 0.259597 0)
(-0.0305008 0.254679 0)
(-0.0243461 0.250647 0)
(-0.0192847 0.247687 0)
(-0.0151025 0.245925 0)
(-0.011605 0.245424 0)
(-0.00862021 0.246182 0)
(-0.00600035 0.248112 0)
(-0.00375593 0.250805 0)
(-0.00157507 0.247065 0)
(-0.200581 0.253887 0)
(-0.173599 0.262391 0)
(-0.149177 0.267798 0)
(-0.127252 0.27012 0)
(-0.107771 0.269861 0)
(-0.0906575 0.26771 0)
(-0.0757834 0.264338 0)
(-0.0629832 0.260307 0)
(-0.0520644 0.256066 0)
(-0.0428188 0.251973 0)
(-0.0350313 0.24832 0)
(-0.0284866 0.245351 0)
(-0.0229743 0.24326 0)
(-0.0182951 0.242189 0)
(-0.0142653 0.242216 0)
(-0.0107203 0.243364 0)
(-0.00751893 0.245572 0)
(-0.00465612 0.248479 0)
(-0.0019016 0.244435 0)
(-0.196522 0.229374 0)
(-0.171681 0.239989 0)
(-0.148954 0.247479 0)
(-0.128345 0.251874 0)
(-0.109855 0.253655 0)
(-0.0934515 0.25347 0)
(-0.0790474 0.251949 0)
(-0.0665142 0.249625 0)
(-0.0556937 0.246924 0)
(-0.0464083 0.244192 0)
(-0.03847 0.241717 0)
(-0.0316862 0.239743 0)
(-0.0258656 0.23847 0)
(-0.020824 0.238048 0)
(-0.0163898 0.238572 0)
(-0.0124068 0.240083 0)
(-0.00874118 0.242543 0)
(-0.00537137 0.245627 0)
(-0.00215086 0.241344 0)
(-0.190246 0.207068 0)
(-0.167585 0.219365 0)
(-0.14663 0.228575 0)
(-0.12744 0.234733 0)
(-0.110064 0.238285 0)
(-0.0945055 0.239834 0)
(-0.0807142 0.239966 0)
(-0.0685945 0.23918 0)
(-0.0580188 0.237879 0)
(-0.0488378 0.236394 0)
(-0.0408886 0.235004 0)
(-0.0340004 0.233951 0)
(-0.0280006 0.233436 0)
(-0.0227207 0.233617 0)
(-0.0180013 0.234602 0)
(-0.013696 0.236445 0)
(-0.00967887 0.239129 0)
(-0.00591302 0.242355 0)
(-0.00233231 0.237899 0)
(-0.182184 0.186948 0)
(-0.161682 0.200544 0)
(-0.142525 0.211147 0)
(-0.124814 0.218781 0)
(-0.108634 0.223852 0)
(-0.094021 0.226913 0)
(-0.080954 0.228506 0)
(-0.0693661 0.229093 0)
(-0.0591569 0.229052 0)
(-0.0502029 0.228697 0)
(-0.042364 0.228297 0)
(-0.0354904 0.228086 0)
(-0.0294276 0.228267 0)
(-0.0240224 0.229001 0)
(-0.0191284 0.230407 0)
(-0.014609 0.232552 0)
(-0.010347 0.23543 0)
(-0.00629231 0.238763 0)
(-0.00245267 0.234202 0)
(-0.172714 0.168942 0)
(-0.154306 0.183505 0)
(-0.136931 0.195211 0)
(-0.120721 0.204063 0)
(-0.105788 0.210422 0)
(-0.0921899 0.214789 0)
(-0.0799309 0.217659 0)
(-0.0689682 0.21946 0)
(-0.0592252 0.220543 0)
(-0.0506008 0.221203 0)
(-0.0429765 0.221696 0)
(-0.0362217 0.222249 0)
(-0.0301992 0.223061 0)
(-0.0247709 0.224298 0)
(-0.0198032 0.226084 0)
(-0.01517 0.228496 0)
(-0.0107629 0.231541 0)
(-0.00652089 0.234949 0)
(-0.00251743 0.230342 0)
(-0.162156 0.152942 0)
(-0.145747 0.168197 0)
(-0.13011 0.180756 0)
(-0.115396 0.190598 0)
(-0.101731 0.198035 0)
(-0.0891919 0.203518 0)
(-0.077801 0.207496 0)
(-0.0675352 0.210359 0)
(-0.0583381 0.212435 0)
(-0.0501286 0.213998 0)
(-0.0428074 0.215289 0)
(-0.0362616 0.216527 0)
(-0.0303705 0.217907 0)
(-0.0250106 0.219595 0)
(-0.0200607 0.221719 0)
(-0.0154055 0.224365 0)
(-0.0109455 0.227548 0)
(-0.00661088 0.231003 0)
(-0.0025317 0.226406 0)
(-0.150778 0.138819 0)
(-0.136254 0.154543 0)
(-0.122291 0.167747 0)
(-0.109044 0.178382 0)
(-0.0966488 0.186712 0)
(-0.0851927 0.193138 0)
(-0.0747105 0.198065 0)
(-0.0651949 0.201851 0)
(-0.0566064 0.204796 0)
(-0.0488814 0.207153 0)
(-0.0419374 0.209152 0)
(-0.0356782 0.210998 0)
(-0.0299982 0.212882 0)
(-0.0247877 0.214969 0)
(-0.0199379 0.217391 0)
(-0.0153438 0.22024 0)
(-0.010915 0.223535 0)
(-0.00657473 0.22701 0)
(-0.00250039 0.22247 0)
(-0.138797 0.126434 0)
(-0.126037 0.142456 0)
(-0.11367 0.156136 0)
(-0.101849 0.167395 0)
(-0.0907103 0.176455 0)
(-0.0803444 0.183668 0)
(-0.0707954 0.189402 0)
(-0.0620678 0.19398 0)
(-0.0541361 0.197676 0)
(-0.0469513 0.200728 0)
(-0.0404461 0.203345 0)
(-0.0345392 0.205727 0)
(-0.029139 0.208054 0)
(-0.0241492 0.210491 0)
(-0.0194725 0.213172 0)
(-0.0150141 0.216192 0)
(-0.0106922 0.219573 0)
(-0.00642528 0.223046 0)
(-0.00242837 0.218603 0)
(-0.126388 0.115654 0)
(-0.115272 0.131844 0)
(-0.10442 0.145863 0)
(-0.0939747 0.157606 0)
(-0.0840667 0.167254 0)
(-0.0747864 0.175119 0)
(-0.0661825 0.181528 0)
(-0.0582679 0.186778 0)
(-0.0510283 0.191119 0)
(-0.0444272 0.194769 0)
(-0.0384108 0.197923 0)
(-0.0329111 0.200769 0)
(-0.0278497 0.203482 0)
(-0.0231424 0.206221 0)
(-0.0187029 0.209123 0)
(-0.0144461 0.212285 0)
(-0.0102988 0.215729 0)
(-0.00617576 0.219181 0)
(-0.00232061 0.214868 0)
(-0.113692 0.106348 0)
(-0.104107 0.122616 0)
(-0.0946892 0.136867 0)
(-0.0855661 0.148978 0)
(-0.0768571 0.159093 0)
(-0.0686487 0.167487 0)
(-0.0609913 0.174456 0)
(-0.0539037 0.180269 0)
(-0.0473804 0.185154 0)
(-0.0413958 0.189313 0)
(-0.0359076 0.192927 0)
(-0.03086 0.196172 0)
(-0.0261867 0.199215 0)
(-0.0218146 0.202213 0)
(-0.0176679 0.205301 0)
(-0.0136705 0.208576 0)
(-0.0097569 0.212063 0)
(-0.00583998 0.215474 0)
(-0.00218244 0.211317 0)
(-0.100834 0.0984012 0)
(-0.0926784 0.114687 0)
(-0.0846188 0.129089 0)
(-0.0767626 0.14147 0)
(-0.0692156 0.151947 0)
(-0.0620579 0.160763 0)
(-0.0553393 0.168187 0)
(-0.0490827 0.174463 0)
(-0.0432896 0.179803 0)
(-0.0379436 0.184389 0)
(-0.0330129 0.188391 0)
(-0.0284524 0.191974 0)
(-0.024207 0.195297 0)
(-0.0202142 0.198512 0)
(-0.0164074 0.201752 0)
(-0.0127189 0.205116 0)
(-0.00908988 0.208624 0)
(-0.00543253 0.21198 0)
(-0.00201957 0.207995 0)
(-0.0879425 0.0917143 0)
(-0.0811282 0.107978 0)
(-0.0743553 0.122468 0)
(-0.0677099 0.135039 0)
(-0.0612828 0.145787 0)
(-0.0551467 0.154931 0)
(-0.0493497 0.162716 0)
(-0.0439177 0.169366 0)
(-0.038858 0.175076 0)
(-0.0341621 0.180015 0)
(-0.0298074 0.18434 0)
(-0.0257589 0.188205 0)
(-0.0219715 0.191761 0)
(-0.0183924 0.195155 0)
(-0.0149637 0.198517 0)
(-0.0116248 0.201944 0)
(-0.0083227 0.205455 0)
(-0.00496939 0.208742 0)
(-0.00183837 0.204938 0)
(-0.0751776 0.0862061 0)
(-0.0696303 0.102423 0)
(-0.0640763 0.116949 0)
(-0.0585818 0.12964 0)
(-0.0532245 0.140578 0)
(-0.0480701 0.149965 0)
(-0.0431655 0.158026 0)
(-0.038539 0.16497 0)
(-0.034203 0.170975 0)
(-0.0301559 0.1762 0)
(-0.0263835 0.180788 0)
(-0.0228599 0.184884 0)
(-0.0195492 0.188632 0)
(-0.0164076 0.19217 0)
(-0.0133849 0.195627 0)
(-0.0104266 0.199096 0)
(-0.0074838 0.202592 0)
(-0.00446913 0.205795 0)
(-0.00164641 0.202172 0)
(-0.0627782 0.0818147 0)
(-0.0584321 0.0979609 0)
(-0.0540252 0.112473 0)
(-0.0496106 0.125219 0)
(-0.0452575 0.136275 0)
(-0.0410281 0.145828 0)
(-0.0369691 0.15409 0)
(-0.0331116 0.161256 0)
(-0.0294728 0.16749 0)
(-0.026057 0.17294 0)
(-0.0228573 0.177739 0)
(-0.0198561 0.182021 0)
(-0.0170262 0.185923 0)
(-0.0143317 0.189576 0)
(-0.0117298 0.193103 0)
(-0.00917079 0.196595 0)
(-0.00660797 0.200059 0)
(-0.00395505 0.203165 0)
(-0.00145329 0.199708 0)
(-0.0511194 0.0784954 0)
(-0.0479041 0.0945323 0)
(-0.0445548 0.108977 0)
(-0.0411252 0.121714 0)
(-0.0376847 0.132822 0)
(-0.0342969 0.142475 0)
(-0.031011 0.150872 0)
(-0.0278614 0.158196 0)
(-0.0248693 0.164601 0)
(-0.0220446 0.170223 0)
(-0.0193866 0.175186 0)
(-0.0168848 0.179616 0)
(-0.0145197 0.18364 0)
(-0.0122631 0.187383 0)
(-0.0100785 0.190961 0)
(-0.0079208 0.194457 0)
(-0.00574305 0.197872 0)
(-0.00346068 0.200865 0)
(-0.00127268 0.197544 0)
(-0.0407779 0.0762024 0)
(-0.0385919 0.0920538 0)
(-0.0361733 0.10636 0)
(-0.0335936 0.119024 0)
(-0.0309343 0.130121 0)
(-0.0282666 0.139815 0)
(-0.0256447 0.148292 0)
(-0.023107 0.155723 0)
(-0.0206788 0.162251 0)
(-0.0183739 0.168002 0)
(-0.0161968 0.173092 0)
(-0.0141427 0.177638 0)
(-0.0121987 0.18176 0)
(-0.0103439 0.185576 0)
(-0.00854842 0.189192 0)
(-0.00677155 0.192683 0)
(-0.00496436 0.196035 0)
(-0.00304239 0.198894 0)
(-0.00113164 0.195636 0)
(-0.0325917 0.0748387 0)
(-0.0312628 0.0903257 0)
(-0.029583 0.104364 0)
(-0.0276591 0.116866 0)
(-0.0255949 0.127887 0)
(-0.0234746 0.137572 0)
(-0.0213594 0.146088 0)
(-0.0192917 0.153592 0)
(-0.0173001 0.160214 0)
(-0.0154014 0.166069 0)
(-0.0136033 0.171266 0)
(-0.0119052 0.175914 0)
(-0.0102995 0.180125 0)
(-0.00877175 0.184011 0)
(-0.00729994 0.18767 0)
(-0.00585178 0.191166 0)
(-0.00438233 0.19447 0)
(-0.00281777 0.197211 0)
(-0.00111764 0.194009 0)
(-0.0276736 0.0742729 0)
(-0.0269447 0.0890358 0)
(-0.0257095 0.102605 0)
(-0.0241581 0.114823 0)
(-0.0224276 0.125693 0)
(-0.0206148 0.135323 0)
(-0.0187862 0.143851 0)
(-0.0169873 0.15141 0)
(-0.0152477 0.158115 0)
(-0.0135851 0.16407 0)
(-0.0120082 0.169372 0)
(-0.0105178 0.17412 0)
(-0.00910846 0.17842 0)
(-0.00776931 0.182375 0)
(-0.00648421 0.186074 0)
(-0.00522981 0.189565 0)
(-0.00397173 0.192777 0)
(-0.00265612 0.195228 0)
(-0.00112825 0.191434 0)
)
;

boundaryField
{
    leftWall
    {
        type            noSlip;
    }
    rightWall
    {
        type            noSlip;
    }
    lowerWall
    {
        type            noSlip;
    }
    atmosphere
    {
        type            pressureInletOutletVelocity;
        value           nonuniform List<vector> 
46
(
(0 -0.210935 0)
(0 -0.29283 0)
(0 -0.273848 0)
(0 -0.262187 0)
(0 -0.251948 0)
(0 -0.241815 0)
(0 -0.23109 0)
(0 -0.219404 0)
(0 -0.206594 0)
(0 -0.192638 0)
(0 -0.177607 0)
(0 -0.161632 0)
(0 -0.144874 0)
(0 -0.127506 0)
(0 -0.109698 0)
(0 -0.0916116 0)
(0 -0.0733808 0)
(0 -0.0551217 0)
(0 -0.0369761 0)
(0 -0.019325 0)
(0 -0.00352271 0)
(-0.0225287 0.012866 0)
(-0.0249382 0.0303273 0)
(-0.0263929 0.0419734 0)
(-0.0270279 0.049207 0)
(-0.0274198 0.0562553 0)
(-0.027624 0.063118 0)
(-0.0276736 0.0742729 0)
(-0.0269447 0.0890358 0)
(-0.0257095 0.102605 0)
(-0.0241581 0.114823 0)
(-0.0224276 0.125693 0)
(-0.0206148 0.135323 0)
(-0.0187862 0.143851 0)
(-0.0169873 0.15141 0)
(-0.0152477 0.158115 0)
(-0.0135851 0.16407 0)
(-0.0120082 0.169372 0)
(-0.0105178 0.17412 0)
(-0.00910846 0.17842 0)
(-0.00776931 0.182375 0)
(-0.00648421 0.186074 0)
(-0.00522981 0.189565 0)
(-0.00397173 0.192777 0)
(-0.00265612 0.195228 0)
(-0.00112825 0.191434 0)
)
;
    }
    defaultFaces
    {
        type            empty;
    }
}


// ************************************************************************* //
