/*--------------------------------*- C++ -*----------------------------------*\
  =========                 |
  \\      /  F ield         | OpenFOAM: The Open Source CFD Toolbox
   \\    /   O peration     | Website:  https://openfoam.org
    \\  /    A nd           | Version:  7
     \\/     M anipulation  |
\*---------------------------------------------------------------------------*/
FoamFile
{
    version     2.0;
    format      ascii;
    class       volVectorField;
    location    "0.4";
    object      U;
}
// * * * * * * * * * * * * * * * * * * * * * * * * * * * * * * * * * * * * * //

dimensions      [0 1 -1 0 0 0 0];

internalField   nonuniform List<vector> 
1935
(
(-0.0360696 0.019161 0)
(-0.0620423 0.00785079 0)
(-0.0616566 -0.00640729 0)
(-0.0446519 -0.0135043 0)
(-0.020094 -0.0161151 0)
(0.00795962 -0.0165211 0)
(0.0368958 -0.0160669 0)
(0.065242 -0.0151913 0)
(0.0924882 -0.0142173 0)
(0.11845 -0.0132948 0)
(0.143169 -0.012483 0)
(0.166791 -0.0118001 0)
(0.18949 -0.0112423 0)
(0.211431 -0.0107942 0)
(0.232759 -0.0104363 0)
(0.253589 -0.0101479 0)
(0.274003 -0.00990911 0)
(0.294054 -0.00970192 0)
(0.313767 -0.00950989 0)
(0.333137 -0.00931795 0)
(0.352134 -0.00911172 0)
(0.3707 -0.00887688 0)
(0.388749 -0.00859851 0)
(0.406163 -0.00826045 0)
(0.422791 -0.00784428 0)
(0.438439 -0.0073281 0)
(0.452864 -0.00668451 0)
(0.465757 -0.00587715 0)
(0.476718 -0.00485525 0)
(0.485238 -0.00353013 0)
(0.490573 -0.00174251 0)
(0.491935 0.000895535 0)
(0.486794 0.00449864 0)
(0.473865 0.0090957 0)
(0.451674 0.0147337 0)
(0.418477 0.0213897 0)
(0.372591 0.0288517 0)
(0.31285 0.0365713 0)
(0.239193 0.0435613 0)
(0.153191 0.048575 0)
(0.0585573 0.0507424 0)
(-0.0387412 0.0534288 0)
(-0.156669 0.0398623 0)
(-0.232185 -0.00615566 0)
(-0.0322976 0.0472653 0)
(-0.0317447 0.0157181 0)
(-0.022446 -0.0096798 0)
(-0.00569307 -0.0237979 0)
(0.0168166 -0.0303897 0)
(0.0421353 -0.0327515 0)
(0.0685442 -0.0329739 0)
(0.0949574 -0.0321448 0)
(0.120847 -0.0308978 0)
(0.145987 -0.0295698 0)
(0.170331 -0.0283272 0)
(0.193926 -0.0272409 0)
(0.21686 -0.0263279 0)
(0.239231 -0.0255764 0)
(0.261128 -0.0249603 0)
(0.282623 -0.0244475 0)
(0.303768 -0.0240047 0)
(0.32459 -0.0235991 0)
(0.345096 -0.0231993 0)
(0.365265 -0.0227745 0)
(0.385058 -0.0222945 0)
(0.404406 -0.0217275 0)
(0.423217 -0.0210396 0)
(0.44137 -0.0201931 0)
(0.458711 -0.0191442 0)
(0.475043 -0.0178403 0)
(0.490127 -0.0162162 0)
(0.503665 -0.0141878 0)
(0.51529 -0.0116422 0)
(0.524561 -0.00841283 0)
(0.530941 -0.00426198 0)
(0.533938 0.00120488 0)
(0.533446 0.00831128 0)
(0.528306 0.017239 0)
(0.517078 0.0281816 0)
(0.49808 0.0412785 0)
(0.46933 0.0564164 0)
(0.428549 0.0729664 0)
(0.373417 0.089537 0)
(0.30226 0.103944 0)
(0.215391 0.113686 0)
(0.120191 0.118234 0)
(0.0185172 0.106859 0)
(-0.0618431 0.0522186 0)
(-0.014012 0.0628942 0)
(-0.00649458 0.0108065 0)
(0.00441011 -0.0208243 0)
(0.0216554 -0.0383327 0)
(0.0428059 -0.0470859 0)
(0.0661999 -0.0506147 0)
(0.0906212 -0.051237 0)
(0.115277 -0.0503555 0)
(0.139729 -0.0488111 0)
(0.163766 -0.0470801 0)
(0.187309 -0.0454132 0)
(0.21036 -0.0439266 0)
(0.232958 -0.0426572 0)
(0.255155 -0.0415975 0)
(0.277003 -0.0407162 0)
(0.298542 -0.0399709 0)
(0.319798 -0.0393147 0)
(0.340781 -0.0387004 0)
(0.361478 -0.0380812 0)
(0.381859 -0.0374109 0)
(0.401875 -0.0366425 0)
(0.42145 -0.0357268 0)
(0.440489 -0.0346106 0)
(0.458868 -0.0332341 0)
(0.476432 -0.031528 0)
(0.492989 -0.0294098 0)
(0.508307 -0.0267784 0)
(0.522104 -0.0235082 0)
(0.534039 -0.0194395 0)
(0.543712 -0.0143663 0)
(0.550655 -0.00803009 0)
(0.554344 -9.77736e-05 0)
(0.554357 0.00987059 0)
(0.550062 0.0223025 0)
(0.540661 0.0375877 0)
(0.525228 0.0560366 0)
(0.502721 0.0777009 0)
(0.471937 0.10208 0)
(0.431475 0.12774 0)
(0.37985 0.151958 0)
(0.316041 0.170616 0)
(0.243011 0.17866 0)
(0.165212 0.164442 0)
(0.0882939 0.103816 0)
(0.00128283 0.063031 0)
(0.0107562 0.00427755 0)
(0.0243527 -0.032247 0)
(0.0425554 -0.0529462 0)
(0.0632712 -0.0636006 0)
(0.0854739 -0.0681279 0)
(0.108435 -0.0691374 0)
(0.131658 -0.0682783 0)
(0.154848 -0.0665557 0)
(0.177846 -0.0645529 0)
(0.20058 -0.062586 0)
(0.223029 -0.0608072 0)
(0.245201 -0.0592703 0)
(0.267117 -0.0579719 0)
(0.288798 -0.0568774 0)
(0.310258 -0.0559361 0)
(0.3315 -0.0550906 0)
(0.352516 -0.0542812 0)
(0.37328 -0.0534478 0)
(0.393753 -0.0525299 0)
(0.413875 -0.0514657 0)
(0.433568 -0.0501895 0)
(0.452733 -0.0486299 0)
(0.471244 -0.046706 0)
(0.48895 -0.0443246 0)
(0.505666 -0.0413752 0)
(0.521168 -0.0377244 0)
(0.535192 -0.0332097 0)
(0.547424 -0.0276307 0)
(0.557502 -0.0207408 0)
(0.565014 -0.0122403 0)
(0.569498 -0.00176353 0)
(0.570507 0.0111415 0)
(0.567545 0.026955 0)
(0.560069 0.046129 0)
(0.547506 0.0690241 0)
(0.52927 0.0957516 0)
(0.504742 0.125909 0)
(0.473202 0.158184 0)
(0.433744 0.189839 0)
(0.385275 0.216115 0)
(0.327728 0.229728 0)
(0.262434 0.217668 0)
(0.188261 0.159627 0)
(0.00873658 0.0532311 0)
(0.0214975 -0.00580158 0)
(0.0387144 -0.0453865 0)
(0.0585157 -0.06802 0)
(0.0794175 -0.079806 0)
(0.100985 -0.0849505 0)
(0.122934 -0.0862433 0)
(0.145053 -0.0854594 0)
(0.167208 -0.0836877 0)
(0.189315 -0.0815678 0)
(0.211326 -0.0794531 0)
(0.233217 -0.0775179 0)
(0.254979 -0.0758274 0)
(0.276608 -0.0743821 0)
(0.298103 -0.0731456 0)
(0.319456 -0.072062 0)
(0.340652 -0.0710658 0)
(0.361666 -0.070088 0)
(0.382463 -0.0690577 0)
(0.402991 -0.0679026 0)
(0.423186 -0.0665476 0)
(0.442967 -0.0649127 0)
(0.462232 -0.0629096 0)
(0.480858 -0.0604386 0)
(0.498697 -0.0573846 0)
(0.515571 -0.0536119 0)
(0.531271 -0.0489591 0)
(0.545551 -0.043232 0)
(0.558124 -0.0361974 0)
(0.568668 -0.0275757 0)
(0.576821 -0.0170368 0)
(0.582188 -0.00419296 0)
(0.584376 0.0114138 0)
(0.582983 0.0302747 0)
(0.57761 0.0528504 0)
(0.567872 0.0794966 0)
(0.553403 0.110321 0)
(0.533826 0.144954 0)
(0.508674 0.182187 0)
(0.477231 0.21946 0)
(0.438317 0.25211 0)
(0.39042 0.272422 0)
(0.331572 0.267575 0)
(0.257998 0.219176 0)
(0.010676 0.0404029 0)
(0.0279034 -0.0197861 0)
(0.0489727 -0.0605992 0)
(0.0705995 -0.083853 0)
(0.091978 -0.0959254 0)
(0.113239 -0.101229 0)
(0.134491 -0.102619 0)
(0.155778 -0.101887 0)
(0.177111 -0.100132 0)
(0.198483 -0.0980011 0)
(0.21988 -0.0958551 0)
(0.241284 -0.093875 0)
(0.262677 -0.0921296 0)
(0.284041 -0.0906202 0)
(0.305358 -0.0893089 0)
(0.326603 -0.0881355 0)
(0.347745 -0.0870291 0)
(0.368748 -0.0859131 0)
(0.389565 -0.0847083 0)
(0.410137 -0.0833328 0)
(0.430396 -0.0817004 0)
(0.450257 -0.0797183 0)
(0.469618 -0.0772836 0)
(0.48836 -0.0742799 0)
(0.506341 -0.0705727 0)
(0.523392 -0.0660048 0)
(0.539319 -0.0603902 0)
(0.553895 -0.0535092 0)
(0.566863 -0.0451023 0)
(0.577936 -0.0348658 0)
(0.586803 -0.022449 0)
(0.593133 -0.00745117 0)
(0.596598 0.0105837 0)
(0.596883 0.0321376 0)
(0.593686 0.0576585 0)
(0.586736 0.0874856 0)
(0.575773 0.121722 0)
(0.560515 0.160038 0)
(0.540549 0.201366 0)
(0.515146 0.243441 0)
(0.482948 0.282074 0)
(0.441616 0.310116 0)
(0.387089 0.315864 0)
(0.312872 0.282336 0)
(0.0115187 0.0259844 0)
(0.0326499 -0.0369396 0)
(0.0567453 -0.077766 0)
(0.0798776 -0.1005 0)
(0.101695 -0.112124 0)
(0.122769 -0.117178 0)
(0.143511 -0.118476 0)
(0.164156 -0.117743 0)
(0.184832 -0.11603 0)
(0.2056 -0.113952 0)
(0.226477 -0.111856 0)
(0.247457 -0.109914 0)
(0.268521 -0.108191 0)
(0.289642 -0.106685 0)
(0.31079 -0.105355 0)
(0.331927 -0.104138 0)
(0.353011 -0.102957 0)
(0.373995 -0.10173 0)
(0.394824 -0.100373 0)
(0.415432 -0.0987943 0)
(0.435748 -0.0968994 0)
(0.455684 -0.0945845 0)
(0.475142 -0.0917344 0)
(0.494006 -0.0882179 0)
(0.512139 -0.083884 0)
(0.529387 -0.0785568 0)
(0.545568 -0.0720302 0)
(0.560478 -0.0640635 0)
(0.573887 -0.0543771 0)
(0.585544 -0.0426509 0)
(0.595185 -0.0285226 0)
(0.602537 -0.0115875 0)
(0.60734 0.00860234 0)
(0.609357 0.0325124 0)
(0.608365 0.0605737 0)
(0.60417 0.0931128 0)
(0.596578 0.130243 0)
(0.585343 0.171702 0)
(0.570059 0.216611 0)
(0.549941 0.26309 0)
(0.523472 0.307644 0)
(0.487791 0.344222 0)
(0.43753 0.362925 0)
(0.363675 0.349079 0)
(0.0129847 0.00966113 0)
(0.0370162 -0.0565217 0)
(0.0631353 -0.0963687 0)
(0.0872281 -0.117728 0)
(0.109275 -0.128372 0)
(0.13015 -0.132879 0)
(0.150463 -0.133938 0)
(0.170578 -0.133154 0)
(0.190706 -0.13149 0)
(0.210957 -0.129508 0)
(0.231379 -0.12752 0)
(0.251977 -0.12568 0)
(0.272734 -0.124041 0)
(0.29362 -0.122594 0)
(0.314596 -0.121293 0)
(0.335617 -0.120071 0)
(0.356631 -0.118849 0)
(0.377581 -0.117538 0)
(0.398406 -0.116049 0)
(0.419037 -0.114285 0)
(0.439397 -0.112144 0)
(0.4594 -0.109513 0)
(0.478949 -0.106266 0)
(0.497933 -0.102261 0)
(0.516225 -0.097331 0)
(0.53368 -0.091286 0)
(0.550135 -0.0839031 0)
(0.565406 -0.0749245 0)
(0.579289 -0.0640562 0)
(0.591567 -0.0509679 0)
(0.60202 -0.0352943 0)
(0.61043 -0.0166352 0)
(0.616598 0.00544297 0)
(0.620366 0.0313866 0)
(0.621579 0.0616112 0)
(0.620113 0.0964377 0)
(0.61583 0.136004 0)
(0.608525 0.180139 0)
(0.597817 0.228176 0)
(0.582932 0.278673 0)
(0.562326 0.32895 0)
(0.532956 0.374393 0)
(0.488826 0.407523 0)
(0.418829 0.417135 0)
(0.0149227 -0.00882546 0)
(0.0412477 -0.0778782 0)
(0.0686807 -0.115855 0)
(0.0932677 -0.135243 0)
(0.115328 -0.144565 0)
(0.135945 -0.148333 0)
(0.15585 -0.149054 0)
(0.175484 -0.148182 0)
(0.195116 -0.146572 0)
(0.214893 -0.144715 0)
(0.234887 -0.14288 0)
(0.255115 -0.141191 0)
(0.275565 -0.139686 0)
(0.296205 -0.138345 0)
(0.316992 -0.137117 0)
(0.337873 -0.135928 0)
(0.358791 -0.134694 0)
(0.379683 -0.133324 0)
(0.400478 -0.131725 0)
(0.421106 -0.129794 0)
(0.441488 -0.127424 0)
(0.461537 -0.124496 0)
(0.48116 -0.120875 0)
(0.500252 -0.116408 0)
(0.518694 -0.110918 0)
(0.536355 -0.104201 0)
(0.553088 -0.0960225 0)
(0.56873 -0.0861105 0)
(0.583102 -0.0741605 0)
(0.596018 -0.0598381 0)
(0.607295 -0.0427824 0)
(0.616767 -0.0226068 0)
(0.624297 0.00110123 0)
(0.629795 0.0287655 0)
(0.633185 0.0607874 0)
(0.634411 0.0974871 0)
(0.633405 0.139035 0)
(0.630032 0.185351 0)
(0.623992 0.23598 0)
(0.614644 0.289908 0)
(0.600653 0.345285 0)
(0.579266 0.399057 0)
(0.544795 0.44659 0)
(0.485097 0.481662 0)
(0.0170609 -0.0295564 0)
(0.0453248 -0.10057 0)
(0.0736354 -0.135843 0)
(0.0984339 -0.152834 0)
(0.120371 -0.160612 0)
(0.140678 -0.163518 0)
(0.160163 -0.163834 0)
(0.179322 -0.162847 0)
(0.198464 -0.161293 0)
(0.21777 -0.159585 0)
(0.237329 -0.157938 0)
(0.257172 -0.156442 0)
(0.277291 -0.155115 0)
(0.297655 -0.153922 0)
(0.318217 -0.152804 0)
(0.338921 -0.151682 0)
(0.359704 -0.150467 0)
(0.380495 -0.149064 0)
(0.401223 -0.147376 0)
(0.421809 -0.145298 0)
(0.442176 -0.14272 0)
(0.462238 -0.139516 0)
(0.481904 -0.135545 0)
(0.501076 -0.130646 0)
(0.519644 -0.124634 0)
(0.53749 -0.117297 0)
(0.554486 -0.108387 0)
(0.570489 -0.0976231 0)
(0.585344 -0.0846928 0)
(0.598889 -0.069262 0)
(0.610974 -0.0509819 0)
(0.62148 -0.0294885 0)
(0.630327 -0.00439912 0)
(0.637496 0.0246819 0)
(0.642993 0.0581386 0)
(0.646845 0.0962914 0)
(0.649067 0.139338 0)
(0.649627 0.187278 0)
(0.648374 0.239822 0)
(0.644925 0.2963 0)
(0.638413 0.355553 0)
(0.626945 0.415887 0)
(0.606422 0.475361 0)
(0.56637 0.533572 0)
(0.0191552 -0.052655 0)
(0.0491447 -0.124574 0)
(0.0781895 -0.156337 0)
(0.103113 -0.170558 0)
(0.12488 -0.176609 0)
(0.144845 -0.178545 0)
(0.163881 -0.178396 0)
(0.182536 -0.177269 0)
(0.201159 -0.175772 0)
(0.21996 -0.174233 0)
(0.239049 -0.172806 0)
(0.258467 -0.171543 0)
(0.27821 -0.170434 0)
(0.298249 -0.16943 0)
(0.318535 -0.16846 0)
(0.339008 -0.167439 0)
(0.359602 -0.166272 0)
(0.38024 -0.164861 0)
(0.400846 -0.163106 0)
(0.421339 -0.160901 0)
(0.44164 -0.158133 0)
(0.461665 -0.154673 0)
(0.481327 -0.150376 0)
(0.500534 -0.145075 0)
(0.519186 -0.138578 0)
(0.537179 -0.130667 0)
(0.554403 -0.121088 0)
(0.570738 -0.10955 0)
(0.586049 -0.0957334 0)
(0.600195 -0.0793066 0)
(0.613052 -0.059941 0)
(0.624538 -0.0373059 0)
(0.634631 -0.0110601 0)
(0.643381 0.0191542 0)
(0.650886 0.0536961 0)
(0.657264 0.0928822 0)
(0.662633 0.136929 0)
(0.667083 0.185882 0)
(0.670654 0.23955 0)
(0.673294 0.297454 0)
(0.674773 0.358828 0)
(0.674484 0.422752 0)
(0.671199 0.488856 0)
(0.661923 0.560224 0)
(0.021012 -0.07815 0)
(0.0526593 -0.149956 0)
(0.0825215 -0.177426 0)
(0.107627 -0.188501 0)
(0.129238 -0.192618 0)
(0.148838 -0.193459 0)
(0.167383 -0.192773 0)
(0.185483 -0.191474 0)
(0.203536 -0.190036 0)
(0.221781 -0.188687 0)
(0.240348 -0.187514 0)
(0.259286 -0.186522 0)
(0.278597 -0.185672 0)
(0.298251 -0.184897 0)
(0.3182 -0.184114 0)
(0.33838 -0.183228 0)
(0.358721 -0.18214 0)
(0.379143 -0.180747 0)
(0.399563 -0.178948 0)
(0.4199 -0.176636 0)
(0.440071 -0.173698 0)
(0.459996 -0.170003 0)
(0.479591 -0.165404 0)
(0.498771 -0.15973 0)
(0.517446 -0.152786 0)
(0.535524 -0.144351 0)
(0.552918 -0.134167 0)
(0.569533 -0.121935 0)
(0.585252 -0.107324 0)
(0.599951 -0.0900078 0)
(0.613519 -0.0696833 0)
(0.625907 -0.046067 0)
(0.637141 -0.0188737 0)
(0.647342 0.0122014 0)
(0.656706 0.047481 0)
(0.665454 0.0872728 0)
(0.67381 0.1318 0)
(0.681993 0.181123 0)
(0.690219 0.235066 0)
(0.698739 0.293178 0)
(0.707876 0.354739 0)
(0.71809 0.418885 0)
(0.730283 0.48515 0)
(0.746235 0.555399 0)
(0.0224932 -0.105777 0)
(0.0559038 -0.176686 0)
(0.0868301 -0.199137 0)
(0.11224 -0.20665 0)
(0.133716 -0.208579 0)
(0.152922 -0.208168 0)
(0.170923 -0.206858 0)
(0.188411 -0.205352 0)
(0.205837 -0.203971 0)
(0.223476 -0.202832 0)
(0.241471 -0.201944 0)
(0.25988 -0.20126 0)
(0.278706 -0.200706 0)
(0.297917 -0.200197 0)
(0.317465 -0.199636 0)
(0.337288 -0.19892 0)
(0.357309 -0.19794 0)
(0.377445 -0.19659 0)
(0.397608 -0.194768 0)
(0.417713 -0.19237 0)
(0.437679 -0.189282 0)
(0.457425 -0.185374 0)
(0.476874 -0.180499 0)
(0.495945 -0.174482 0)
(0.514556 -0.16713 0)
(0.532632 -0.158225 0)
(0.550107 -0.147509 0)
(0.566917 -0.134673 0)
(0.582969 -0.11937 0)
(0.598143 -0.101272 0)
(0.612336 -0.0801099 0)
(0.625515 -0.055661 0)
(0.637749 -0.0277154 0)
(0.649222 0.00395881 0)
(0.660234 0.0396333 0)
(0.67111 0.079603 0)
(0.682184 0.124093 0)
(0.693778 0.173158 0)
(0.706236 0.226588 0)
(0.719996 0.283839 0)
(0.735686 0.34403 0)
(0.75424 0.405971 0)
(0.777142 0.468371 0)
(0.806825 0.530425 0)
(0.0234728 -0.135392 0)
(0.0590701 -0.20494 0)
(0.0913809 -0.221624 0)
(0.117156 -0.225042 0)
(0.138453 -0.224453 0)
(0.1572 -0.2226 0)
(0.1746 -0.220568 0)
(0.191429 -0.218821 0)
(0.208197 -0.217501 0)
(0.225201 -0.216595 0)
(0.242596 -0.216024 0)
(0.260445 -0.215681 0)
(0.278746 -0.215457 0)
(0.297468 -0.215246 0)
(0.316561 -0.214939 0)
(0.335964 -0.214423 0)
(0.355599 -0.213579 0)
(0.375377 -0.212296 0)
(0.395205 -0.210471 0)
(0.414996 -0.208004 0)
(0.434669 -0.204784 0)
(0.454145 -0.200684 0)
(0.473349 -0.195557 0)
(0.492209 -0.189228 0)
(0.510648 -0.181504 0)
(0.5286 -0.17218 0)
(0.54603 -0.161008 0)
(0.562912 -0.147667 0)
(0.579182 -0.131781 0)
(0.594726 -0.113011 0)
(0.609434 -0.0911222 0)
(0.623276 -0.0659694 0)
(0.63635 -0.0374408 0)
(0.648896 -0.00540439 0)
(0.661305 0.0303403 0)
(0.674015 0.0700754 0)
(0.687456 0.114039 0)
(0.702029 0.162283 0)
(0.718135 0.214551 0)
(0.736277 0.270166 0)
(0.757162 0.328034 0)
(0.781784 0.386638 0)
(0.811498 0.4441 0)
(0.848192 0.498295 0)
(0.0236615 -0.166594 0)
(0.062648 -0.235087 0)
(0.0964767 -0.245009 0)
(0.122378 -0.243595 0)
(0.143299 -0.240117 0)
(0.161492 -0.236652 0)
(0.178258 -0.233833 0)
(0.194435 -0.231841 0)
(0.210566 -0.23061 0)
(0.226963 -0.229975 0)
(0.243781 -0.229763 0)
(0.261079 -0.229802 0)
(0.278851 -0.229944 0)
(0.297063 -0.230067 0)
(0.315668 -0.230051 0)
(0.334604 -0.229768 0)
(0.353795 -0.22909 0)
(0.373146 -0.227897 0)
(0.392562 -0.226089 0)
(0.411952 -0.223572 0)
(0.431236 -0.220237 0)
(0.450336 -0.21596 0)
(0.469183 -0.2106 0)
(0.48771 -0.20398 0)
(0.50584 -0.195905 0)
(0.523514 -0.186197 0)
(0.540729 -0.174632 0)
(0.557509 -0.160881 0)
(0.573834 -0.14452 0)
(0.589597 -0.125179 0)
(0.604682 -0.102658 0)
(0.619053 -0.0769005 0)
(0.632816 -0.0479133 0)
(0.646247 -0.0156973 0)
(0.659809 0.0198431 0)
(0.674049 0.0589723 0)
(0.689473 0.101962 0)
(0.706534 0.148898 0)
(0.725632 0.19951 0)
(0.747237 0.252996 0)
(0.771998 0.308072 0)
(0.80079 0.363 0)
(0.834679 0.415667 0)
(0.874911 0.46362 0)
(0.0229479 -0.199792 0)
(0.0678296 -0.267965 0)
(0.102321 -0.269291 0)
(0.12742 -0.262222 0)
(0.147562 -0.255646 0)
(0.165129 -0.250537 0)
(0.181334 -0.246947 0)
(0.196985 -0.244758 0)
(0.212619 -0.243677 0)
(0.228536 -0.243373 0)
(0.244881 -0.243577 0)
(0.261706 -0.244048 0)
(0.279003 -0.244602 0)
(0.296734 -0.245101 0)
(0.314855 -0.245412 0)
(0.333307 -0.245401 0)
(0.352017 -0.24492 0)
(0.370888 -0.243843 0)
(0.389822 -0.242071 0)
(0.40873 -0.239517 0)
(0.427532 -0.236076 0)
(0.446148 -0.231628 0)
(0.464516 -0.226038 0)
(0.482572 -0.219127 0)
(0.500238 -0.210698 0)
(0.517456 -0.200606 0)
(0.534246 -0.188671 0)
(0.550688 -0.174569 0)
(0.56682 -0.15782 0)
(0.582573 -0.138004 0)
(0.597845 -0.114949 0)
(0.612611 -0.0886805 0)
(0.626968 -0.0593149 0)
(0.641179 -0.0269995 0)
(0.655734 0.00820338 0)
(0.671248 0.0464997 0)
(0.688292 0.0882081 0)
(0.707356 0.133475 0)
(0.728792 0.182086 0)
(0.752968 0.23316 0)
(0.780414 0.285284 0)
(0.811826 0.336575 0)
(0.847964 0.384882 0)
(0.889491 0.427794 0)
(0.0259629 -0.238203 0)
(0.0772906 -0.303238 0)
(0.10828 -0.293334 0)
(0.130626 -0.280679 0)
(0.149631 -0.271414 0)
(0.166735 -0.264818 0)
(0.182708 -0.260468 0)
(0.19819 -0.25804 0)
(0.213657 -0.257042 0)
(0.229375 -0.256981 0)
(0.245473 -0.257511 0)
(0.262005 -0.25832 0)
(0.278966 -0.259187 0)
(0.296322 -0.259967 0)
(0.314032 -0.260518 0)
(0.332038 -0.260698 0)
(0.350267 -0.260342 0)
(0.368629 -0.25931 0)
(0.387036 -0.25751 0)
(0.405402 -0.254865 0)
(0.423644 -0.251274 0)
(0.441686 -0.24662 0)
(0.459459 -0.24079 0)
(0.476897 -0.2336 0)
(0.493932 -0.224834 0)
(0.51052 -0.214406 0)
(0.526674 -0.2022 0)
(0.542478 -0.18793 0)
(0.558028 -0.171049 0)
(0.573364 -0.151061 0)
(0.588507 -0.127822 0)
(0.603515 -0.101429 0)
(0.618499 -0.0720656 0)
(0.633642 -0.0399473 0)
(0.649309 -0.00520828 0)
(0.666026 0.0323035 0)
(0.684389 0.0727736 0)
(0.704983 0.11632 0)
(0.728104 0.162869 0)
(0.754032 0.21147 0)
(0.783127 0.260678 0)
(0.815909 0.308547 0)
(0.852891 0.353035 0)
(0.894307 0.391955 0)
(0.0502705 -0.2815 0)
(0.0959182 -0.338041 0)
(0.111181 -0.31333 0)
(0.129146 -0.296693 0)
(0.147438 -0.285701 0)
(0.164771 -0.27785 0)
(0.181234 -0.27265 0)
(0.197212 -0.269778 0)
(0.213049 -0.26861 0)
(0.228995 -0.268528 0)
(0.245179 -0.269129 0)
(0.261664 -0.270038 0)
(0.278489 -0.271006 0)
(0.29564 -0.271881 0)
(0.313074 -0.272505 0)
(0.33072 -0.272729 0)
(0.348496 -0.27237 0)
(0.366346 -0.27128 0)
(0.384215 -0.269375 0)
(0.402024 -0.266588 0)
(0.419677 -0.262819 0)
(0.437107 -0.257959 0)
(0.454227 -0.251918 0)
(0.470914 -0.244505 0)
(0.487183 -0.235492 0)
(0.503072 -0.224869 0)
(0.518497 -0.212575 0)
(0.533369 -0.198341 0)
(0.547757 -0.181548 0)
(0.56199 -0.161671 0)
(0.576429 -0.138622 0)
(0.591363 -0.112569 0)
(0.60703 -0.0838055 0)
(0.62355 -0.0527604 0)
(0.641002 -0.0196585 0)
(0.659454 0.0161483 0)
(0.679119 0.0551291 0)
(0.700764 0.0971679 0)
(0.724761 0.142069 0)
(0.751571 0.188496 0)
(0.78138 0.235108 0)
(0.814543 0.279887 0)
(0.851383 0.321082 0)
(0.891859 0.356855 0)
(0.131158 -0.341726 0)
(0.126293 -0.363768 0)
(0.104504 -0.321255 0)
(0.120973 -0.30674 0)
(0.1407 -0.295779 0)
(0.159588 -0.287268 0)
(0.177592 -0.281494 0)
(0.194925 -0.27829 0)
(0.211756 -0.276936 0)
(0.228385 -0.276729 0)
(0.244988 -0.277267 0)
(0.26166 -0.278121 0)
(0.278537 -0.279031 0)
(0.295629 -0.279847 0)
(0.312887 -0.280384 0)
(0.33022 -0.280498 0)
(0.347532 -0.279988 0)
(0.364833 -0.278701 0)
(0.382122 -0.276564 0)
(0.399306 -0.273524 0)
(0.416255 -0.269482 0)
(0.432936 -0.26433 0)
(0.449225 -0.25803 0)
(0.464864 -0.250399 0)
(0.480056 -0.241169 0)
(0.495004 -0.230448 0)
(0.509415 -0.218207 0)
(0.52284 -0.204186 0)
(0.535334 -0.187642 0)
(0.547727 -0.168089 0)
(0.560863 -0.145578 0)
(0.575457 -0.120339 0)
(0.592319 -0.0924984 0)
(0.611771 -0.062157 0)
(0.632693 -0.0302658 0)
(0.653445 0.00285367 0)
(0.674345 0.0380773 0)
(0.696982 0.0765693 0)
(0.721068 0.119434 0)
(0.747719 0.164163 0)
(0.777178 0.208874 0)
(0.80981 0.251143 0)
(0.845756 0.289642 0)
(0.884759 0.322904 0)
(0.292692 -0.447226 0)
(0.105825 -0.321836 0)
(0.0844979 -0.312646 0)
(0.109663 -0.31225 0)
(0.131886 -0.302435 0)
(0.153505 -0.29427 0)
(0.173978 -0.289055 0)
(0.193269 -0.286556 0)
(0.211417 -0.286013 0)
(0.228931 -0.286777 0)
(0.246109 -0.288393 0)
(0.263123 -0.290459 0)
(0.280218 -0.292705 0)
(0.29742 -0.29485 0)
(0.314696 -0.29667 0)
(0.331955 -0.297925 0)
(0.349153 -0.298549 0)
(0.366385 -0.298547 0)
(0.383658 -0.297744 0)
(0.400864 -0.295864 0)
(0.417869 -0.292755 0)
(0.434613 -0.288257 0)
(0.450684 -0.281686 0)
(0.465726 -0.273166 0)
(0.480173 -0.263342 0)
(0.493328 -0.250791 0)
(0.504921 -0.235263 0)
(0.51498 -0.2176 0)
(0.524252 -0.198624 0)
(0.533762 -0.177885 0)
(0.54428 -0.15485 0)
(0.556359 -0.129364 0)
(0.570829 -0.101302 0)
(0.589504 -0.0703408 0)
(0.616158 -0.0380534 0)
(0.646307 -0.00620457 0)
(0.671732 0.0272981 0)
(0.694916 0.0623627 0)
(0.718777 0.0995279 0)
(0.745463 0.139068 0)
(0.773639 0.181642 0)
(0.804859 0.222013 0)
(0.839053 0.258693 0)
(0.876 0.290164 0)
(-0.0250973 -0.671376 0)
(0.00337652 -0.260819 0)
(0.0457247 -0.304302 0)
(0.0779753 -0.362727 0)
(0.105711 -0.358893 0)
(0.135594 -0.34735 0)
(0.164371 -0.338754 0)
(0.191218 -0.333066 0)
(0.216281 -0.329952 0)
(0.239949 -0.328904 0)
(0.26255 -0.329193 0)
(0.284346 -0.33025 0)
(0.305554 -0.331624 0)
(0.326293 -0.33285 0)
(0.34667 -0.333596 0)
(0.366767 -0.333674 0)
(0.386662 -0.333064 0)
(0.406294 -0.331585 0)
(0.425656 -0.329018 0)
(0.444735 -0.325192 0)
(0.463478 -0.320027 0)
(0.481808 -0.313403 0)
(0.499776 -0.305299 0)
(0.517216 -0.295825 0)
(0.533947 -0.284922 0)
(0.550266 -0.272332 0)
(0.565807 -0.257476 0)
(0.579773 -0.240347 0)
(0.592393 -0.222056 0)
(0.603943 -0.203131 0)
(0.614581 -0.183309 0)
(0.62409 -0.162496 0)
(0.632676 -0.140728 0)
(0.64269 -0.117752 0)
(0.633404 -0.0827556 0)
(0.628544 -0.0294802 0)
(0.652641 0.014622 0)
(0.687727 0.0532735 0)
(0.719789 0.0882512 0)
(0.745711 0.123647 0)
(0.773123 0.159422 0)
(0.8039 0.193489 0)
(0.835546 0.227805 0)
(0.869591 0.258114 0)
(0.905673 0.282956 0)
(-0.11685 -0.52387 0)
(-0.0411979 -0.349938 0)
(0.0224205 -0.356109 0)
(0.0650181 -0.373895 0)
(0.0987137 -0.368698 0)
(0.132489 -0.357404 0)
(0.165462 -0.347853 0)
(0.196653 -0.34114 0)
(0.22597 -0.337031 0)
(0.253593 -0.335012 0)
(0.279756 -0.334443 0)
(0.304739 -0.334763 0)
(0.328762 -0.335511 0)
(0.351978 -0.336289 0)
(0.374541 -0.336791 0)
(0.396588 -0.336804 0)
(0.418217 -0.3362 0)
(0.439452 -0.334833 0)
(0.460314 -0.332519 0)
(0.480813 -0.329064 0)
(0.500939 -0.324301 0)
(0.520653 -0.318053 0)
(0.539966 -0.310159 0)
(0.558827 -0.300614 0)
(0.577048 -0.289367 0)
(0.594544 -0.275975 0)
(0.611322 -0.260096 0)
(0.62732 -0.242106 0)
(0.642352 -0.222732 0)
(0.656002 -0.202072 0)
(0.667875 -0.179707 0)
(0.677622 -0.155274 0)
(0.684539 -0.128444 0)
(0.689734 -0.0998629 0)
(0.690129 -0.0749552 0)
(0.696163 -0.059086 0)
(0.692218 -0.0368777 0)
(0.679466 0.0158043 0)
(0.70233 0.0717414 0)
(0.737072 0.113116 0)
(0.779792 0.146552 0)
(0.809608 0.176286 0)
(0.838393 0.204473 0)
(0.87023 0.228727 0)
(0.90255 0.251411 0)
(-0.0585311 -0.444061 0)
(-0.029799 -0.412904 0)
(0.02493 -0.40378 0)
(0.066565 -0.403845 0)
(0.102799 -0.396258 0)
(0.138306 -0.385097 0)
(0.17323 -0.374796 0)
(0.206786 -0.366782 0)
(0.238657 -0.361214 0)
(0.268805 -0.357785 0)
(0.297344 -0.355973 0)
(0.324486 -0.355246 0)
(0.350442 -0.355127 0)
(0.375403 -0.355208 0)
(0.399547 -0.355171 0)
(0.423028 -0.354773 0)
(0.445959 -0.35383 0)
(0.468404 -0.352167 0)
(0.490406 -0.349594 0)
(0.511993 -0.345908 0)
(0.533178 -0.340915 0)
(0.553948 -0.334419 0)
(0.574297 -0.326244 0)
(0.59418 -0.316299 0)
(0.613462 -0.304474 0)
(0.632045 -0.290445 0)
(0.649986 -0.273959 0)
(0.667334 -0.255248 0)
(0.683873 -0.234754 0)
(0.699148 -0.212509 0)
(0.712736 -0.188152 0)
(0.72427 -0.161271 0)
(0.733671 -0.13166 0)
(0.741046 -0.0992854 0)
(0.746979 -0.0671055 0)
(0.751939 -0.0391114 0)
(0.751417 -0.0174036 0)
(0.753806 -0.00432564 0)
(0.74303 0.0192715 0)
(0.729892 0.069349 0)
(0.773427 0.122187 0)
(0.805363 0.162479 0)
(0.848615 0.190275 0)
(0.880331 0.211315 0)
(0.908504 0.229327 0)
(-0.023394 -0.426636 0)
(-0.00697845 -0.444948 0)
(0.0354217 -0.442297 0)
(0.0748769 -0.437628 0)
(0.112083 -0.428375 0)
(0.148434 -0.416778 0)
(0.184171 -0.405684 0)
(0.218844 -0.396458 0)
(0.252102 -0.389483 0)
(0.283785 -0.384621 0)
(0.313896 -0.381472 0)
(0.342555 -0.37956 0)
(0.369931 -0.378428 0)
(0.39621 -0.377668 0)
(0.421572 -0.376941 0)
(0.446172 -0.375971 0)
(0.47013 -0.374535 0)
(0.493526 -0.372425 0)
(0.516416 -0.369433 0)
(0.538837 -0.365345 0)
(0.560812 -0.359952 0)
(0.582346 -0.353052 0)
(0.603439 -0.344465 0)
(0.624061 -0.334057 0)
(0.644138 -0.321686 0)
(0.663619 -0.30712 0)
(0.682555 -0.290177 0)
(0.700988 -0.270944 0)
(0.718766 -0.249637 0)
(0.735552 -0.226237 0)
(0.75105 -0.20048 0)
(0.765122 -0.172116 0)
(0.777783 -0.141047 0)
(0.789447 -0.10773 0)
(0.800076 -0.0734881 0)
(0.809207 -0.0401834 0)
(0.814875 -0.00882408 0)
(0.819345 0.0190557 0)
(0.819842 0.0359763 0)
(0.823713 0.0349622 0)
(0.824242 0.0494904 0)
(0.794593 0.124028 0)
(0.848648 0.163728 0)
(0.881023 0.19626 0)
(0.921283 0.215188 0)
(-0.0122946 -0.41782 0)
(0.00893036 -0.470846 0)
(0.0475086 -0.47645 0)
(0.0859386 -0.471099 0)
(0.123373 -0.460813 0)
(0.159961 -0.448641 0)
(0.195879 -0.43684 0)
(0.230905 -0.426623 0)
(0.264758 -0.418439 0)
(0.297248 -0.41227 0)
(0.328307 -0.407831 0)
(0.35798 -0.404727 0)
(0.386379 -0.402537 0)
(0.413649 -0.400868 0)
(0.439948 -0.399372 0)
(0.46542 -0.397753 0)
(0.490181 -0.395756 0)
(0.514318 -0.393148 0)
(0.537892 -0.3897 0)
(0.560946 -0.385185 0)
(0.583514 -0.379382 0)
(0.605615 -0.37208 0)
(0.627263 -0.36309 0)
(0.648456 -0.352253 0)
(0.669168 -0.339413 0)
(0.68939 -0.324388 0)
(0.709172 -0.307039 0)
(0.728548 -0.28737 0)
(0.747433 -0.26545 0)
(0.765646 -0.241231 0)
(0.783037 -0.214546 0)
(0.799605 -0.185271 0)
(0.815507 -0.153507 0)
(0.830987 -0.119691 0)
(0.84608 -0.0849252 0)
(0.860266 -0.0502713 0)
(0.872717 -0.0162945 0)
(0.883563 0.0163817 0)
(0.892048 0.0440437 0)
(0.897722 0.0637781 0)
(0.89864 0.0797979 0)
(0.899944 0.0864028 0)
(0.91739 0.0787989 0)
(0.87934 0.157221 0)
(0.927238 0.187239 0)
(-0.00645442 -0.418739 0)
(0.020737 -0.499113 0)
(0.0593999 -0.510115 0)
(0.0974625 -0.504522 0)
(0.134642 -0.49337 0)
(0.17095 -0.480542 0)
(0.206569 -0.468071 0)
(0.241423 -0.457012 0)
(0.275315 -0.447803 0)
(0.308069 -0.440488 0)
(0.339582 -0.43487 0)
(0.369842 -0.430628 0)
(0.398902 -0.427392 0)
(0.426862 -0.424792 0)
(0.453842 -0.422486 0)
(0.47996 -0.420166 0)
(0.505323 -0.417557 0)
(0.530012 -0.414401 0)
(0.55409 -0.410455 0)
(0.577607 -0.40548 0)
(0.600604 -0.399244 0)
(0.623113 -0.391533 0)
(0.645166 -0.382149 0)
(0.666784 -0.37092 0)
(0.687982 -0.357689 0)
(0.708784 -0.342296 0)
(0.729246 -0.324622 0)
(0.749414 -0.304624 0)
(0.769273 -0.282298 0)
(0.788767 -0.257591 0)
(0.807882 -0.230412 0)
(0.826698 -0.200737 0)
(0.845397 -0.168735 0)
(0.864174 -0.134875 0)
(0.883066 -0.0999296 0)
(0.901799 -0.0647568 0)
(0.919927 -0.0300338 0)
(0.937304 0.00340599 0)
(0.952926 0.0343691 0)
(0.965061 0.0625549 0)
(0.973905 0.0886972 0)
(0.980597 0.108726 0)
(0.985571 0.118187 0)
(0.98175 0.129549 0)
(0.99753 0.115356 0)
(-0.000164923 -0.42674 0)
(0.0308367 -0.531015 0)
(0.0701824 -0.544404 0)
(0.107823 -0.537908 0)
(0.144299 -0.525771 0)
(0.179886 -0.512254 0)
(0.214828 -0.499176 0)
(0.249139 -0.487422 0)
(0.282684 -0.477372 0)
(0.315305 -0.469091 0)
(0.346886 -0.462442 0)
(0.377372 -0.457164 0)
(0.406771 -0.452938 0)
(0.435136 -0.449428 0)
(0.462545 -0.446302 0)
(0.489088 -0.443251 0)
(0.514849 -0.439989 0)
(0.539903 -0.436243 0)
(0.564309 -0.431758 0)
(0.58812 -0.426286 0)
(0.611383 -0.419593 0)
(0.634143 -0.411458 0)
(0.656446 -0.401684 0)
(0.678335 -0.390095 0)
(0.699855 -0.376532 0)
(0.721059 -0.360854 0)
(0.742019 -0.342948 0)
(0.762806 -0.322753 0)
(0.783468 -0.300232 0)
(0.804049 -0.275345 0)
(0.824622 -0.248055 0)
(0.845334 -0.218407 0)
(0.866373 -0.186597 0)
(0.887918 -0.153035 0)
(0.910013 -0.118339 0)
(0.932523 -0.0831985 0)
(0.955183 -0.0482876 0)
(0.97765 -0.0142857 0)
(0.999096 0.0180242 0)
(1.01838 0.0484332 0)
(1.03495 0.0779297 0)
(1.04873 0.104669 0)
(1.05826 0.127687 0)
(1.06394 0.148957 0)
(1.06867 0.155065 0)
(0.00644133 -0.44173 0)
(0.039779 -0.565352 0)
(0.0790884 -0.578968 0)
(0.11584 -0.570893 0)
(0.151194 -0.557653 0)
(0.18572 -0.543471 0)
(0.219709 -0.529881 0)
(0.253214 -0.517575 0)
(0.286136 -0.506855 0)
(0.318331 -0.497783 0)
(0.349674 -0.490256 0)
(0.380085 -0.484064 0)
(0.409533 -0.478931 0)
(0.43803 -0.474555 0)
(0.465619 -0.470623 0)
(0.492357 -0.466832 0)
(0.518306 -0.462892 0)
(0.543526 -0.458526 0)
(0.568074 -0.45347 0)
(0.592 -0.447474 0)
(0.615358 -0.440301 0)
(0.638201 -0.431733 0)
(0.660588 -0.421574 0)
(0.682578 -0.409649 0)
(0.704242 -0.395807 0)
(0.72566 -0.379916 0)
(0.746926 -0.361875 0)
(0.76814 -0.341616 0)
(0.789404 -0.3191 0)
(0.810831 -0.294302 0)
(0.832565 -0.26723 0)
(0.854787 -0.237963 0)
(0.877703 -0.206701 0)
(0.901484 -0.173798 0)
(0.926199 -0.139739 0)
(0.951772 -0.105082 0)
(0.977986 -0.0703831 0)
(1.00449 -0.0362003 0)
(1.03065 -0.00302009 0)
(1.05561 0.0290103 0)
(1.07885 0.0599962 0)
(1.09975 0.089271 0)
(1.11697 0.117086 0)
(1.13059 0.143862 0)
(1.14014 0.164795 0)
(0.0127128 -0.463423 0)
(0.0472792 -0.600954 0)
(0.085529 -0.613037 0)
(0.120793 -0.603011 0)
(0.154675 -0.588692 0)
(0.187896 -0.573949 0)
(0.220737 -0.55997 0)
(0.253247 -0.547256 0)
(0.285339 -0.536024 0)
(0.316877 -0.526319 0)
(0.34773 -0.51806 0)
(0.377802 -0.511074 0)
(0.407032 -0.505124 0)
(0.435403 -0.499938 0)
(0.462922 -0.495228 0)
(0.489619 -0.490701 0)
(0.515534 -0.486072 0)
(0.540713 -0.481064 0)
(0.565203 -0.475414 0)
(0.589055 -0.468871 0)
(0.612323 -0.461202 0)
(0.635068 -0.452193 0)
(0.657359 -0.441653 0)
(0.679272 -0.429415 0)
(0.700895 -0.415337 0)
(0.722333 -0.399301 0)
(0.743705 -0.381216 0)
(0.765141 -0.361024 0)
(0.786786 -0.338694 0)
(0.808802 -0.31422 0)
(0.831379 -0.287638 0)
(0.85473 -0.259047 0)
(0.879069 -0.228636 0)
(0.904573 -0.196701 0)
(0.931331 -0.163625 0)
(0.959311 -0.129834 0)
(0.988339 -0.0957565 0)
(1.0181 -0.0617825 0)
(1.04808 -0.0282444 0)
(1.07765 0.00472115 0)
(1.10628 0.037079 0)
(1.13325 0.068417 0)
(1.15763 0.0987681 0)
(1.17911 0.128037 0)
(1.19656 0.154647 0)
(0.0181053 -0.491055 0)
(0.0528667 -0.63666 0)
(0.0891353 -0.645841 0)
(0.122413 -0.633844 0)
(0.15457 -0.618643 0)
(0.186316 -0.603509 0)
(0.217864 -0.589287 0)
(0.249229 -0.576302 0)
(0.280319 -0.564696 0)
(0.311 -0.554497 0)
(0.341141 -0.545636 0)
(0.370632 -0.537968 0)
(0.399396 -0.531289 0)
(0.427386 -0.525356 0)
(0.454588 -0.519903 0)
(0.481004 -0.514654 0)
(0.506657 -0.509334 0)
(0.531575 -0.503673 0)
(0.5558 -0.497411 0)
(0.579376 -0.490305 0)
(0.602361 -0.482127 0)
(0.624819 -0.472671 0)
(0.646829 -0.461756 0)
(0.668479 -0.449226 0)
(0.689875 -0.434952 0)
(0.71114 -0.41883 0)
(0.732417 -0.400788 0)
(0.753864 -0.380782 0)
(0.77566 -0.358795 0)
(0.798002 -0.334842 0)
(0.821111 -0.308977 0)
(0.84522 -0.281306 0)
(0.870556 -0.252 0)
(0.897305 -0.221299 0)
(0.92558 -0.189496 0)
(0.955383 -0.156905 0)
(0.986594 -0.123826 0)
(1.01896 -0.0905175 0)
(1.05208 -0.0571699 0)
(1.08546 -0.0238738 0)
(1.11857 0.00931228 0)
(1.15078 0.0421758 0)
(1.18133 0.0746177 0)
(1.20963 0.106338 0)
(1.23472 0.136379 0)
(0.0222037 -0.523411 0)
(0.0562129 -0.671396 0)
(0.0898281 -0.676784 0)
(0.120816 -0.663098 0)
(0.151095 -0.647324 0)
(0.181243 -0.632009 0)
(0.211373 -0.617691 0)
(0.241455 -0.604559 0)
(0.271383 -0.5927 0)
(0.301023 -0.582124 0)
(0.330242 -0.572772 0)
(0.358924 -0.564521 0)
(0.386979 -0.557195 0)
(0.414343 -0.550576 0)
(0.440981 -0.544421 0)
(0.466877 -0.538473 0)
(0.492034 -0.532469 0)
(0.516469 -0.526152 0)
(0.540214 -0.51927 0)
(0.563311 -0.51159 0)
(0.585815 -0.502896 0)
(0.607796 -0.492993 0)
(0.629338 -0.481712 0)
(0.650542 -0.468912 0)
(0.671526 -0.454479 0)
(0.692431 -0.43833 0)
(0.71342 -0.42041 0)
(0.734673 -0.400694 0)
(0.756393 -0.379185 0)
(0.778805 -0.355916 0)
(0.80215 -0.330953 0)
(0.826677 -0.304403 0)
(0.852624 -0.276415 0)
(0.880191 -0.247178 0)
(0.909515 -0.216907 0)
(0.940641 -0.185817 0)
(0.973504 -0.154095 0)
(1.00793 -0.121885 0)
(1.04361 -0.0892667 0)
(1.08014 -0.0562555 0)
(1.11707 -0.0228521 0)
(1.15381 0.010856 0)
(1.18968 0.0447653 0)
(1.224 0.0785936 0)
(1.25587 0.111668 0)
(0.0248019 -0.558954 0)
(0.0572519 -0.704261 0)
(0.0878174 -0.705513 0)
(0.116395 -0.690604 0)
(0.144717 -0.674604 0)
(0.173167 -0.659318 0)
(0.201761 -0.64504 0)
(0.230421 -0.631869 0)
(0.259026 -0.619856 0)
(0.287443 -0.609001 0)
(0.315537 -0.599253 0)
(0.343191 -0.590506 0)
(0.370305 -0.582607 0)
(0.396806 -0.575362 0)
(0.422641 -0.568549 0)
(0.44778 -0.561929 0)
(0.472212 -0.555257 0)
(0.495944 -0.548288 0)
(0.518998 -0.540788 0)
(0.541413 -0.532533 0)
(0.563244 -0.523322 0)
(0.584562 -0.512976 0)
(0.605458 -0.501343 0)
(0.626041 -0.488298 0)
(0.646441 -0.473747 0)
(0.666812 -0.457626 0)
(0.687332 -0.439902 0)
(0.708199 -0.42057 0)
(0.729636 -0.399654 0)
(0.751883 -0.377203 0)
(0.775198 -0.353294 0)
(0.799841 -0.328031 0)
(0.826064 -0.301542 0)
(0.854082 -0.273972 0)
(0.88406 -0.245468 0)
(0.916084 -0.216159 0)
(0.950152 -0.186138 0)
(0.986159 -0.155444 0)
(1.02389 -0.124056 0)
(1.06304 -0.0919051 0)
(1.10319 -0.0589087 0)
(1.14383 -0.0250365 0)
(1.18433 0.00967809 0)
(1.22395 0.0450327 0)
(1.26179 0.0805916 0)
(0.0259074 -0.596054 0)
(0.0561735 -0.734588 0)
(0.083529 -0.731884 0)
(0.1097 -0.716288 0)
(0.136024 -0.700385 0)
(0.162687 -0.685309 0)
(0.189624 -0.671188 0)
(0.216719 -0.65807 0)
(0.243841 -0.645984 0)
(0.270855 -0.634931 0)
(0.29763 -0.624868 0)
(0.324047 -0.615702 0)
(0.350002 -0.607298 0)
(0.375414 -0.599483 0)
(0.40022 -0.592056 0)
(0.424378 -0.584798 0)
(0.447868 -0.577479 0)
(0.470687 -0.569874 0)
(0.49285 -0.561763 0)
(0.514393 -0.55294 0)
(0.535369 -0.543221 0)
(0.555852 -0.532445 0)
(0.575938 -0.520478 0)
(0.595742 -0.507217 0)
(0.615404 -0.492589 0)
(0.635087 -0.476551 0)
(0.654981 -0.459092 0)
(0.675297 -0.44023 0)
(0.69627 -0.420006 0)
(0.718152 -0.398488 0)
(0.741212 -0.37576 0)
(0.765721 -0.351925 0)
(0.791941 -0.327092 0)
(0.820108 -0.301368 0)
(0.850413 -0.274846 0)
(0.882987 -0.247583 0)
(0.917886 -0.219588 0)
(0.955075 -0.190807 0)
(0.994422 -0.161126 0)
(1.03569 -0.130376 0)
(1.07854 -0.0983743 0)
(1.1225 -0.0649715 0)
(1.16697 -0.0300881 0)
(1.2112 0.00620662 0)
(1.25426 0.0436518 0)
(0.0256984 -0.633175 0)
(0.0533477 -0.76195 0)
(0.0775038 -0.755889 0)
(0.101328 -0.740127 0)
(0.125625 -0.724583 0)
(0.150413 -0.709861 0)
(0.175572 -0.695989 0)
(0.200962 -0.682996 0)
(0.226445 -0.670907 0)
(0.251887 -0.659726 0)
(0.277161 -0.649415 0)
(0.302147 -0.639896 0)
(0.326742 -0.63105 0)
(0.350858 -0.622721 0)
(0.374428 -0.614726 0)
(0.397402 -0.606865 0)
(0.419751 -0.59893 0)
(0.441466 -0.590711 0)
(0.462558 -0.582008 0)
(0.483057 -0.572634 0)
(0.503019 -0.562425 0)
(0.522518 -0.551239 0)
(0.541652 -0.538965 0)
(0.560544 -0.525522 0)
(0.579338 -0.510859 0)
(0.598208 -0.494958 0)
(0.617348 -0.477831 0)
(0.63698 -0.459515 0)
(0.657346 -0.440073 0)
(0.678706 -0.419588 0)
(0.701336 -0.398152 0)
(0.725514 -0.375866 0)
(0.751516 -0.352826 0)
(0.779594 -0.329111 0)
(0.80997 -0.304769 0)
(0.842814 -0.279798 0)
(0.878236 -0.254133 0)
(0.916268 -0.227639 0)
(0.956849 -0.200106 0)
(0.999813 -0.171262 0)
(1.04488 -0.140807 0)
(1.09161 -0.108456 0)
(1.13944 -0.0739872 0)
(1.18761 -0.0373088 0)
(1.23518 0.00149476 0)
(0.02445 -0.669006 0)
(0.0492262 -0.786143 0)
(0.0703008 -0.777583 0)
(0.091846 -0.762104 0)
(0.114084 -0.747113 0)
(0.136913 -0.732847 0)
(0.16018 -0.719296 0)
(0.183734 -0.706487 0)
(0.207434 -0.694452 0)
(0.231151 -0.683201 0)
(0.254758 -0.672703 0)
(0.278142 -0.662893 0)
(0.301199 -0.653662 0)
(0.32384 -0.644871 0)
(0.345993 -0.636357 0)
(0.367605 -0.627936 0)
(0.38864 -0.61942 0)
(0.409087 -0.610619 0)
(0.428952 -0.601352 0)
(0.448265 -0.591455 0)
(0.467079 -0.580783 0)
(0.485471 -0.569219 0)
(0.503542 -0.556673 0)
(0.521417 -0.543089 0)
(0.539247 -0.52844 0)
(0.557208 -0.512732 0)
(0.575503 -0.495999 0)
(0.594356 -0.478302 0)
(0.614013 -0.459723 0)
(0.63474 -0.440358 0)
(0.656816 -0.420311 0)
(0.680526 -0.399683 0)
(0.706155 -0.378561 0)
(0.733973 -0.357003 0)
(0.764227 -0.335021 0)
(0.797126 -0.312567 0)
(0.832828 -0.289514 0)
(0.871421 -0.265648 0)
(0.912908 -0.240667 0)
(0.957185 -0.214189 0)
(1.00402 -0.185785 0)
(1.05303 -0.155018 0)
(1.10365 -0.121498 0)
(1.15513 -0.0849483 0)
(1.20649 -0.045261 0)
(0.0224613 -0.702531 0)
(0.044257 -0.807141 0)
(0.0624254 -0.797037 0)
(0.0817457 -0.782193 0)
(0.101891 -0.767885 0)
(0.122685 -0.754144 0)
(0.14396 -0.740964 0)
(0.165563 -0.728387 0)
(0.187356 -0.716456 0)
(0.209215 -0.705186 0)
(0.231018 -0.694556 0)
(0.252655 -0.684509 0)
(0.274025 -0.674949 0)
(0.295039 -0.665752 0)
(0.315625 -0.656768 0)
(0.335726 -0.647834 0)
(0.355307 -0.63878 0)
(0.374351 -0.629437 0)
(0.392866 -0.619646 0)
(0.410879 -0.609265 0)
(0.428444 -0.598171 0)
(0.445638 -0.58627 0)
(0.462565 -0.573499 0)
(0.479352 -0.559823 0)
(0.496154 -0.545243 0)
(0.513149 -0.529787 0)
(0.530542 -0.513514 0)
(0.54856 -0.496507 0)
(0.56745 -0.478866 0)
(0.587479 -0.460703 0)
(0.608927 -0.442132 0)
(0.632083 -0.423258 0)
(0.657241 -0.404165 0)
(0.684685 -0.384897 0)
(0.714686 -0.36544 0)
(0.747483 -0.345708 0)
(0.783275 -0.325518 0)
(0.822203 -0.304587 0)
(0.864321 -0.28252 0)
(0.909579 -0.25882 0)
(0.957793 -0.232917 0)
(1.00861 -0.204208 0)
(1.06149 -0.172112 0)
(1.11567 -0.13615 0)
(1.17016 -0.0960031 0)
(0.020007 -0.733041 0)
(0.038831 -0.825046 0)
(0.0542916 -0.814316 0)
(0.071427 -0.800359 0)
(0.0894474 -0.786812 0)
(0.108144 -0.773639 0)
(0.127348 -0.760866 0)
(0.146909 -0.748559 0)
(0.166697 -0.736772 0)
(0.186592 -0.72553 0)
(0.20648 -0.714819 0)
(0.226256 -0.704589 0)
(0.245822 -0.694754 0)
(0.265091 -0.685204 0)
(0.283992 -0.675804 0)
(0.30247 -0.666409 0)
(0.320488 -0.656869 0)
(0.338031 -0.647034 0)
(0.355104 -0.636769 0)
(0.371737 -0.625953 0)
(0.387983 -0.614488 0)
(0.403922 -0.602306 0)
(0.419657 -0.589366 0)
(0.435318 -0.575659 0)
(0.451061 -0.561211 0)
(0.467066 -0.546074 0)
(0.483536 -0.53033 0)
(0.500699 -0.514083 0)
(0.518801 -0.497452 0)
(0.538106 -0.480567 0)
(0.558895 -0.463552 0)
(0.581459 -0.446521 0)
(0.606095 -0.429557 0)
(0.633099 -0.412697 0)
(0.662761 -0.395911 0)
(0.695347 -0.37908 0)
(0.731091 -0.361977 0)
(0.770171 -0.34425 0)
(0.81269 -0.325413 0)
(0.858641 -0.304852 0)
(0.90788 -0.281844 0)
(0.960083 -0.255604 0)
(1.01472 -0.225345 0)
(1.07103 -0.190363 0)
(1.128 -0.150109 0)
(0.0173133 -0.760095 0)
(0.0332602 -0.840039 0)
(0.046214 -0.829479 0)
(0.0611969 -0.816567 0)
(0.0770725 -0.803819 0)
(0.0936305 -0.791234 0)
(0.110708 -0.778893 0)
(0.128163 -0.766887 0)
(0.145875 -0.755282 0)
(0.163732 -0.744111 0)
(0.181627 -0.733365 0)
(0.19946 -0.723003 0)
(0.217137 -0.712947 0)
(0.234578 -0.7031 0)
(0.251712 -0.693342 0)
(0.268488 -0.683544 0)
(0.284871 -0.673575 0)
(0.300845 -0.663308 0)
(0.31642 -0.652628 0)
(0.331624 -0.641439 0)
(0.346514 -0.629667 0)
(0.36117 -0.617269 0)
(0.375696 -0.604227 0)
(0.390224 -0.59056 0)
(0.404908 -0.576315 0)
(0.419927 -0.56157 0)
(0.435484 -0.546428 0)
(0.451803 -0.531015 0)
(0.469126 -0.515468 0)
(0.487715 -0.499932 0)
(0.507846 -0.484549 0)
(0.52981 -0.46944 0)
(0.553906 -0.454693 0)
(0.58044 -0.440345 0)
(0.609711 -0.426355 0)
(0.642009 -0.412581 0)
(0.677594 -0.398755 0)
(0.716677 -0.384462 0)
(0.759397 -0.369127 0)
(0.805786 -0.352011 0)
(0.85573 -0.332232 0)
(0.908931 -0.308811 0)
(0.964865 -0.280733 0)
(1.02276 -0.247047 0)
(1.08158 -0.20696 0)
(0.0145494 -0.783471 0)
(0.0277739 -0.852339 0)
(0.038417 -0.842576 0)
(0.0512815 -0.830791 0)
(0.0650102 -0.818847 0)
(0.0794113 -0.806858 0)
(0.0943339 -0.794965 0)
(0.109649 -0.783284 0)
(0.125247 -0.771894 0)
(0.141022 -0.760833 0)
(0.156877 -0.750098 0)
(0.172718 -0.739654 0)
(0.188458 -0.729432 0)
(0.20402 -0.719346 0)
(0.21934 -0.70929 0)
(0.234369 -0.699153 0)
(0.249076 -0.688821 0)
(0.263449 -0.678189 0)
(0.277499 -0.667165 0)
(0.291258 -0.655674 0)
(0.304784 -0.643669 0)
(0.318156 -0.63113 0)
(0.331483 -0.618065 0)
(0.344894 -0.604516 0)
(0.358543 -0.590554 0)
(0.372605 -0.576279 0)
(0.38728 -0.561817 0)
(0.402786 -0.547312 0)
(0.419361 -0.532921 0)
(0.437261 -0.518807 0)
(0.456756 -0.505125 0)
(0.478133 -0.492009 0)
(0.50169 -0.479557 0)
(0.527736 -0.467809 0)
(0.55658 -0.456719 0)
(0.588525 -0.446129 0)
(0.623851 -0.435736 0)
(0.662797 -0.425068 0)
(0.70553 -0.413457 0)
(0.752111 -0.400039 0)
(0.802454 -0.383767 0)
(0.856278 -0.363449 0)
(0.913063 -0.337827 0)
(0.972022 -0.305679 0)
(1.03209 -0.265949 0)
(0.0118346 -0.803124 0)
(0.0225279 -0.862176 0)
(0.0310509 -0.85366 0)
(0.0418394 -0.843016 0)
(0.0534403 -0.831861 0)
(0.065692 -0.820463 0)
(0.0784602 -0.809026 0)
(0.0916311 -0.797692 0)
(0.105105 -0.786546 0)
(0.118787 -0.775633 0)
(0.132588 -0.764953 0)
(0.146421 -0.754476 0)
(0.160206 -0.744143 0)
(0.173872 -0.733878 0)
(0.187362 -0.723589 0)
(0.200631 -0.71318 0)
(0.213654 -0.702558 0)
(0.226422 -0.691637 0)
(0.238951 -0.680346 0)
(0.251274 -0.668635 0)
(0.263451 -0.65648 0)
(0.275565 -0.643886 0)
(0.287723 -0.630884 0)
(0.300053 -0.617538 0)
(0.312706 -0.603944 0)
(0.325855 -0.590223 0)
(0.339691 -0.57652 0)
(0.354429 -0.563 0)
(0.370297 -0.549837 0)
(0.387542 -0.53721 0)
(0.406427 -0.525291 0)
(0.427233 -0.51423 0)
(0.450253 -0.504137 0)
(0.475793 -0.495058 0)
(0.504166 -0.48695 0)
(0.535685 -0.479642 0)
(0.570642 -0.472803 0)
(0.609295 -0.465904 0)
(0.651833 -0.458192 0)
(0.698343 -0.448674 0)
(0.748761 -0.436126 0)
(0.802824 -0.419136 0)
(0.860011 -0.396176 0)
(0.91951 -0.36574 0)
(0.98023 -0.32646 0)
(0.00924878 -0.819128 0)
(0.0176171 -0.869776 0)
(0.0242073 -0.862787 0)
(0.0329751 -0.853246 0)
(0.0424897 -0.842846 0)
(0.0526252 -0.832028 0)
(0.0632672 -0.821053 0)
(0.0743179 -0.810081 0)
(0.0856893 -0.799207 0)
(0.0972973 -0.788476 0)
(0.10906 -0.777893 0)
(0.120898 -0.767433 0)
(0.13274 -0.757045 0)
(0.144524 -0.746662 0)
(0.156197 -0.736207 0)
(0.167722 -0.7256 0)
(0.179078 -0.714765 0)
(0.190265 -0.703636 0)
(0.201298 -0.692164 0)
(0.212217 -0.680322 0)
(0.223082 -0.668103 0)
(0.233979 -0.655546 0)
(0.245013 -0.642698 0)
(0.25631 -0.629648 0)
(0.268018 -0.616512 0)
(0.280302 -0.603431 0)
(0.29335 -0.590569 0)
(0.307363 -0.578109 0)
(0.322562 -0.566243 0)
(0.339184 -0.555167 0)
(0.357479 -0.545068 0)
(0.377718 -0.536113 0)
(0.400186 -0.528425 0)
(0.425182 -0.522063 0)
(0.453017 -0.516987 0)
(0.484005 -0.513022 0)
(0.518446 -0.509811 0)
(0.55661 -0.506776 0)
(0.598704 -0.503081 0)
(0.644835 -0.497604 0)
(0.694961 -0.488944 0)
(0.748837 -0.475453 0)
(0.805935 -0.455322 0)
(0.865438 -0.426712 0)
(0.926191 -0.38794 0)
(0.00684386 -0.831641 0)
(0.0130916 -0.875365 0)
(0.0179348 -0.870025 0)
(0.0247507 -0.861506 0)
(0.0322421 -0.851815 0)
(0.0403192 -0.841558 0)
(0.0488894 -0.831045 0)
(0.0578715 -0.820451 0)
(0.0671892 -0.809873 0)
(0.076768 -0.799356 0)
(0.0865347 -0.788911 0)
(0.0964196 -0.778515 0)
(0.106359 -0.768127 0)
(0.116298 -0.757689 0)
(0.126193 -0.747137 0)
(0.136013 -0.736407 0)
(0.145746 -0.72544 0)
(0.155392 -0.71419 0)
(0.164977 -0.702628 0)
(0.174546 -0.690738 0)
(0.184149 -0.678564 0)
(0.193876 -0.666138 0)
(0.203841 -0.653542 0)
(0.214157 -0.640882 0)
(0.22497 -0.628294 0)
(0.236438 -0.615938 0)
(0.248738 -0.603996 0)
(0.262063 -0.592666 0)
(0.276621 -0.582158 0)
(0.292634 -0.572682 0)
(0.31034 -0.564444 0)
(0.329995 -0.557625 0)
(0.35187 -0.552367 0)
(0.376254 -0.548741 0)
(0.403447 -0.546715 0)
(0.433757 -0.546112 0)
(0.467485 -0.546558 0)
(0.504904 -0.547429 0)
(0.546235 -0.547811 0)
(0.591604 -0.546456 0)
(0.640992 -0.541783 0)
(0.694174 -0.531904 0)
(0.750638 -0.514694 0)
(0.80953 -0.487988 0)
(0.869815 -0.449542 0)
(0.00466083 -0.84085 0)
(0.00897587 -0.879157 0)
(0.0122533 -0.875445 0)
(0.0171977 -0.867838 0)
(0.0227481 -0.8588 0)
(0.0288469 -0.849084 0)
(0.035424 -0.839033 0)
(0.0424132 -0.828827 0)
(0.0497498 -0.818566 0)
(0.057369 -0.808295 0)
(0.0652066 -0.798025 0)
(0.073202 -0.787741 0)
(0.0813006 -0.777408 0)
(0.0894559 -0.766978 0)
(0.0976324 -0.7564 0)
(0.105808 -0.745625 0)
(0.113975 -0.734611 0)
(0.122142 -0.72333 0)
(0.130348 -0.711768 0)
(0.138611 -0.699951 0)
(0.147004 -0.687915 0)
(0.155631 -0.675723 0)
(0.164579 -0.663479 0)
(0.173968 -0.651302 0)
(0.183933 -0.639349 0)
(0.194625 -0.627794 0)
(0.20621 -0.616837 0)
(0.218868 -0.60669 0)
(0.232792 -0.597576 0)
(0.248188 -0.589725 0)
(0.265278 -0.583356 0)
(0.284298 -0.578671 0)
(0.305502 -0.575827 0)
(0.329159 -0.574916 0)
(0.355556 -0.575917 0)
(0.384985 -0.578656 0)
(0.41774 -0.582744 0)
(0.454095 -0.58752 0)
(0.494276 -0.59199 0)
(0.538427 -0.594784 0)
(0.586556 -0.594137 0)
(0.638476 -0.587908 0)
(0.693663 -0.573662 0)
(0.751473 -0.548776 0)
(0.810248 -0.510892 0)
(0.00273818 -0.846997 0)
(0.0052811 -0.881369 0)
(0.00715949 -0.879122 0)
(0.0103233 -0.872296 0)
(0.0140316 -0.863857 0)
(0.0182523 -0.854661 0)
(0.0229351 -0.845068 0)
(0.0280279 -0.83526 0)
(0.0334764 -0.825334 0)
(0.0392253 -0.815337 0)
(0.0452197 -0.805281 0)
(0.0514086 -0.795155 0)
(0.0577463 -0.784932 0)
(0.0641957 -0.774575 0)
(0.0707297 -0.764045 0)
(0.0773338 -0.753306 0)
(0.084007 -0.742332 0)
(0.0907692 -0.731113 0)
(0.0976409 -0.719658 0)
(0.104674 -0.708008 0)
)
;

boundaryField
{
    leftWall
    {
        type            noSlip;
    }
    rightWall
    {
        type            noSlip;
    }
    lowerWall
    {
        type            noSlip;
    }
    atmosphere
    {
        type            pressureInletOutletVelocity;
        value           nonuniform 0();
    }
    defaultFaces
    {
        type            empty;
    }
    procBoundary0to1
    {
        type            processor;
        value           nonuniform List<vector> 
44
(
(-0.203209 -0.0659045 0)
(-0.106582 -0.0564791 0)
(0.00782884 -0.0157193 0)
(0.10061 0.0358531 0)
(0.16622 0.105951 0)
(0.21582 0.188389 0)
(0.262234 0.282464 0)
(0.317829 0.386385 0)
(0.397467 0.496794 0)
(0.511165 0.600154 0)
(0.664376 0.655383 0)
(0.776215 0.64129 0)
(0.846846 0.594314 0)
(0.893526 0.547471 0)
(0.922367 0.504213 0)
(0.936577 0.462729 0)
(0.939842 0.423159 0)
(0.935439 0.385565 0)
(0.926219 0.349779 0)
(0.915111 0.315698 0)
(0.915111 0.315698 0)
(0.943038 0.302333 0)
(0.935964 0.270705 0)
(0.938264 0.243421 0)
(0.951152 0.227587 0)
(0.954754 0.212328 0)
(0.960475 0.176834 0)
(1.06037 0.162612 0)
(1.14359 0.182482 0)
(1.20916 0.178758 0)
(1.25575 0.164394 0)
(1.2843 0.143402 0)
(1.29677 0.115784 0)
(1.29504 0.0818371 0)
(1.28099 0.0421849 0)
(1.25659 -0.00250388 0)
(1.22378 -0.0515536 0)
(1.18439 -0.104271 0)
(1.14003 -0.159941 0)
(1.09189 -0.217849 0)
(1.04071 -0.277307 0)
(0.986687 -0.337552 0)
(0.929642 -0.398109 0)
(0.868831 -0.457765 0)
)
;
    }
    procBoundary0to2
    {
        type            processor;
        value           nonuniform List<vector> 
46
(
(0.111937 -0.696203 0)
(0.119508 -0.684348 0)
(0.127497 -0.672542 0)
(0.136008 -0.660937 0)
(0.145165 -0.649698 0)
(0.155111 -0.639015 0)
(0.166 -0.6291 0)
(0.177995 -0.620177 0)
(0.191272 -0.612484 0)
(0.206017 -0.606263 0)
(0.22243 -0.601751 0)
(0.240726 -0.599166 0)
(0.261133 -0.598688 0)
(0.283898 -0.600425 0)
(0.309284 -0.604375 0)
(0.337566 -0.610371 0)
(0.369023 -0.618018 0)
(0.403925 -0.626621 0)
(0.442504 -0.63512 0)
(0.484921 -0.642027 0)
(0.531215 -0.645397 0)
(0.581222 -0.642836 0)
(0.63454 -0.631579 0)
(0.690212 -0.608569 0)
(0.747323 -0.571074 0)
(0.0011345 -0.850333 0)
(0.002038 -0.882229 0)
(0.00262847 -0.881133 0)
(0.00411721 -0.874954 0)
(0.00609747 -0.867062 0)
(0.00855685 -0.858366 0)
(0.0114613 -0.849226 0)
(0.0147702 -0.839821 0)
(0.0184393 -0.830246 0)
(0.0224225 -0.820547 0)
(0.0266748 -0.810739 0)
(0.0311543 -0.800815 0)
(0.035825 -0.790756 0)
(0.0406588 -0.780534 0)
(0.0456373 -0.770121 0)
(0.0507537 -0.759495 0)
(0.056014 -0.748646 0)
(0.061439 -0.737578 0)
(0.0670652 -0.726321 0)
(0.111937 -0.696203 0)
(0.072937 -0.714915 0)
)
;
    }
}


// ************************************************************************* //
