/*--------------------------------*- C++ -*----------------------------------*\
  =========                 |
  \\      /  F ield         | OpenFOAM: The Open Source CFD Toolbox
   \\    /   O peration     | Website:  https://openfoam.org
    \\  /    A nd           | Version:  7
     \\/     M anipulation  |
\*---------------------------------------------------------------------------*/
FoamFile
{
    version     2.0;
    format      ascii;
    class       volScalarField;
    location    "0.006";
    object      dsmcRhoN;
}
// * * * * * * * * * * * * * * * * * * * * * * * * * * * * * * * * * * * * * //

dimensions      [0 -3 0 0 0 0 0];

internalField   nonuniform List<scalar> 
546
(
5
2
8
7
5
7
3
3
8
3
0
8
7
8
6
5
7
3
5
4
4
2
3
5
1
6
7
7
2
9
4
4
6
5
8
5
4
0
5
6
8
6
8
5
8
4
7
2
1
6
9
3
6
6
3
8
10
4
5
4
6
8
9
6
5
5
5
6
9
6
4
6
7
6
6
5
3
5
8
2
4
4
4
6
2
5
4
7
3
5
7
5
5
4
5
7
0
5
5
4
8
4
7
5
6
6
6
8
2
5
3
5
3
9
6
6
4
3
4
6
7
6
2
4
9
3
2
4
2
5
5
3
3
8
2
5
5
4
8
7
3
9
3
5
1
6
4
6
4
4
4
5
8
8
11
6
7
2
5
7
3
8
4
1
3
9
2
7
3
6
2
6
6
4
5
5
7
7
9
5
6
4
3
2
6
9
8
9
5
7
3
7
3
4
4
6
4
7
2
9
6
9
4
7
7
7
4
7
3
4
4
5
2
2
5
12
3
2
11
6
10
6
4
9
5
6
5
11
5
5
3
5
3
4
7
2
4
4
5
4
1
9
8
5
8
4
3
6
4
6
12
9
3
6
5
5
1
11
6
8
2
9
12
8
8
6
4
6
6
4
8
8
7
8
8
4
7
5
4
7
4
2
3
3
4
7
7
6
12
12
3
4
6
7
7
6
7
9
6
4
9
3
8
9
7
6
3
9
7
7
2
6
9
7
6
6
5
5
3
5
7
1
6
8
6
7
6
7
2
9
3
6
12
7
8
6
4
7
6
5
5
4
4
5
3
5
9
7
6
4
7
6
6
3
4
8
5
5
4
5
7
9
8
8
9
11
9
7
6
4
6
10
2
4
4
5
5
6
9
9
11
6
5
6
13
4
7
4
8
5
4
6
8
5
3
5
8
8
6
1
5
5
1
8
7
9
4
2
3
5
9
9
5
7
5
6
7
11
6
5
6
3
3
8
8
5
10
12
4
5
9
9
5
8
6
7
3
7
6
3
3
7
3
5
5
4
3
5
6
5
9
5
8
12
10
10
5
2
3
6
3
3
5
3
11
5
3
8
3
6
8
6
4
6
3
4
9
7
11
8
10
8
11
8
8
4
6
12
8
8
6
5
9
4
7
7
9
7
5
6
6
3
4
5
5
9
5
5
10
4
8
7
5
8
7
1
7
2
9
5
6
11
10
10
7
7
7
5
1
6
7
8
9
7
7
7
12
5
1
10
10
5
5
2
6
11
)
;

boundaryField
{
    flow
    {
        type            zeroGradient;
    }
    obstacle
    {
        type            zeroGradient;
    }
    frontAndBack
    {
        type            empty;
    }
    procBoundary1to0
    {
        type            processor;
        value           nonuniform List<scalar> 
21
(
5
4
3
3
7
4
1
5
6
10
4
6
8
10
12
6
12
9
5
8
3
)
;
    }
    procBoundary1to3
    {
        type            processor;
        value           nonuniform List<scalar> 
36
(
9
8
5
6
4
9
8
6
3
7
7
8
10
3
8
10
9
6
8
8
5
3
2
6
3
6
8
6
11
8
7
8
7
1
8
12
)
;
    }
}


// ************************************************************************* //
