/*--------------------------------*- C++ -*----------------------------------*\
  =========                 |
  \\      /  F ield         | OpenFOAM: The Open Source CFD Toolbox
   \\    /   O peration     | Website:  https://openfoam.org
    \\  /    A nd           | Version:  7
     \\/     M anipulation  |
\*---------------------------------------------------------------------------*/
FoamFile
{
    version     2.0;
    format      ascii;
    class       surfaceScalarField;
    location    "0.35";
    object      phi;
}
// * * * * * * * * * * * * * * * * * * * * * * * * * * * * * * * * * * * * * //

dimensions      [0 3 -1 0 0 0 0];

internalField   nonuniform List<scalar> 
3781
(
-3.30359e-06
3.30359e-06
-4.11074e-06
8.07145e-07
-2.97959e-06
-1.13115e-06
-9.90586e-07
-1.989e-06
1.29239e-06
-2.28297e-06
3.61497e-06
-2.32258e-06
5.85178e-06
-2.23681e-06
7.96039e-06
-2.10862e-06
9.93985e-06
-1.97945e-06
1.18066e-05
-1.86677e-06
1.35834e-05
-1.77674e-06
1.5293e-05
-1.70968e-06
1.6956e-05
-1.66301e-06
1.8589e-05
-1.63298e-06
2.02047e-05
-1.61571e-06
2.18123e-05
-1.60754e-06
2.34175e-05
-1.60519e-06
2.50232e-05
-1.60578e-06
2.663e-05
-1.60677e-06
2.82358e-05
-1.60583e-06
2.98366e-05
-1.60075e-06
3.14259e-05
-1.58928e-06
3.29949e-05
-1.569e-06
3.45321e-05
-1.53717e-06
3.60226e-05
-1.49055e-06
3.74478e-05
-1.42521e-06
3.87841e-05
-1.33624e-06
4.00014e-05
-1.21739e-06
4.10617e-05
-1.06028e-06
4.19144e-05
-8.52662e-07
4.24894e-05
-5.75009e-07
4.26787e-05
-1.89327e-07
4.23079e-05
3.7078e-07
4.12008e-05
1.10718e-06
3.91969e-05
2.00389e-06
3.61343e-05
3.0626e-06
3.18708e-05
4.26346e-06
2.63342e-05
5.53666e-06
1.95929e-05
6.74125e-06
1.19139e-05
7.67901e-06
3.7587e-06
8.1552e-06
-4.52335e-06
8.28205e-06
-1.22866e-05
7.76326e-06
4.26944e-06
-1.66e-06
4.9636e-06
-1.25171e-06
3.9885e-07
3.35936e-08
-2.41645e-06
1.78624e-06
-3.74165e-06
3.78899e-06
-4.28572e-06
5.85704e-06
-4.39063e-06
7.90317e-06
-4.28294e-06
9.8887e-06
-4.09415e-06
1.18033e-05
-3.89409e-06
1.36522e-05
-3.71563e-06
1.54468e-05
-3.57133e-06
1.72001e-05
-3.46304e-06
1.89244e-05
-3.38725e-06
2.06296e-05
-3.33822e-06
2.23236e-05
-3.30968e-06
2.40116e-05
-3.29559e-06
2.56969e-05
-3.29041e-06
2.73803e-05
-3.28921e-06
2.9061e-05
-3.28748e-06
3.07362e-05
-3.28104e-06
3.24013e-05
-3.26577e-06
3.40494e-05
-3.23741e-06
3.56717e-05
-3.19131e-06
3.72567e-05
-3.12214e-06
3.87897e-05
-3.02363e-06
4.02527e-05
-2.88818e-06
4.16228e-05
-2.70638e-06
4.28719e-05
-2.46647e-06
4.3965e-05
-2.1534e-06
4.48599e-05
-1.7475e-06
4.55079e-05
-1.22305e-06
4.58654e-05
-5.46754e-07
4.5903e-05
3.33119e-07
4.5542e-05
1.46821e-06
4.46455e-05
2.90034e-06
4.30451e-05
4.66303e-06
4.05399e-05
6.76862e-06
3.6904e-05
9.17262e-06
3.19224e-05
1.17228e-05
2.54858e-05
1.41156e-05
1.77475e-05
1.58935e-05
9.38043e-06
1.66491e-05
1.60387e-06
1.55398e-05
1.00306e-05
-1.29981e-07
5.09358e-06
6.83928e-07
-4.1506e-07
1.9868e-06
-3.71933e-06
3.64467e-06
-5.39952e-06
5.4719e-06
-6.11295e-06
7.36449e-06
-6.28322e-06
9.26273e-06
-6.18118e-06
1.11373e-05
-5.96871e-06
1.29774e-05
-5.73425e-06
1.47829e-05
-5.5211e-06
1.65584e-05
-5.34684e-06
1.83104e-05
-5.21507e-06
2.00455e-05
-5.12231e-06
2.17693e-05
-5.06198e-06
2.34861e-05
-5.02649e-06
2.51988e-05
-5.00831e-06
2.69088e-05
-5.00041e-06
2.86159e-05
-4.99629e-06
3.03183e-05
-4.98994e-06
3.20129e-05
-4.97559e-06
3.36945e-05
-4.94744e-06
3.53565e-05
-4.89941e-06
3.699e-05
-4.82475e-06
3.85836e-05
-4.71575e-06
4.01233e-05
-4.5633e-06
4.15915e-05
-4.3564e-06
4.29667e-05
-4.08162e-06
4.42227e-05
-3.72241e-06
4.53274e-05
-3.25814e-06
4.62431e-05
-2.66317e-06
4.69258e-05
-1.90574e-06
4.73267e-05
-9.47706e-07
4.73999e-05
2.59892e-07
4.70925e-05
1.77566e-06
4.63365e-05
3.6563e-06
4.50497e-05
5.94986e-06
4.31357e-05
8.68262e-06
4.04787e-05
1.18296e-05
3.69374e-05
1.52642e-05
3.23619e-05
1.86911e-05
2.66791e-05
2.15763e-05
2.01611e-05
2.31672e-05
1.34625e-05
2.22384e-05
1.65498e-05
8.40194e-07
4.25338e-06
1.93228e-06
-1.50714e-06
3.36895e-06
-5.15599e-06
5.00959e-06
-7.04016e-06
6.74868e-06
-7.85204e-06
8.52914e-06
-8.06369e-06
1.03207e-05
-7.97276e-06
1.21078e-05
-7.75583e-06
1.38836e-05
-7.51001e-06
1.56462e-05
-7.28375e-06
1.73968e-05
-7.09741e-06
1.91376e-05
-6.95589e-06
2.08714e-05
-6.85604e-06
2.26004e-05
-6.79101e-06
2.43265e-05
-6.75261e-06
2.60507e-05
-6.73246e-06
2.77728e-05
-6.72252e-06
2.94917e-05
-6.71519e-06
3.1205e-05
-6.70327e-06
3.29091e-05
-6.67965e-06
3.45987e-05
-6.63709e-06
3.62672e-05
-6.56783e-06
3.79057e-05
-6.46324e-06
3.95033e-05
-6.31337e-06
4.10465e-05
-6.1065e-06
4.25187e-05
-5.82858e-06
4.38996e-05
-5.46258e-06
4.51649e-05
-4.98771e-06
4.62854e-05
-4.37862e-06
4.72268e-05
-3.60455e-06
4.79498e-05
-2.62872e-06
4.84103e-05
-1.40828e-06
4.85628e-05
1.07379e-07
4.83613e-05
1.97723e-06
4.77577e-05
4.2599e-06
4.67022e-05
7.00529e-06
4.5144e-05
1.02409e-05
4.30267e-05
1.39468e-05
4.02778e-05
1.80131e-05
3.67943e-05
2.21746e-05
3.24492e-05
2.59214e-05
2.72033e-05
2.84131e-05
2.11634e-05
2.82783e-05
2.33763e-05
1.20933e-06
3.04406e-06
2.67629e-06
-2.97411e-06
4.3008e-06
-6.7805e-06
5.98838e-06
-8.72774e-06
7.69603e-06
-9.55969e-06
9.41136e-06
-9.77901e-06
1.11315e-05
-9.69291e-06
1.28552e-05
-9.47949e-06
1.45811e-05
-9.23595e-06
1.63084e-05
-9.01105e-06
1.80366e-05
-8.82558e-06
1.97655e-05
-8.68482e-06
2.14953e-05
-8.58583e-06
2.3226e-05
-8.52176e-06
2.49576e-05
-8.48415e-06
2.66893e-05
-8.46416e-06
2.84199e-05
-8.45313e-06
3.01474e-05
-8.44271e-06
3.18689e-05
-8.42476e-06
3.35804e-05
-8.39111e-06
3.52765e-05
-8.33325e-06
3.69507e-05
-8.24196e-06
3.85943e-05
-8.10689e-06
4.0197e-05
-7.91609e-06
4.1746e-05
-7.65549e-06
4.32257e-05
-7.30829e-06
4.46174e-05
-6.85427e-06
4.58987e-05
-6.26898e-06
4.70431e-05
-5.52299e-06
4.80197e-05
-4.58121e-06
4.87936e-05
-3.40264e-06
4.9326e-05
-1.94065e-06
4.95761e-05
-1.42669e-07
4.95041e-05
2.04921e-06
4.90719e-05
4.69213e-06
4.82439e-05
7.83329e-06
4.69868e-05
1.1498e-05
4.52653e-05
1.56683e-05
4.30296e-05
2.02487e-05
4.01949e-05
2.50094e-05
3.66174e-05
2.94988e-05
3.21098e-05
3.29208e-05
2.64515e-05
3.39366e-05
3.05159e-05
1.36243e-06
1.68163e-06
3.12739e-06
-4.73907e-06
4.92058e-06
-8.5737e-06
6.66426e-06
-1.04714e-05
8.36301e-06
-1.12584e-05
1.00396e-05
-1.14556e-05
1.17125e-05
-1.13658e-05
1.33918e-05
-1.11588e-05
1.50815e-05
-1.09256e-05
1.67821e-05
-1.07117e-05
1.84929e-05
-1.05364e-05
2.02124e-05
-1.04043e-05
2.1939e-05
-1.03124e-05
2.36712e-05
-1.0254e-05
2.54074e-05
-1.02203e-05
2.71457e-05
-1.02025e-05
2.88839e-05
-1.01914e-05
3.06194e-05
-1.01782e-05
3.23487e-05
-1.01541e-05
3.40676e-05
-1.011e-05
3.57708e-05
-1.00364e-05
3.74517e-05
-9.92287e-06
3.91023e-05
-9.75744e-06
4.07126e-05
-9.52643e-06
4.22708e-05
-9.21369e-06
4.37626e-05
-8.80002e-06
4.51707e-05
-8.26243e-06
4.6475e-05
-7.57331e-06
4.76518e-05
-6.69972e-06
4.86735e-05
-5.60289e-06
4.95091e-05
-4.23827e-06
5.01246e-05
-2.5562e-06
5.04847e-05
-5.02721e-07
5.05548e-05
1.97906e-06
5.03032e-05
4.94379e-06
4.97011e-05
8.43537e-06
4.8722e-05
1.24771e-05
4.73356e-05
1.70548e-05
4.5495e-05
2.20892e-05
4.31137e-05
2.73907e-05
4.00308e-05
3.25818e-05
3.59778e-05
3.69738e-05
3.05336e-05
3.93808e-05
3.79807e-05
1.48922e-06
1.924e-07
3.44239e-06
-6.69223e-06
5.33973e-06
-1.0471e-05
7.11321e-06
-1.22449e-05
8.80045e-06
-1.29457e-05
1.04474e-05
-1.31026e-05
1.20859e-05
-1.30043e-05
1.37332e-05
-1.2806e-05
1.53965e-05
-1.2589e-05
1.70777e-05
-1.23929e-05
1.87759e-05
-1.22345e-05
2.04887e-05
-1.21171e-05
2.22136e-05
-1.20374e-05
2.39479e-05
-1.19883e-05
2.56889e-05
-1.19613e-05
2.74338e-05
-1.19473e-05
2.91795e-05
-1.19371e-05
3.09229e-05
-1.19216e-05
3.26603e-05
-1.18914e-05
3.43872e-05
-1.18369e-05
3.60983e-05
-1.17476e-05
3.77873e-05
-1.16119e-05
3.94467e-05
-1.14168e-05
4.10672e-05
-1.11469e-05
4.26379e-05
-1.07844e-05
4.41458e-05
-1.03079e-05
4.55756e-05
-9.69225e-06
4.69094e-05
-8.90704e-06
4.81261e-05
-7.91641e-06
4.92016e-05
-6.6784e-06
5.01087e-05
-5.14538e-06
5.08177e-05
-3.26523e-06
5.12979e-05
-9.82946e-07
5.15196e-05
1.75743e-06
5.14553e-05
5.00807e-06
5.10806e-05
8.81008e-06
5.03716e-05
1.3186e-05
4.92991e-05
1.81273e-05
4.78145e-05
2.35739e-05
4.58253e-05
2.93799e-05
4.31554e-05
3.52517e-05
3.94845e-05
4.06446e-05
3.4259e-05
4.46063e-05
4.56313e-05
1.62424e-06
-1.43184e-06
3.68863e-06
-8.75662e-06
5.62536e-06
-1.24078e-05
7.39291e-06
-1.40124e-05
9.05486e-06
-1.46076e-05
1.0671e-05
-1.47188e-05
1.22797e-05
-1.46129e-05
1.3901e-05
-1.44273e-05
1.55437e-05
-1.42317e-05
1.721e-05
-1.40592e-05
1.88986e-05
-1.39231e-05
2.06068e-05
-1.38253e-05
2.23311e-05
-1.37616e-05
2.40678e-05
-1.37251e-05
2.58135e-05
-1.3707e-05
2.75647e-05
-1.36984e-05
2.93177e-05
-1.36901e-05
3.10689e-05
-1.36728e-05
3.28142e-05
-1.36368e-05
3.45493e-05
-1.3572e-05
3.62689e-05
-1.34672e-05
3.7967e-05
-1.33101e-05
3.96366e-05
-1.30863e-05
4.12691e-05
-1.27795e-05
4.28548e-05
-1.23701e-05
4.4382e-05
-1.18352e-05
4.58375e-05
-1.11477e-05
4.72055e-05
-1.02751e-05
4.84682e-05
-9.17908e-06
4.96047e-05
-7.81485e-06
5.05913e-05
-6.13203e-06
5.14024e-05
-4.0763e-06
5.20112e-05
-1.59179e-06
5.23921e-05
1.37656e-06
5.25215e-05
4.87862e-06
5.23785e-05
8.95315e-06
5.1942e-05
1.36225e-05
5.11847e-05
1.88845e-05
5.00599e-05
2.46988e-05
4.84762e-05
3.09635e-05
4.6255e-05
3.74728e-05
4.30544e-05
4.38452e-05
3.82419e-05
4.94189e-05
5.31518e-05
1.76732e-06
-3.19916e-06
3.88855e-06
-1.08779e-05
5.81288e-06
-1.43321e-05
7.5431e-06
-1.57427e-05
9.16485e-06
-1.62294e-05
1.07451e-05
-1.62991e-05
1.23237e-05
-1.61915e-05
1.39209e-05
-1.60245e-05
1.55452e-05
-1.5856e-05
1.71983e-05
-1.57123e-05
1.88785e-05
-1.56033e-05
2.05824e-05
-1.55292e-05
2.23059e-05
-1.54851e-05
2.40446e-05
-1.54637e-05
2.57942e-05
-1.54567e-05
2.75508e-05
-1.5455e-05
2.93101e-05
-1.54495e-05
3.10683e-05
-1.54309e-05
3.2821e-05
-1.53895e-05
3.45639e-05
-1.53148e-05
3.62918e-05
-1.51951e-05
3.79992e-05
-1.50174e-05
3.96793e-05
-1.47665e-05
4.13247e-05
-1.44248e-05
4.29265e-05
-1.39718e-05
4.44746e-05
-1.33834e-05
4.59579e-05
-1.26309e-05
4.73631e-05
-1.16804e-05
4.86756e-05
-1.04915e-05
4.98778e-05
-9.01704e-06
5.09497e-05
-7.20394e-06
5.18691e-05
-4.99572e-06
5.26129e-05
-2.33562e-06
5.3159e-05
8.30467e-07
5.34876e-05
4.55e-06
5.35816e-05
8.85921e-06
5.34244e-05
1.37797e-05
5.29949e-05
1.9314e-05
5.22553e-05
2.54384e-05
5.1129e-05
3.20898e-05
4.94597e-05
3.91422e-05
4.69324e-05
4.63726e-05
4.29239e-05
5.34273e-05
5.98632e-05
1.91042e-06
-5.10958e-06
4.04663e-06
-1.30141e-05
5.92082e-06
-1.62063e-05
7.59157e-06
-1.74134e-05
9.16204e-06
-1.77998e-05
1.07014e-05
-1.78384e-05
1.2248e-05
-1.77381e-05
1.38203e-05
-1.75969e-05
1.54257e-05
-1.74613e-05
1.70651e-05
-1.73517e-05
1.87361e-05
-1.72743e-05
2.04345e-05
-1.72276e-05
2.21557e-05
-1.72062e-05
2.38946e-05
-1.72027e-05
2.56465e-05
-1.72085e-05
2.74066e-05
-1.72151e-05
2.91706e-05
-1.72135e-05
3.0934e-05
-1.71944e-05
3.26927e-05
-1.71482e-05
3.44421e-05
-1.70642e-05
3.61772e-05
-1.69303e-05
3.78929e-05
-1.6733e-05
3.95829e-05
-1.64565e-05
4.12405e-05
-1.60824e-05
4.2858e-05
-1.55893e-05
4.44269e-05
-1.49522e-05
4.59378e-05
-1.41418e-05
4.73806e-05
-1.31232e-05
4.87438e-05
-1.18547e-05
5.00136e-05
-1.02869e-05
5.11736e-05
-8.36394e-06
5.22049e-05
-6.02699e-06
5.30874e-05
-3.21811e-06
5.38022e-05
1.15658e-07
5.43332e-05
4.01896e-06
5.46679e-05
8.52454e-06
5.47965e-05
1.36511e-05
5.4708e-05
1.94024e-05
5.4382e-05
2.57644e-05
5.37722e-05
3.26996e-05
5.27754e-05
4.01389e-05
5.11701e-05
4.79779e-05
4.84846e-05
5.61129e-05
6.4698e-05
2.08229e-06
-7.19187e-06
4.23707e-06
-1.51688e-05
6.06833e-06
-1.80375e-05
7.69555e-06
-1.90406e-05
9.23577e-06
-1.93401e-05
1.07576e-05
-1.93603e-05
1.22968e-05
-1.92772e-05
1.38697e-05
-1.91698e-05
1.54823e-05
-1.9074e-05
1.71347e-05
-1.90041e-05
1.88236e-05
-1.89632e-05
2.05441e-05
-1.89482e-05
2.2291e-05
-1.89531e-05
2.40585e-05
-1.89702e-05
2.58411e-05
-1.89912e-05
2.76337e-05
-1.90077e-05
2.94313e-05
-1.90111e-05
3.12293e-05
-1.89924e-05
3.30232e-05
-1.89421e-05
3.48083e-05
-1.88493e-05
3.65798e-05
-1.87019e-05
3.83327e-05
-1.84859e-05
4.00613e-05
-1.81851e-05
4.17592e-05
-1.77804e-05
4.34197e-05
-1.72498e-05
4.50355e-05
-1.6568e-05
4.65992e-05
-1.57056e-05
4.81038e-05
-1.46278e-05
4.95412e-05
-1.32922e-05
5.09018e-05
-1.16474e-05
5.21725e-05
-9.63466e-06
5.33374e-05
-7.19181e-06
5.43786e-05
-4.25932e-06
5.52796e-05
-7.85361e-07
5.60276e-05
3.27098e-06
5.66149e-05
7.93716e-06
5.704e-05
1.3226e-05
5.73053e-05
1.91372e-05
5.7413e-05
2.56567e-05
5.73576e-05
3.27551e-05
5.71124e-05
4.03841e-05
5.66083e-05
4.84819e-05
5.56971e-05
5.70241e-05
6.62575e-05
2.22491e-06
-9.41678e-06
4.35006e-06
-1.7294e-05
6.10775e-06
-1.97952e-05
7.67235e-06
-2.06052e-05
9.16679e-06
-2.08345e-05
1.06558e-05
-2.08493e-05
1.21713e-05
-2.07927e-05
1.37278e-05
-2.07263e-05
1.53301e-05
-2.06763e-05
1.69773e-05
-2.06513e-05
1.86656e-05
-2.06515e-05
2.03896e-05
-2.06722e-05
2.21434e-05
-2.07069e-05
2.39207e-05
-2.07475e-05
2.57155e-05
-2.07859e-05
2.7522e-05
-2.08142e-05
2.93348e-05
-2.0824e-05
3.11491e-05
-2.08067e-05
3.29601e-05
-2.0753e-05
3.47631e-05
-2.06523e-05
3.65535e-05
-2.04922e-05
3.83262e-05
-2.02587e-05
4.00761e-05
-1.99349e-05
4.17973e-05
-1.95016e-05
4.34838e-05
-1.89363e-05
4.51293e-05
-1.82135e-05
4.67287e-05
-1.73049e-05
4.82779e-05
-1.6177e-05
4.97738e-05
-1.4788e-05
5.12111e-05
-1.30848e-05
5.25812e-05
-1.10047e-05
5.38709e-05
-8.48152e-06
5.50645e-05
-5.45293e-06
5.61471e-05
-1.86799e-06
5.71087e-05
2.30943e-06
5.79467e-05
7.09914e-06
5.8668e-05
1.25047e-05
5.9289e-05
1.85162e-05
5.9835e-05
2.51107e-05
6.03397e-05
3.22504e-05
6.0846e-05
3.98777e-05
6.1415e-05
4.79129e-05
6.21687e-05
5.62704e-05
6.49314e-05
2.34527e-06
-1.1762e-05
4.42057e-06
-1.93693e-05
6.10382e-06
-2.14785e-05
7.61033e-06
-2.21117e-05
9.06162e-06
-2.22858e-05
1.05172e-05
-2.23049e-05
1.20063e-05
-2.22818e-05
1.35422e-05
-2.22622e-05
1.5129e-05
-2.22631e-05
1.67657e-05
-2.2288e-05
1.8448e-05
-2.23338e-05
2.01702e-05
-2.23944e-05
2.19257e-05
-2.24624e-05
2.37079e-05
-2.25296e-05
2.55101e-05
-2.25881e-05
2.73259e-05
-2.263e-05
2.91497e-05
-2.26477e-05
3.09761e-05
-2.26331e-05
3.28001e-05
-2.25771e-05
3.46171e-05
-2.24693e-05
3.64224e-05
-2.22975e-05
3.82111e-05
-2.20474e-05
3.99782e-05
-2.17021e-05
4.17184e-05
-2.12418e-05
4.34259e-05
-2.06438e-05
4.50952e-05
-1.98828e-05
4.67226e-05
-1.89324e-05
4.83079e-05
-1.77623e-05
4.98531e-05
-1.63332e-05
5.13591e-05
-1.45907e-05
5.28219e-05
-1.24675e-05
5.42315e-05
-9.89116e-06
5.55735e-05
-6.79487e-06
5.68334e-05
-3.12786e-06
5.80027e-05
1.14011e-06
5.90831e-05
6.01872e-06
6.00888e-05
1.1499e-05
6.10479e-05
1.7557e-05
6.20038e-05
2.41549e-05
6.30164e-05
3.12377e-05
6.41678e-05
3.87264e-05
6.55734e-05
4.65073e-05
6.74158e-05
5.4428e-05
6.2317e-05
2.43664e-06
-1.41987e-05
4.45641e-06
-2.13891e-05
6.07906e-06
-2.31011e-05
7.53992e-06
-2.35726e-05
8.95356e-06
-2.36994e-05
1.03755e-05
-2.37268e-05
1.18344e-05
-2.37407e-05
1.3344e-05
-2.37718e-05
1.49089e-05
-2.38281e-05
1.65283e-05
-2.39074e-05
1.81979e-05
-2.40034e-05
1.99116e-05
-2.41082e-05
2.16627e-05
-2.42134e-05
2.34437e-05
-2.43107e-05
2.52476e-05
-2.43919e-05
2.70673e-05
-2.44497e-05
2.88966e-05
-2.4477e-05
3.07298e-05
-2.44663e-05
3.25618e-05
-2.44091e-05
3.43877e-05
-2.42952e-05
3.62028e-05
-2.41125e-05
3.80022e-05
-2.38468e-05
3.97812e-05
-2.34811e-05
4.15347e-05
-2.29953e-05
4.32568e-05
-2.23658e-05
4.49417e-05
-2.15678e-05
4.65868e-05
-2.05774e-05
4.81952e-05
-1.93708e-05
4.97758e-05
-1.79138e-05
5.13367e-05
-1.61516e-05
5.28801e-05
-1.40109e-05
5.43993e-05
-1.14104e-05
5.58801e-05
-8.27567e-06
5.7307e-05
-4.55479e-06
5.86715e-05
-2.24366e-07
5.99776e-05
4.71262e-06
6.12449e-05
1.02318e-05
6.251e-05
1.6292e-05
6.38271e-05
2.28377e-05
6.52694e-05
2.97955e-05
6.69309e-05
3.70648e-05
6.89306e-05
4.45077e-05
7.14202e-05
5.19383e-05
5.913e-05
2.49517e-06
-1.66939e-05
4.47552e-06
-2.33694e-05
6.0671e-06
-2.46927e-05
7.50049e-06
-2.5006e-05
8.88212e-06
-2.50811e-05
1.02683e-05
-2.5113e-05
1.16909e-05
-2.51634e-05
1.31667e-05
-2.52476e-05
1.47019e-05
-2.53632e-05
1.6296e-05
-2.55015e-05
1.79451e-05
-2.56524e-05
1.96429e-05
-2.58059e-05
2.13821e-05
-2.59527e-05
2.31551e-05
-2.60837e-05
2.49539e-05
-2.61907e-05
2.67709e-05
-2.62667e-05
2.85993e-05
-2.63054e-05
3.04331e-05
-2.63001e-05
3.22667e-05
-2.62427e-05
3.40952e-05
-2.61237e-05
3.59135e-05
-2.59309e-05
3.77171e-05
-2.56504e-05
3.95013e-05
-2.52654e-05
4.12612e-05
-2.47552e-05
4.29903e-05
-2.40949e-05
4.46815e-05
-2.3259e-05
4.63314e-05
-2.22273e-05
4.79463e-05
-2.09857e-05
4.95432e-05
-1.95107e-05
5.11394e-05
-1.77479e-05
5.2745e-05
-1.56165e-05
5.43573e-05
-1.30226e-05
5.59615e-05
-9.87982e-06
5.7539e-05
-6.13229e-06
5.90789e-05
-1.76434e-06
6.05859e-05
3.20566e-06
6.20827e-05
8.73492e-06
6.36111e-05
1.47636e-05
6.52306e-05
2.12183e-05
6.70176e-05
2.80085e-05
6.90644e-05
3.5018e-05
7.14751e-05
4.2097e-05
7.43623e-05
4.90511e-05
5.56408e-05
2.52086e-06
-1.92147e-05
4.50928e-06
-2.53578e-05
6.11456e-06
-2.6298e-05
7.53995e-06
-2.64314e-05
8.89127e-06
-2.64324e-05
1.02351e-05
-2.64568e-05
1.16124e-05
-2.65407e-05
1.30449e-05
-2.66801e-05
1.45411e-05
-2.68594e-05
1.61013e-05
-2.70618e-05
1.77214e-05
-2.72725e-05
1.9395e-05
-2.74794e-05
2.11145e-05
-2.76722e-05
2.28717e-05
-2.78409e-05
2.46578e-05
-2.79769e-05
2.64646e-05
-2.80735e-05
2.82846e-05
-2.81254e-05
3.01113e-05
-2.81268e-05
3.1939e-05
-2.80705e-05
3.37624e-05
-2.79471e-05
3.55764e-05
-2.77448e-05
3.7376e-05
-2.745e-05
3.91572e-05
-2.70465e-05
4.09154e-05
-2.65134e-05
4.26435e-05
-2.5823e-05
4.43312e-05
-2.49467e-05
4.59719e-05
-2.38679e-05
4.75739e-05
-2.25877e-05
4.91638e-05
-2.11005e-05
5.07701e-05
-1.93543e-05
5.24129e-05
-1.72593e-05
5.40949e-05
-1.47046e-05
5.58001e-05
-1.1585e-05
5.75047e-05
-7.83694e-06
5.91934e-05
-3.45304e-06
6.08693e-05
1.52981e-06
6.25567e-05
7.04747e-06
6.42997e-05
1.30206e-05
6.61587e-05
1.93592e-05
6.82079e-05
2.59593e-05
7.05317e-05
3.26942e-05
7.32143e-05
3.94143e-05
7.6331e-05
4.59345e-05
5.20308e-05
2.52153e-06
-2.17362e-05
4.60647e-06
-2.74428e-05
6.28032e-06
-2.79718e-05
7.71045e-06
-2.78615e-05
9.02394e-06
-2.77459e-05
1.03125e-05
-2.77454e-05
1.16322e-05
-2.78604e-05
1.30108e-05
-2.80588e-05
1.44588e-05
-2.83073e-05
1.59766e-05
-2.85796e-05
1.75594e-05
-2.88554e-05
1.92004e-05
-2.91204e-05
2.08919e-05
-2.93638e-05
2.26252e-05
-2.95741e-05
2.43904e-05
-2.97421e-05
2.61785e-05
-2.98616e-05
2.79814e-05
-2.99283e-05
2.97923e-05
-2.99377e-05
3.16054e-05
-2.98835e-05
3.34148e-05
-2.97565e-05
3.5215e-05
-2.95451e-05
3.70009e-05
-2.92358e-05
3.87688e-05
-2.88145e-05
4.05156e-05
-2.82602e-05
4.22339e-05
-2.75413e-05
4.39093e-05
-2.6622e-05
4.55281e-05
-2.54868e-05
4.70977e-05
-2.41574e-05
4.86557e-05
-2.26585e-05
5.02429e-05
-2.09415e-05
5.18912e-05
-1.89076e-05
5.36118e-05
-1.64253e-05
5.53875e-05
-1.33606e-05
5.71878e-05
-9.63728e-06
5.89912e-05
-5.25641e-06
6.0798e-05
-2.77036e-07
6.2633e-05
5.21253e-06
6.454e-05
1.11136e-05
6.65775e-05
1.73217e-05
6.88136e-05
2.37232e-05
7.13233e-05
3.01845e-05
7.41716e-05
3.6566e-05
7.74005e-05
4.27056e-05
4.84103e-05
2.52162e-06
-2.42579e-05
4.83571e-06
-2.97569e-05
6.62805e-06
-2.97642e-05
8.05618e-06
-2.92897e-05
9.30988e-06
-2.89996e-05
1.0524e-05
-2.89595e-05
1.17728e-05
-2.91092e-05
1.30889e-05
-2.93748e-05
1.44819e-05
-2.97004e-05
1.59511e-05
-3.00487e-05
1.74903e-05
-3.03946e-05
1.90914e-05
-3.07216e-05
2.07472e-05
-3.10195e-05
2.24481e-05
-3.12751e-05
2.41837e-05
-3.14776e-05
2.59438e-05
-3.16217e-05
2.77201e-05
-3.17046e-05
2.95053e-05
-3.17229e-05
3.12935e-05
-3.16716e-05
3.30785e-05
-3.15416e-05
3.4854e-05
-3.13205e-05
3.66139e-05
-3.09957e-05
3.83552e-05
-3.05557e-05
4.00773e-05
-2.99824e-05
4.17748e-05
-2.92388e-05
4.34294e-05
-2.82766e-05
4.50177e-05
-2.70751e-05
4.65419e-05
-2.56816e-05
4.80501e-05
-2.41668e-05
4.95906e-05
-2.24819e-05
5.12074e-05
-2.05244e-05
5.29255e-05
-1.81433e-05
5.47294e-05
-1.51646e-05
5.65832e-05
-1.1491e-05
5.8459e-05
-7.13227e-06
6.03543e-05
-2.17226e-06
6.22928e-05
3.27402e-06
6.43167e-05
9.08964e-06
6.6479e-05
1.51594e-05
6.88382e-05
2.1364e-05
7.14619e-05
2.75607e-05
7.43991e-05
3.36289e-05
7.76661e-05
3.94386e-05
4.48304e-05
2.56895e-06
-2.68268e-05
5.27947e-06
-3.24674e-05
7.1999e-06
-3.16846e-05
8.58056e-06
-3.06703e-05
9.73672e-06
-3.01557e-05
1.08578e-05
-3.00806e-05
1.20303e-05
-3.02817e-05
1.32837e-05
-3.06282e-05
1.46229e-05
-3.10396e-05
1.60435e-05
-3.14693e-05
1.75372e-05
-3.18882e-05
1.90943e-05
-3.22787e-05
2.07083e-05
-3.26334e-05
2.23694e-05
-3.29362e-05
2.40662e-05
-3.31744e-05
2.57885e-05
-3.3344e-05
2.75275e-05
-3.34437e-05
2.92759e-05
-3.34712e-05
3.10274e-05
-3.34231e-05
3.27756e-05
-3.32899e-05
3.45131e-05
-3.3058e-05
3.62325e-05
-3.27152e-05
3.79305e-05
-3.22537e-05
3.9609e-05
-3.1661e-05
4.12666e-05
-3.08963e-05
4.28864e-05
-2.98965e-05
4.44415e-05
-2.86301e-05
4.59285e-05
-2.71686e-05
4.73955e-05
-2.56337e-05
4.88796e-05
-2.39661e-05
5.04294e-05
-2.20742e-05
5.20889e-05
-1.98028e-05
5.38576e-05
-1.69333e-05
5.57037e-05
-1.33372e-05
5.75984e-05
-9.027e-06
5.95363e-05
-4.1101e-06
6.15389e-05
1.27142e-06
6.36424e-05
6.98614e-06
6.58897e-05
1.29121e-05
6.83232e-05
1.89305e-05
7.10096e-05
2.48744e-05
7.39847e-05
3.06537e-05
7.72447e-05
3.61786e-05
4.13149e-05
2.82777e-06
-2.96546e-05
6.03932e-06
-3.5679e-05
7.94299e-06
-3.35883e-05
9.16865e-06
-3.1896e-05
1.01934e-05
-3.11805e-05
1.123e-05
-3.11171e-05
1.23488e-05
-3.14006e-05
1.35621e-05
-3.18415e-05
1.4865e-05
-3.23424e-05
1.62492e-05
-3.28536e-05
1.77047e-05
-3.33437e-05
1.92205e-05
-3.37945e-05
2.07909e-05
-3.42038e-05
2.24062e-05
-3.45515e-05
2.40556e-05
-3.48239e-05
2.57298e-05
-3.50182e-05
2.74208e-05
-3.51346e-05
2.91205e-05
-3.5171e-05
3.08223e-05
-3.5125e-05
3.25195e-05
-3.4987e-05
3.4205e-05
-3.47434e-05
3.58712e-05
-3.43814e-05
3.75114e-05
-3.3894e-05
3.9123e-05
-3.32725e-05
4.07046e-05
-3.24779e-05
4.22536e-05
-3.14455e-05
4.37723e-05
-3.01488e-05
4.52731e-05
-2.86693e-05
4.67584e-05
-2.7119e-05
4.82168e-05
-2.54245e-05
4.96746e-05
-2.3532e-05
5.11966e-05
-2.13248e-05
5.28298e-05
-1.85664e-05
5.45769e-05
-1.50843e-05
5.64241e-05
-1.08742e-05
5.83647e-05
-6.05071e-06
6.04112e-05
-7.75027e-07
6.25796e-05
4.81768e-06
6.48931e-05
1.05986e-05
6.73675e-05
1.6456e-05
7.00842e-05
2.21577e-05
7.3066e-05
2.76719e-05
7.62893e-05
3.29553e-05
3.78776e-05
4.08265e-06
-3.37372e-05
7.20911e-06
-3.88054e-05
8.55162e-06
-3.49308e-05
9.51276e-06
-3.28571e-05
1.0465e-05
-3.21327e-05
1.15062e-05
-3.21583e-05
1.26438e-05
-3.25382e-05
1.38676e-05
-3.30653e-05
1.51686e-05
-3.36434e-05
1.65394e-05
-3.42244e-05
1.79722e-05
-3.47765e-05
1.94574e-05
-3.52798e-05
2.09869e-05
-3.57332e-05
2.25515e-05
-3.61161e-05
2.41448e-05
-3.64172e-05
2.5761e-05
-3.66345e-05
2.7393e-05
-3.67666e-05
2.90327e-05
-3.68106e-05
3.06708e-05
-3.67631e-05
3.23007e-05
-3.66169e-05
3.3922e-05
-3.63647e-05
3.55309e-05
-3.59902e-05
3.71178e-05
-3.5481e-05
3.86562e-05
-3.48109e-05
4.01253e-05
-3.3947e-05
4.15538e-05
-3.28741e-05
4.30232e-05
-3.16182e-05
4.46032e-05
-3.02494e-05
4.61685e-05
-2.86843e-05
4.76588e-05
-2.69148e-05
4.90474e-05
-2.49206e-05
5.0358e-05
-2.26354e-05
5.17129e-05
-1.99213e-05
5.32203e-05
-1.65917e-05
5.49328e-05
-1.25867e-05
5.68577e-05
-7.97559e-06
5.89774e-05
-2.8948e-06
6.12635e-05
2.53166e-06
6.36719e-05
8.19019e-06
6.61788e-05
1.39492e-05
6.89077e-05
1.94288e-05
7.18676e-05
2.4712e-05
7.50193e-05
2.98037e-05
7.83589e-05
3.4538e-05
3.89069e-05
8.22669e-06
-4.19639e-05
8.5956e-06
-3.91743e-05
8.49176e-06
-3.48269e-05
9.37853e-06
-3.37439e-05
1.05135e-05
-3.32677e-05
1.17284e-05
-3.33732e-05
1.29775e-05
-3.37873e-05
1.42613e-05
-3.43491e-05
1.55883e-05
-3.49704e-05
1.69613e-05
-3.55973e-05
1.83818e-05
-3.61971e-05
1.98472e-05
-3.67451e-05
2.13406e-05
-3.72266e-05
2.28555e-05
-3.76311e-05
2.43955e-05
-3.79572e-05
2.59587e-05
-3.81976e-05
2.75376e-05
-3.83454e-05
2.91243e-05
-3.83973e-05
3.06998e-05
-3.83387e-05
3.22512e-05
-3.81683e-05
3.38577e-05
-3.79711e-05
3.54647e-05
-3.75972e-05
3.70041e-05
-3.70203e-05
3.84431e-05
-3.62499e-05
3.9771e-05
-3.52749e-05
4.10703e-05
-3.41733e-05
4.2498e-05
-3.3046e-05
4.40492e-05
-3.18005e-05
4.55538e-05
-3.01888e-05
4.69054e-05
-2.82664e-05
4.81025e-05
-2.61177e-05
4.9186e-05
-2.37189e-05
5.02144e-05
-2.09497e-05
5.14508e-05
-1.78281e-05
5.30514e-05
-1.41873e-05
5.50594e-05
-9.9836e-06
5.7402e-05
-5.23739e-06
5.98628e-05
7.07726e-08
6.24329e-05
5.6201e-06
6.50926e-05
1.12895e-05
6.78742e-05
1.66472e-05
7.07637e-05
2.18225e-05
7.37703e-05
2.67971e-05
7.69621e-05
3.13462e-05
3.56072e-05
1.64819e-05
-5.84458e-05
9.59667e-06
-3.22891e-05
7.04687e-06
-3.22771e-05
8.6964e-06
-3.53934e-05
1.04839e-05
-3.50552e-05
1.20328e-05
-3.4922e-05
1.34403e-05
-3.51949e-05
1.48001e-05
-3.57089e-05
1.61619e-05
-3.63322e-05
1.75445e-05
-3.698e-05
1.89611e-05
-3.76137e-05
2.04132e-05
-3.81972e-05
2.18829e-05
-3.86963e-05
2.33693e-05
-3.91174e-05
2.48827e-05
-3.94707e-05
2.64265e-05
-3.97413e-05
2.80001e-05
-3.99191e-05
2.96063e-05
-4.00035e-05
3.12657e-05
-3.99981e-05
3.30539e-05
-3.99565e-05
3.51542e-05
-4.00714e-05
3.74015e-05
-3.98446e-05
3.94298e-05
-3.90487e-05
4.14366e-05
-3.82567e-05
4.33293e-05
-3.71675e-05
4.51816e-05
-3.60257e-05
4.6914e-05
-3.47784e-05
4.84056e-05
-3.32921e-05
4.95872e-05
-3.13704e-05
5.02824e-05
-2.89616e-05
5.02455e-05
-2.60808e-05
4.94734e-05
-2.29469e-05
4.8864e-05
-2.03402e-05
4.92932e-05
-1.82573e-05
5.04092e-05
-1.53034e-05
5.21925e-05
-1.17669e-05
5.48506e-05
-7.89544e-06
5.77911e-05
-2.86975e-06
6.11924e-05
2.21878e-06
6.46969e-05
7.78496e-06
6.74644e-05
1.38798e-05
7.01735e-05
1.91134e-05
7.30074e-05
2.39632e-05
7.59762e-05
2.83774e-05
3.25759e-05
4.36554e-06
-6.28113e-05
4.77671e-06
-3.27002e-05
5.59764e-06
-3.30981e-05
6.89174e-06
-3.66875e-05
9.21778e-06
-3.73812e-05
1.16229e-05
-3.73271e-05
1.38865e-05
-3.74585e-05
1.59919e-05
-3.78143e-05
1.79731e-05
-3.83134e-05
1.98685e-05
-3.88754e-05
2.17077e-05
-3.94528e-05
2.35071e-05
-3.99967e-05
2.5285e-05
-4.04742e-05
2.70589e-05
-4.08913e-05
2.88409e-05
-4.12527e-05
3.06437e-05
-4.15442e-05
3.24767e-05
-4.17521e-05
3.4345e-05
-4.18717e-05
3.62542e-05
-4.19073e-05
3.81856e-05
-4.18879e-05
3.99689e-05
-4.18548e-05
4.16844e-05
-4.15601e-05
4.35482e-05
-4.09125e-05
4.53924e-05
-4.01009e-05
4.72687e-05
-3.90439e-05
4.91008e-05
-3.78577e-05
5.07927e-05
-3.64704e-05
5.22519e-05
-3.47513e-05
5.34382e-05
-3.25567e-05
5.43547e-05
-2.98782e-05
5.50799e-05
-2.68059e-05
5.58292e-05
-2.36963e-05
5.65285e-05
-2.10395e-05
5.68799e-05
-1.86086e-05
5.71854e-05
-1.56089e-05
5.72924e-05
-1.18739e-05
5.68705e-05
-7.47357e-06
5.62945e-05
-2.29367e-06
5.87497e-05
-2.3646e-07
6.32171e-05
3.31754e-06
6.66422e-05
1.04547e-05
7.01814e-05
1.55741e-05
7.31841e-05
2.09606e-05
7.58079e-05
2.57535e-05
2.98817e-05
-8.27695e-06
-5.45344e-05
-1.62096e-06
-3.93562e-05
3.55324e-06
-3.82722e-05
6.72734e-06
-3.98616e-05
9.63924e-06
-4.02931e-05
1.24857e-05
-4.01736e-05
1.51703e-05
-4.0143e-05
1.76661e-05
-4.03101e-05
1.99899e-05
-4.06373e-05
2.21778e-05
-4.10633e-05
2.42631e-05
-4.15381e-05
2.6279e-05
-4.20126e-05
2.8256e-05
-4.24511e-05
3.02119e-05
-4.28472e-05
3.21583e-05
-4.31991e-05
3.41073e-05
-4.34932e-05
3.60689e-05
-4.37138e-05
3.80462e-05
-4.3849e-05
4.0032e-05
-4.38932e-05
4.19935e-05
-4.38494e-05
4.38365e-05
-4.36978e-05
4.56165e-05
-4.33401e-05
4.74361e-05
-4.27321e-05
4.92447e-05
-4.19095e-05
5.10613e-05
-4.08606e-05
5.28135e-05
-3.96099e-05
5.44406e-05
-3.80974e-05
5.59019e-05
-3.62126e-05
5.72206e-05
-3.38754e-05
5.84549e-05
-3.11125e-05
5.97066e-05
-2.80576e-05
6.09883e-05
-2.4978e-05
6.20771e-05
-2.21284e-05
6.27755e-05
-1.9307e-05
6.32024e-05
-1.60358e-05
6.34633e-05
-1.21348e-05
6.37429e-05
-7.75314e-06
6.49804e-05
-3.53118e-06
6.5575e-05
-8.3107e-07
6.55569e-05
3.33564e-06
6.54059e-05
1.06057e-05
6.88788e-05
1.21012e-05
7.29149e-05
1.69245e-05
7.61629e-05
2.25055e-05
2.6989e-05
-6.76325e-06
-4.77711e-05
-1.41801e-06
-4.47014e-05
3.78169e-06
-4.34719e-05
7.56968e-06
-4.36495e-05
1.08383e-05
-4.35617e-05
1.39262e-05
-4.32615e-05
1.6831e-05
-4.30478e-05
1.95396e-05
-4.30187e-05
2.20652e-05
-4.31628e-05
2.44371e-05
-4.34351e-05
2.66868e-05
-4.37878e-05
2.88482e-05
-4.4174e-05
3.09538e-05
-4.45566e-05
3.30244e-05
-4.49178e-05
3.50723e-05
-4.5247e-05
3.71072e-05
-4.55281e-05
3.91361e-05
-4.57426e-05
4.116e-05
-4.58729e-05
4.3171e-05
-4.59041e-05
4.51462e-05
-4.58246e-05
4.70562e-05
-4.56079e-05
4.89185e-05
-4.52023e-05
5.07603e-05
-4.45739e-05
5.25731e-05
-4.37222e-05
5.43485e-05
-4.2636e-05
5.6052e-05
-4.13134e-05
5.76517e-05
-3.96971e-05
5.91514e-05
-3.77123e-05
6.05974e-05
-3.53214e-05
6.20516e-05
-3.25666e-05
6.35624e-05
-2.95684e-05
6.50902e-05
-2.65057e-05
6.64551e-05
-2.34933e-05
6.75364e-05
-2.03883e-05
6.84251e-05
-1.69245e-05
6.92956e-05
-1.30053e-05
7.03247e-05
-8.78224e-06
7.15224e-05
-4.72891e-06
7.1847e-05
-1.15563e-06
7.1685e-05
3.49761e-06
7.3166e-05
9.12478e-06
7.30378e-05
1.22294e-05
7.30147e-05
1.69476e-05
7.52741e-05
2.02461e-05
2.30125e-05
-2.70061e-06
-4.50705e-05
6.55595e-07
-4.80575e-05
5.00273e-06
-4.7819e-05
8.82954e-06
-4.74763e-05
1.22614e-05
-4.69936e-05
1.54671e-05
-4.64671e-05
1.8479e-05
-4.60598e-05
2.13016e-05
-4.58413e-05
2.39474e-05
-4.58086e-05
2.64389e-05
-4.59267e-05
2.88032e-05
-4.6152e-05
3.10694e-05
-4.64403e-05
3.32667e-05
-4.67538e-05
3.5416e-05
-4.70672e-05
3.75302e-05
-4.73611e-05
3.96173e-05
-4.76153e-05
4.16826e-05
-4.78079e-05
4.37267e-05
-4.79171e-05
4.57449e-05
-4.79224e-05
4.77244e-05
-4.7804e-05
4.96529e-05
-4.75365e-05
5.15338e-05
-4.70832e-05
5.33752e-05
-4.64153e-05
5.51728e-05
-4.55198e-05
5.69198e-05
-4.43831e-05
5.85954e-05
-4.2989e-05
6.01935e-05
-4.12952e-05
6.17374e-05
-3.92561e-05
6.32748e-05
-3.68588e-05
6.48546e-05
-3.41465e-05
6.64977e-05
-3.12115e-05
6.81581e-05
-2.81661e-05
6.97257e-05
-2.5061e-05
7.11454e-05
-2.18079e-05
7.24856e-05
-1.82647e-05
7.38609e-05
-1.43806e-05
7.53316e-05
-1.02529e-05
7.67158e-05
-6.11309e-06
7.75326e-05
-1.97243e-06
7.81898e-05
2.84036e-06
7.9317e-05
7.99761e-06
7.94421e-05
1.21043e-05
7.98804e-05
1.65093e-05
8.02653e-05
1.98611e-05
2.29938e-05
-6.02893e-07
-4.44676e-05
2.54297e-06
-5.12034e-05
6.45883e-06
-5.17349e-05
1.0179e-05
-5.11965e-05
1.3622e-05
-5.04366e-05
1.68521e-05
-4.96972e-05
1.98987e-05
-4.91064e-05
2.27719e-05
-4.87145e-05
2.54826e-05
-4.85193e-05
2.80477e-05
-4.84918e-05
3.04879e-05
-4.85923e-05
3.28269e-05
-4.87792e-05
3.50879e-05
-4.90149e-05
3.72894e-05
-4.92687e-05
3.94433e-05
-4.9515e-05
4.1557e-05
-4.9729e-05
4.36347e-05
-4.98855e-05
4.56772e-05
-4.99596e-05
4.7682e-05
-4.99271e-05
4.96424e-05
-4.97645e-05
5.15515e-05
-4.94456e-05
5.34093e-05
-4.89409e-05
5.52189e-05
-4.8225e-05
5.69789e-05
-4.72798e-05
5.86843e-05
-4.60886e-05
6.03289e-05
-4.46336e-05
6.192e-05
-4.28863e-05
6.34859e-05
-4.0822e-05
6.50691e-05
-3.84421e-05
6.6707e-05
-3.57844e-05
6.84113e-05
-3.29158e-05
7.01504e-05
-2.99052e-05
7.18661e-05
-2.67768e-05
7.35375e-05
-2.34793e-05
7.52056e-05
-1.99328e-05
7.69276e-05
-1.61026e-05
7.87079e-05
-1.20333e-05
8.04072e-05
-7.81233e-06
8.18379e-05
-3.40315e-06
8.3231e-05
1.44725e-06
8.47217e-05
6.50693e-06
8.56755e-05
1.11505e-05
8.64652e-05
1.57196e-05
8.66592e-05
1.96672e-05
2.33459e-05
5.82363e-07
-4.50499e-05
4.02473e-06
-5.46457e-05
7.79031e-06
-5.55004e-05
1.13737e-05
-5.47799e-05
1.47383e-05
-5.38011e-05
1.79229e-05
-5.28818e-05
2.09494e-05
-5.21329e-05
2.38262e-05
-5.15912e-05
2.65599e-05
-5.1253e-05
2.91611e-05
-5.10929e-05
3.16441e-05
-5.10753e-05
3.4026e-05
-5.11612e-05
3.63244e-05
-5.13132e-05
3.85537e-05
-5.14979e-05
4.07241e-05
-5.16854e-05
4.2842e-05
-5.18469e-05
4.49109e-05
-5.19545e-05
4.6932e-05
-5.19807e-05
4.89038e-05
-5.1899e-05
5.08229e-05
-5.16836e-05
5.2686e-05
-5.13087e-05
5.44927e-05
-5.07476e-05
5.62448e-05
-4.99771e-05
5.7943e-05
-4.8978e-05
5.95885e-05
-4.7734e-05
6.11845e-05
-4.62296e-05
6.27455e-05
-4.44473e-05
6.43004e-05
-4.23769e-05
6.58853e-05
-4.0027e-05
6.75308e-05
-3.74299e-05
6.92481e-05
-3.4633e-05
7.10229e-05
-3.16799e-05
7.28292e-05
-2.85831e-05
7.46614e-05
-2.53116e-05
7.65446e-05
-2.1816e-05
7.85083e-05
-1.80663e-05
8.05452e-05
-1.40701e-05
8.25829e-05
-9.85002e-06
8.45551e-05
-5.37536e-06
8.65628e-05
-5.60506e-07
8.86154e-05
4.45441e-06
9.04012e-05
9.36468e-06
9.19126e-05
1.42082e-05
9.28464e-05
1.87334e-05
2.30162e-05
1.48477e-06
-4.65347e-05
5.18808e-06
-5.8349e-05
8.83936e-06
-5.91517e-05
1.22583e-05
-5.81989e-05
1.54925e-05
-5.70353e-05
1.85841e-05
-5.59735e-05
2.155e-05
-5.50988e-05
2.43935e-05
-5.44346e-05
2.71156e-05
-5.39752e-05
2.97206e-05
-5.36979e-05
3.22162e-05
-5.35709e-05
3.46131e-05
-5.35581e-05
3.69229e-05
-5.36231e-05
3.91562e-05
-5.37312e-05
4.13207e-05
-5.38499e-05
4.34215e-05
-5.39477e-05
4.54615e-05
-5.39945e-05
4.74418e-05
-5.39609e-05
4.93618e-05
-5.3819e-05
5.122e-05
-5.35419e-05
5.30152e-05
-5.31038e-05
5.47479e-05
-5.24804e-05
5.64208e-05
-5.16499e-05
5.80375e-05
-5.05947e-05
5.96037e-05
-4.93003e-05
6.11294e-05
-4.77552e-05
6.2633e-05
-4.59509e-05
6.41423e-05
-4.38862e-05
6.56892e-05
-4.15739e-05
6.73008e-05
-3.90415e-05
6.89915e-05
-3.63238e-05
7.07612e-05
-3.34496e-05
7.26042e-05
-3.04261e-05
7.4526e-05
-2.72334e-05
7.6547e-05
-2.3837e-05
7.86888e-05
-2.02081e-05
8.09525e-05
-1.63338e-05
8.33097e-05
-1.22072e-05
8.57379e-05
-7.8035e-06
8.82712e-05
-3.09387e-06
9.08824e-05
1.84325e-06
9.33906e-05
6.85648e-06
9.5688e-05
1.19108e-05
9.7548e-05
1.68734e-05
2.17183e-05
2.33393e-06
-4.88686e-05
6.0687e-06
-6.20838e-05
9.53454e-06
-6.26175e-05
1.27562e-05
-6.14205e-05
1.583e-05
-6.01091e-05
1.87993e-05
-5.89428e-05
2.1675e-05
-5.79746e-05
2.44553e-05
-5.72149e-05
2.71358e-05
-5.66557e-05
2.97147e-05
-5.62768e-05
3.21938e-05
-5.605e-05
3.45778e-05
-5.59421e-05
3.68733e-05
-5.59185e-05
3.90864e-05
-5.59444e-05
4.12224e-05
-5.59859e-05
4.32847e-05
-5.60101e-05
4.52755e-05
-5.59853e-05
4.71956e-05
-5.58811e-05
4.90452e-05
-5.56685e-05
5.08238e-05
-5.53205e-05
5.2532e-05
-5.4812e-05
5.41717e-05
-5.41201e-05
5.5747e-05
-5.32253e-05
5.72644e-05
-5.21121e-05
5.87333e-05
-5.07692e-05
6.01677e-05
-4.91896e-05
6.15882e-05
-4.73714e-05
6.30218e-05
-4.53198e-05
6.44979e-05
-4.305e-05
6.60429e-05
-4.05864e-05
6.76754e-05
-3.79563e-05
6.94064e-05
-3.51805e-05
7.12446e-05
-3.22644e-05
7.32055e-05
-2.91942e-05
7.53123e-05
-2.59438e-05
7.7589e-05
-2.24849e-05
8.00488e-05
-1.87935e-05
8.26889e-05
-1.48473e-05
8.55041e-05
-1.06187e-05
8.84981e-05
-6.0879e-06
9.16286e-05
-1.28719e-06
9.47696e-05
3.71546e-06
9.7794e-05
8.88645e-06
0.000100516
1.41516e-05
1.9455e-05
3.03555e-06
-5.19042e-05
6.6427e-06
-6.5691e-05
9.8536e-06
-6.58284e-05
1.28533e-05
-6.44202e-05
1.57503e-05
-6.30061e-05
1.85788e-05
-6.17713e-05
2.13424e-05
-6.07382e-05
2.40342e-05
-5.99066e-05
2.66454e-05
-5.92669e-05
2.91695e-05
-5.88009e-05
3.16033e-05
-5.84838e-05
3.39465e-05
-5.82854e-05
3.6201e-05
-5.8173e-05
3.83691e-05
-5.81125e-05
4.04533e-05
-5.80701e-05
4.24555e-05
-5.80122e-05
4.43766e-05
-5.79064e-05
4.62173e-05
-5.77218e-05
4.79782e-05
-5.74293e-05
4.96598e-05
-5.70022e-05
5.12639e-05
-5.64162e-05
5.27941e-05
-5.56503e-05
5.42563e-05
-5.46874e-05
5.56591e-05
-5.35149e-05
5.70149e-05
-5.21249e-05
5.83402e-05
-5.05149e-05
5.9657e-05
-4.86882e-05
6.09919e-05
-4.66546e-05
6.23734e-05
-4.44315e-05
6.38286e-05
-4.20416e-05
6.53807e-05
-3.95084e-05
6.70497e-05
-3.68495e-05
6.88552e-05
-3.407e-05
7.08218e-05
-3.11608e-05
7.29789e-05
-2.81009e-05
7.53569e-05
-2.48629e-05
7.79797e-05
-2.14163e-05
8.08603e-05
-1.77278e-05
8.40024e-05
-1.37608e-05
8.73984e-05
-9.4839e-06
9.10012e-05
-4.88999e-06
9.4708e-05
8.69145e-09
9.83909e-05
5.20354e-06
0.000101882
1.066e-05
1.63273e-05
3.52525e-06
-5.54294e-05
6.89139e-06
-6.90571e-05
9.81128e-06
-6.87483e-05
1.25792e-05
-6.71881e-05
1.5291e-05
-6.57179e-05
1.79655e-05
-6.44458e-05
2.05987e-05
-6.33713e-05
2.31792e-05
-6.24872e-05
2.56953e-05
-6.1783e-05
2.81369e-05
-6.12426e-05
3.04971e-05
-6.08439e-05
3.27714e-05
-6.05597e-05
3.49579e-05
-6.03594e-05
3.70556e-05
-6.02103e-05
3.90645e-05
-6.0079e-05
4.09846e-05
-5.99322e-05
4.28159e-05
-5.97377e-05
4.45587e-05
-5.94646e-05
4.62137e-05
-5.90843e-05
4.77824e-05
-5.85709e-05
4.92678e-05
-5.79015e-05
5.06748e-05
-5.70573e-05
5.2011e-05
-5.60236e-05
5.32872e-05
-5.4791e-05
5.45175e-05
-5.33553e-05
5.57206e-05
-5.1718e-05
5.69194e-05
-4.98869e-05
5.81405e-05
-4.78757e-05
5.94126e-05
-4.57037e-05
6.07645e-05
-4.33936e-05
6.22238e-05
-4.09677e-05
6.38174e-05
-3.84431e-05
6.55738e-05
-3.58264e-05
6.75253e-05
-3.31123e-05
6.97083e-05
-3.0284e-05
7.21601e-05
-2.73147e-05
7.49135e-05
-2.41697e-05
7.79922e-05
-2.08066e-05
8.1407e-05
-1.71756e-05
8.51486e-05
-1.32255e-05
8.91715e-05
-8.9129e-06
9.33841e-05
-4.20389e-06
9.76593e-05
9.28302e-07
0.000101834
6.48517e-06
1.24367e-05
3.78265e-06
-5.92121e-05
6.83038e-06
-7.21048e-05
9.45206e-06
-7.137e-05
1.1989e-05
-6.97251e-05
1.45106e-05
-6.82394e-05
1.70198e-05
-6.6955e-05
1.95056e-05
-6.58571e-05
2.19538e-05
-6.49354e-05
2.43503e-05
-6.41795e-05
2.6683e-05
-6.35752e-05
2.8942e-05
-6.31029e-05
3.11201e-05
-6.27379e-05
3.32122e-05
-6.24515e-05
3.52146e-05
-6.22127e-05
3.71251e-05
-6.19894e-05
3.89418e-05
-6.1749e-05
4.0664e-05
-6.14599e-05
4.22916e-05
-6.10922e-05
4.38253e-05
-6.06181e-05
4.52675e-05
-6.0013e-05
4.6622e-05
-5.92561e-05
4.78952e-05
-5.83305e-05
4.90962e-05
-5.72246e-05
5.02373e-05
-5.59321e-05
5.13345e-05
-5.44525e-05
5.24077e-05
-5.27912e-05
5.34807e-05
-5.09599e-05
5.45807e-05
-4.89757e-05
5.57373e-05
-4.68602e-05
5.6981e-05
-4.46373e-05
5.83432e-05
-4.233e-05
5.98566e-05
-3.99564e-05
6.15561e-05
-3.75259e-05
6.34808e-05
-3.5037e-05
6.5673e-05
-3.24762e-05
6.81763e-05
-2.9818e-05
7.10312e-05
-2.70246e-05
7.42695e-05
-2.40449e-05
7.79087e-05
-2.08147e-05
8.1943e-05
-1.72598e-05
8.63316e-05
-1.33015e-05
9.09899e-05
-8.86216e-06
9.57911e-05
-3.87296e-06
0.000100569
1.70764e-06
7.87922e-06
3.8223e-06
-6.30344e-05
6.50613e-06
-7.47886e-05
8.83873e-06
-7.37026e-05
1.11493e-05
-7.20356e-05
1.34757e-05
-7.05659e-05
1.5808e-05
-6.92873e-05
1.81301e-05
-6.81792e-05
2.04258e-05
-6.72311e-05
2.26799e-05
-6.64336e-05
2.48789e-05
-6.57743e-05
2.70113e-05
-6.52353e-05
2.90676e-05
-6.47942e-05
3.10404e-05
-6.44243e-05
3.2924e-05
-6.40964e-05
3.47142e-05
-6.37795e-05
3.6408e-05
-6.34427e-05
3.80035e-05
-6.30555e-05
3.95005e-05
-6.25891e-05
4.08998e-05
-6.20174e-05
4.22043e-05
-6.13175e-05
4.34189e-05
-6.04706e-05
4.4551e-05
-5.94627e-05
4.56112e-05
-5.82848e-05
4.66132e-05
-5.69341e-05
4.75743e-05
-5.54135e-05
4.85155e-05
-5.37324e-05
4.94615e-05
-5.19059e-05
5.04402e-05
-4.99544e-05
5.14821e-05
-4.79021e-05
5.26198e-05
-4.5775e-05
5.38877e-05
-4.35979e-05
5.53224e-05
-4.13912e-05
5.69641e-05
-3.91676e-05
5.88565e-05
-3.69294e-05
6.10472e-05
-3.46668e-05
6.3585e-05
-3.23558e-05
6.65166e-05
-2.99561e-05
6.98809e-05
-2.74092e-05
7.37023e-05
-2.46361e-05
7.79809e-05
-2.15385e-05
8.26821e-05
-1.80027e-05
8.77265e-05
-1.39066e-05
9.29871e-05
-9.13353e-06
9.82892e-05
-3.59452e-06
2.74829e-06
3.67944e-06
-6.67138e-05
5.98139e-06
-7.70906e-05
8.03945e-06
-7.57606e-05
1.01268e-05
-7.4123e-05
1.22517e-05
-7.26907e-05
1.43948e-05
-7.14304e-05
1.65371e-05
-7.03215e-05
1.86616e-05
-6.93555e-05
2.07525e-05
-6.85245e-05
2.27956e-05
-6.78173e-05
2.47782e-05
-6.7218e-05
2.66897e-05
-6.67056e-05
2.85208e-05
-6.62555e-05
3.02645e-05
-6.584e-05
3.1915e-05
-6.543e-05
3.34683e-05
-6.4996e-05
3.4922e-05
-6.45092e-05
3.62755e-05
-6.39426e-05
3.75299e-05
-6.32719e-05
3.86887e-05
-6.24763e-05
3.97575e-05
-6.15395e-05
4.0745e-05
-6.04501e-05
4.16626e-05
-5.92025e-05
4.25255e-05
-5.77969e-05
4.3352e-05
-5.624e-05
4.41642e-05
-5.45446e-05
4.49874e-05
-5.27292e-05
4.58504e-05
-5.08174e-05
4.67845e-05
-4.88362e-05
4.78238e-05
-4.68143e-05
4.90049e-05
-4.4779e-05
5.03675e-05
-4.27537e-05
5.19548e-05
-4.07549e-05
5.38143e-05
-3.87889e-05
5.59972e-05
-3.68497e-05
5.85567e-05
-3.49153e-05
6.15447e-05
-3.29442e-05
6.50066e-05
-3.0871e-05
6.89735e-05
-2.8603e-05
7.34529e-05
-2.60179e-05
7.84164e-05
-2.29662e-05
8.37896e-05
-1.92798e-05
8.9444e-05
-1.4788e-05
9.51952e-05
-9.34572e-06
-2.86642e-06
3.39749e-06
-7.01113e-05
5.32082e-06
-7.90139e-05
7.11791e-06
-7.75577e-05
8.98225e-06
-7.59874e-05
1.08976e-05
-7.46061e-05
1.28391e-05
-7.33719e-05
1.47867e-05
-7.22691e-05
1.67229e-05
-7.12917e-05
1.86321e-05
-7.04337e-05
2.04997e-05
-6.9685e-05
2.23127e-05
-6.9031e-05
2.40593e-05
-6.84523e-05
2.57296e-05
-6.79257e-05
2.73152e-05
-6.74256e-05
2.88095e-05
-6.69243e-05
3.02079e-05
-6.63944e-05
3.15075e-05
-6.58089e-05
3.27076e-05
-6.51427e-05
3.38098e-05
-6.4374e-05
3.48178e-05
-6.34843e-05
3.57383e-05
-6.246e-05
3.65808e-05
-6.12926e-05
3.73578e-05
-5.99795e-05
3.80854e-05
-5.85246e-05
3.8783e-05
-5.69376e-05
3.94733e-05
-5.52349e-05
4.01823e-05
-5.34382e-05
4.09393e-05
-5.15744e-05
4.17764e-05
-4.96733e-05
4.27285e-05
-4.77664e-05
4.38336e-05
-4.58841e-05
4.51331e-05
-4.40532e-05
4.66722e-05
-4.2294e-05
4.85007e-05
-4.06174e-05
5.06724e-05
-3.90214e-05
5.32438e-05
-3.74867e-05
5.62713e-05
-3.59717e-05
5.98058e-05
-3.44056e-05
6.38856e-05
-3.26828e-05
6.85253e-05
-3.06576e-05
7.37038e-05
-2.81447e-05
7.93507e-05
-2.49266e-05
8.53355e-05
-2.07728e-05
9.14626e-05
-1.54728e-05
-8.87911e-06
3.01949e-06
-7.31308e-05
4.58174e-06
-8.05761e-05
6.12819e-06
-7.91042e-05
7.76686e-06
-7.76261e-05
9.46404e-06
-7.63033e-05
1.11924e-05
-7.51003e-05
1.29317e-05
-7.40084e-05
1.46649e-05
-7.30249e-05
1.63767e-05
-7.21454e-05
1.80525e-05
-7.13609e-05
1.96793e-05
-7.06577e-05
2.12447e-05
-7.00177e-05
2.27383e-05
-6.94194e-05
2.41512e-05
-6.88384e-05
2.54763e-05
-6.82494e-05
2.67085e-05
-6.76266e-05
2.7845e-05
-6.69453e-05
2.88851e-05
-6.61828e-05
2.98306e-05
-6.53195e-05
3.0686e-05
-6.43397e-05
3.14587e-05
-6.32326e-05
3.2159e-05
-6.19928e-05
3.28003e-05
-6.06209e-05
3.33996e-05
-5.91238e-05
3.39768e-05
-5.75148e-05
3.45554e-05
-5.58134e-05
3.51616e-05
-5.40445e-05
3.58251e-05
-5.22379e-05
3.65782e-05
-5.04264e-05
3.74561e-05
-4.86443e-05
3.84972e-05
-4.69253e-05
3.97436e-05
-4.52996e-05
4.12414e-05
-4.37918e-05
4.30413e-05
-4.24174e-05
4.51988e-05
-4.11789e-05
4.77728e-05
-4.00607e-05
5.08232e-05
-3.90221e-05
5.44062e-05
-3.79886e-05
5.85665e-05
-3.68431e-05
6.33266e-05
-3.54176e-05
6.86724e-05
-3.34905e-05
7.4538e-05
-3.07923e-05
8.07908e-05
-2.70256e-05
8.72221e-05
-2.19041e-05
-1.5207e-05
2.58158e-06
-7.57123e-05
3.80993e-06
-8.18045e-05
5.11314e-06
-8.04074e-05
6.52219e-06
-7.90351e-05
7.99303e-06
-7.77741e-05
9.49806e-06
-7.66053e-05
1.10178e-05
-7.55281e-05
1.25361e-05
-7.45432e-05
1.40378e-05
-7.36472e-05
1.55091e-05
-7.28321e-05
1.69366e-05
-7.20852e-05
1.83082e-05
-7.13893e-05
1.96131e-05
-7.07243e-05
2.08424e-05
-7.00677e-05
2.19887e-05
-6.93958e-05
2.30471e-05
-6.8685e-05
2.40146e-05
-6.79129e-05
2.4891e-05
-6.70592e-05
2.56785e-05
-6.6107e-05
2.63823e-05
-6.50435e-05
2.70104e-05
-6.38607e-05
2.75738e-05
-6.25562e-05
2.80868e-05
-6.11339e-05
2.85668e-05
-5.96038e-05
2.90343e-05
-5.79824e-05
2.9513e-05
-5.62921e-05
3.00294e-05
-5.45609e-05
3.06128e-05
-5.28213e-05
3.12953e-05
-5.11089e-05
3.21117e-05
-4.94608e-05
3.31003e-05
-4.79138e-05
3.43024e-05
-4.65017e-05
3.57641e-05
-4.52535e-05
3.75361e-05
-4.41894e-05
3.96743e-05
-4.33171e-05
4.22389e-05
-4.26254e-05
4.52928e-05
-4.20759e-05
4.88964e-05
-4.15922e-05
5.31007e-05
-4.10474e-05
5.79359e-05
-4.02528e-05
6.33959e-05
-3.89505e-05
6.94202e-05
-3.68165e-05
7.58748e-05
-3.34802e-05
8.25383e-05
-2.85676e-05
-2.17695e-05
2.11541e-06
-7.78277e-05
3.03962e-06
-8.27287e-05
4.10501e-06
-8.14728e-05
5.2806e-06
-8.02107e-05
6.5184e-06
-7.90119e-05
7.79222e-06
-7.78791e-05
9.08396e-06
-7.68199e-05
1.03783e-05
-7.58375e-05
1.16609e-05
-7.49298e-05
1.29181e-05
-7.40894e-05
1.41371e-05
-7.33042e-05
1.5306e-05
-7.25581e-05
1.6414e-05
-7.18324e-05
1.74524e-05
-7.1106e-05
1.8414e-05
-7.03574e-05
1.9294e-05
-6.9565e-05
2.00899e-05
-6.87088e-05
2.08019e-05
-6.77712e-05
2.14329e-05
-6.67379e-05
2.19884e-05
-6.5599e-05
2.24772e-05
-6.43495e-05
2.2911e-05
-6.299e-05
2.33045e-05
-6.15275e-05
2.36757e-05
-5.99749e-05
2.40451e-05
-5.83518e-05
2.44363e-05
-5.66833e-05
2.48757e-05
-5.50002e-05
2.53918e-05
-5.33374e-05
2.6016e-05
-5.17331e-05
2.67822e-05
-5.0227e-05
2.7727e-05
-4.88586e-05
2.88908e-05
-4.76655e-05
3.03181e-05
-4.66808e-05
3.20586e-05
-4.59298e-05
3.41674e-05
-4.54259e-05
3.6705e-05
-4.51631e-05
3.97358e-05
-4.51067e-05
4.33237e-05
-4.51801e-05
4.75255e-05
-4.52492e-05
5.2379e-05
-4.51063e-05
5.78873e-05
-4.44588e-05
6.39974e-05
-4.29267e-05
7.05771e-05
-4.00599e-05
7.73942e-05
-3.53847e-05
-2.84868e-05
1.64377e-06
-7.94715e-05
2.29436e-06
-8.33793e-05
3.12684e-06
-8.23053e-05
4.0665e-06
-8.11504e-05
5.0668e-06
-8.00122e-05
6.10431e-06
-7.89166e-05
7.16261e-06
-7.78782e-05
8.22739e-06
-7.69023e-05
9.28509e-06
-7.59875e-05
1.03226e-05
-7.51269e-05
1.13275e-05
-7.43091e-05
1.22883e-05
-7.35189e-05
1.31948e-05
-7.27389e-05
1.40384e-05
-7.19497e-05
1.48126e-05
-7.11316e-05
1.5513e-05
-7.02654e-05
1.61376e-05
-6.93334e-05
1.66872e-05
-6.83207e-05
1.71651e-05
-6.72158e-05
1.75778e-05
-6.60118e-05
1.79343e-05
-6.4706e-05
1.82468e-05
-6.33026e-05
1.85306e-05
-6.18112e-05
1.88035e-05
-6.02478e-05
1.90861e-05
-5.86344e-05
1.94017e-05
-5.69989e-05
1.97756e-05
-5.53741e-05
2.02356e-05
-5.37974e-05
2.08114e-05
-5.23089e-05
2.15352e-05
-5.09507e-05
2.24415e-05
-4.97649e-05
2.35683e-05
-4.87924e-05
2.49577e-05
-4.80702e-05
2.66569e-05
-4.7629e-05
2.87191e-05
-4.7488e-05
3.12035e-05
-4.76475e-05
3.41746e-05
-4.80777e-05
3.76982e-05
-4.87038e-05
4.18359e-05
-4.93869e-05
4.66334e-05
-4.99038e-05
5.21043e-05
-4.99297e-05
5.82071e-05
-4.90295e-05
6.4817e-05
-4.66698e-05
7.16977e-05
-4.22655e-05
-3.52775e-05
1.18106e-06
-8.06526e-05
1.58962e-06
-8.37878e-05
2.19456e-06
-8.29102e-05
2.89773e-06
-8.18535e-05
3.65876e-06
-8.07733e-05
4.45794e-06
-7.97158e-05
5.28068e-06
-7.87009e-05
6.11372e-06
-7.77353e-05
6.94424e-06
-7.6818e-05
7.75975e-06
-7.59424e-05
8.54842e-06
-7.50977e-05
9.29935e-06
-7.42699e-05
1.00029e-05
-7.34425e-05
1.06513e-05
-7.2598e-05
1.12385e-05
-7.17187e-05
1.17607e-05
-7.07876e-05
1.22167e-05
-6.97894e-05
1.26078e-05
-6.87119e-05
1.29381e-05
-6.75461e-05
1.32143e-05
-6.62879e-05
1.34464e-05
-6.49381e-05
1.36469e-05
-6.35031e-05
1.38308e-05
-6.19951e-05
1.40158e-05
-6.04329e-05
1.42222e-05
-5.88408e-05
1.44722e-05
-5.72489e-05
1.479e-05
-5.5692e-05
1.52018e-05
-5.42092e-05
1.57353e-05
-5.28424e-05
1.64201e-05
-5.16355e-05
1.72881e-05
-5.06329e-05
1.83739e-05
-4.98781e-05
1.97159e-05
-4.94122e-05
2.13575e-05
-4.92706e-05
2.3348e-05
-4.94785e-05
2.57433e-05
-5.00429e-05
2.86059e-05
-5.09403e-05
3.20018e-05
-5.20997e-05
3.59959e-05
-5.3381e-05
4.06419e-05
-5.45499e-05
4.59664e-05
-5.52542e-05
5.19444e-05
-5.50075e-05
5.84673e-05
-5.31928e-05
6.53072e-05
-4.91053e-05
-4.20613e-05
7.37246e-07
-8.13898e-05
9.36379e-07
-8.39869e-05
1.31899e-06
-8.32928e-05
1.78695e-06
-8.23215e-05
2.30981e-06
-8.12961e-05
2.87187e-06
-8.02779e-05
3.46027e-06
-7.92893e-05
4.06271e-06
-7.83378e-05
4.66708e-06
-7.74224e-05
5.26161e-06
-7.6537e-05
5.83513e-06
-7.56713e-05
6.37751e-06
-7.48122e-05
6.87991e-06
-7.39449e-05
7.33523e-06
-7.30533e-05
7.73827e-06
-7.21217e-05
8.0861e-06
-7.11354e-05
8.37817e-06
-7.00815e-05
8.61641e-06
-6.89501e-05
8.80581e-06
-6.77355e-05
8.95351e-06
-6.64356e-05
9.06961e-06
9.16652e-06
9.25957e-06
9.36582e-06
9.50452e-06
9.69671e-06
9.96496e-06
1.03332e-05
1.08265e-05
1.14714e-05
1.22961e-05
1.33309e-05
1.46094e-05
1.61697e-05
1.80552e-05
2.03166e-05
2.30113e-05
2.62033e-05
2.9959e-05
3.43394e-05
3.93862e-05
4.50974e-05
5.13929e-05
5.80688e-05
3.22963e-07
3.43333e-07
5.06518e-07
7.42279e-07
1.03105e-06
1.36047e-06
1.71901e-06
2.09516e-06
2.47753e-06
2.85508e-06
3.21749e-06
3.55546e-06
3.86106e-06
4.12806e-06
4.3522e-06
4.53139e-06
4.66591e-06
4.75866e-06
4.8145e-06
)
;

boundaryField
{
    leftWall
    {
        type            calculated;
        value           uniform 0;
    }
    rightWall
    {
        type            calculated;
        value           nonuniform 0();
    }
    lowerWall
    {
        type            calculated;
        value           uniform 0;
    }
    atmosphere
    {
        type            calculated;
        value           nonuniform 0();
    }
    defaultFaces
    {
        type            empty;
        value           nonuniform 0();
    }
    procBoundary0to1
    {
        type            processor;
        value           nonuniform List<scalar> 
44
(
-1.65561e-05
-4.15725e-06
6.94319e-06
1.43369e-05
1.93119e-05
2.30688e-05
2.66084e-05
3.07213e-05
3.62126e-05
4.36498e-05
5.41376e-05
6.34948e-05
7.00302e-05
7.46072e-05
7.78516e-05
7.99409e-05
8.1021e-05
8.12459e-05
8.07602e-05
7.97266e-05
-4.23695e-05
8.18216e-05
8.02617e-05
7.90075e-05
7.85021e-05
7.90556e-05
7.92507e-05
8.0284e-05
8.63071e-05
9.31761e-05
9.88459e-05
0.000102779
0.00010501
0.000105725
0.000105126
0.00010342
0.00010081
9.74753e-05
9.355e-05
8.91008e-05
8.41115e-05
7.84883e-05
7.20909e-05
6.47699e-05
)
;
    }
    procBoundary0to2
    {
        type            processor;
        value           nonuniform List<scalar> 
46
(
-6.50542e-05
-6.36e-05
-6.20882e-05
-6.05392e-05
-5.89795e-05
-5.74411e-05
-5.59602e-05
-5.45774e-05
-5.33358e-05
-5.22805e-05
-5.14576e-05
-5.0913e-05
-5.06908e-05
-5.08308e-05
-5.13641e-05
-5.23042e-05
-5.3635e-05
-5.52917e-05
-5.71367e-05
-5.89303e-05
-6.03009e-05
-6.07188e-05
-5.94882e-05
-5.57812e-05
-4.87624e-05
-8.17128e-05
-8.40073e-05
-8.3456e-05
-8.25572e-05
-8.15849e-05
-8.06073e-05
-7.96478e-05
-7.87139e-05
-7.78047e-05
-7.69145e-05
-7.60336e-05
-7.51501e-05
-7.42504e-05
-7.33203e-05
-7.23459e-05
-7.13146e-05
-7.0216e-05
-6.90428e-05
-6.77913e-05
4.84123e-06
-6.64624e-05
)
;
    }
}


// ************************************************************************* //
