/*--------------------------------*- C++ -*----------------------------------*\
  =========                 |
  \\      /  F ield         | OpenFOAM: The Open Source CFD Toolbox
   \\    /   O peration     | Website:  https://openfoam.org
    \\  /    A nd           | Version:  7
     \\/     M anipulation  |
\*---------------------------------------------------------------------------*/
FoamFile
{
    version     2.0;
    format      ascii;
    class       surfaceScalarField;
    location    "0.3";
    object      phi;
}
// * * * * * * * * * * * * * * * * * * * * * * * * * * * * * * * * * * * * * //

dimensions      [0 3 -1 0 0 0 0];

internalField   nonuniform List<scalar> 
3731
(
-1.3835e-05
-2.65506e-06
-1.3835e-05
-5.38042e-06
1.25897e-06
-1.92155e-05
3.96449e-06
9.19912e-06
-1.5251e-05
9.94974e-06
1.94417e-05
-5.30123e-06
1.36867e-05
3.11757e-05
8.38549e-06
1.63778e-05
4.3943e-05
2.47633e-05
1.89471e-05
5.75735e-05
4.37104e-05
2.23908e-05
7.18685e-05
6.61012e-05
2.83251e-05
8.59566e-05
9.44263e-05
3.79645e-05
9.84124e-05
0.000132391
-9.51352e-08
9.51351e-08
-2.14884e-06
2.05369e-06
-4.80057e-06
2.65173e-06
-7.23016e-06
2.42961e-06
-9.1008e-06
1.87067e-06
-1.02423e-05
1.14144e-06
-1.0732e-05
4.89762e-07
-1.07018e-05
-3.02876e-08
-1.02894e-05
-4.12435e-07
-9.60161e-06
-6.87778e-07
-8.72551e-06
-8.76088e-07
-7.73035e-06
-9.95153e-07
-6.67226e-06
-1.0581e-06
-5.59709e-06
-1.07515e-06
-4.54211e-06
-1.05497e-06
-3.53609e-06
-1.00598e-06
-2.59733e-06
-9.38767e-07
-1.74105e-06
-8.56293e-07
-9.80744e-07
-7.60288e-07
-3.17886e-07
-6.6289e-07
2.49755e-07
-5.67655e-07
7.27016e-07
-4.77265e-07
1.11421e-06
-3.872e-07
1.41772e-06
-3.03538e-07
1.64169e-06
-2.23986e-07
1.78878e-06
-1.47101e-07
1.86423e-06
-7.54197e-08
1.87063e-06
-6.35693e-09
1.81561e-06
5.50817e-08
1.70293e-06
1.12627e-07
1.53856e-06
1.64389e-07
1.33053e-06
2.08029e-07
1.08348e-06
2.47005e-07
8.05752e-07
2.77688e-07
5.10536e-07
2.95233e-07
2.19143e-07
2.91371e-07
-3.64012e-08
2.55527e-07
-2.08546e-07
1.72159e-07
-2.17429e-07
8.84123e-09
-2.1746e-07
-1.52153e-06
1.61671e-06
-4.02437e-06
4.55657e-06
-6.66369e-06
5.29103e-06
-8.83521e-06
4.60108e-06
-1.03211e-05
3.35664e-06
-1.11845e-05
2.00475e-06
-1.15134e-05
8.18591e-07
-1.14201e-05
-1.23549e-07
-1.0989e-05
-8.43574e-07
-1.0301e-05
-1.37574e-06
-9.42954e-06
-1.74756e-06
-8.43844e-06
-1.98625e-06
-7.3809e-06
-2.11562e-06
-6.30046e-06
-2.15554e-06
-5.23213e-06
-2.12329e-06
-4.20323e-06
-2.03489e-06
-3.23665e-06
-1.90534e-06
-2.3474e-06
-1.74557e-06
-1.54248e-06
-1.56522e-06
-8.27637e-07
-1.37775e-06
-2.07051e-07
-1.18827e-06
3.1897e-07
-1.00333e-06
7.55079e-07
-8.23313e-07
1.10266e-06
-6.5112e-07
1.36864e-06
-4.89965e-07
1.55819e-06
-3.36583e-07
1.67513e-06
-1.92274e-07
1.72513e-06
-5.64102e-08
1.71154e-06
6.86678e-08
1.64102e-06
1.83154e-07
1.52019e-06
2.85176e-07
1.35343e-06
3.74736e-07
1.14812e-06
4.5233e-07
9.12643e-07
5.13149e-07
6.57958e-07
5.49919e-07
4.02372e-07
5.46985e-07
1.69815e-07
4.8802e-07
-1.0858e-08
3.52746e-07
-1.00682e-07
9.86405e-08
-3.18169e-07
-2.61237e-06
4.22907e-06
-5.27402e-06
7.21824e-06
-7.67304e-06
7.69004e-06
-9.56878e-06
6.49677e-06
-1.0867e-05
4.65492e-06
-1.16173e-05
2.75505e-06
-1.18835e-05
1.08476e-06
-1.17415e-05
-2.65519e-07
-1.12757e-05
-1.30936e-06
-1.05685e-05
-2.08299e-06
-9.69108e-06
-2.62495e-06
-8.70364e-06
-2.9737e-06
-7.65553e-06
-3.16368e-06
-6.58681e-06
-3.22427e-06
-5.52942e-06
-3.18064e-06
-4.50902e-06
-3.05528e-06
-3.54617e-06
-2.86824e-06
-2.65509e-06
-2.63662e-06
-1.84457e-06
-2.37578e-06
-1.12121e-06
-2.10117e-06
-4.87572e-07
-1.82189e-06
5.47769e-08
-1.54561e-06
5.0815e-07
-1.27668e-06
8.76179e-07
-1.01915e-06
1.16279e-06
-7.76555e-07
1.37411e-06
-5.47941e-07
1.51491e-06
-3.33115e-07
1.59069e-06
-1.32158e-07
1.60601e-06
5.33327e-08
1.56701e-06
2.22135e-07
1.47964e-06
3.72607e-07
1.35012e-06
5.04288e-07
1.18598e-06
6.16456e-07
9.95113e-07
7.04075e-07
7.87096e-07
7.57948e-07
5.72147e-07
7.6184e-07
3.63036e-07
6.97143e-07
1.73246e-07
5.42556e-07
2.18523e-08
2.49988e-07
-2.9633e-07
-3.25323e-06
7.48227e-06
-6.17122e-06
1.01362e-05
-8.5645e-06
1.00833e-05
-1.03555e-05
8.28772e-06
-1.15361e-05
5.83557e-06
-1.21628e-05
3.38171e-06
-1.2313e-05
1.23502e-06
-1.20718e-05
-5.06669e-07
-1.15284e-05
-1.85285e-06
-1.07646e-05
-2.84675e-06
-9.85009e-06
-3.53948e-06
-8.84183e-06
-3.98197e-06
-7.78565e-06
-4.21981e-06
-6.71782e-06
-4.29206e-06
-5.6668e-06
-4.23169e-06
-4.65492e-06
-4.06714e-06
-3.6998e-06
-3.82338e-06
-2.81433e-06
-3.52212e-06
-2.00721e-06
-3.18291e-06
-1.28469e-06
-2.82363e-06
-6.49622e-07
-2.45695e-06
-1.02946e-07
-2.09232e-06
3.57015e-07
-1.73664e-06
7.3363e-07
-1.39578e-06
1.03073e-06
-1.07367e-06
1.25386e-06
-7.71046e-07
1.40852e-06
-4.87807e-07
1.50042e-06
-2.24045e-07
1.53489e-06
1.88671e-08
1.51784e-06
2.39169e-07
1.45526e-06
4.35192e-07
1.35372e-06
6.05895e-07
1.2206e-06
7.49578e-07
1.06328e-06
8.61341e-07
8.89338e-07
9.31869e-07
7.05076e-07
9.46123e-07
5.16325e-07
8.85867e-07
3.29667e-07
7.29206e-07
1.49108e-07
4.3053e-07
-1.4724e-07
-3.83049e-06
1.13127e-05
-7.10032e-06
1.3406e-05
-9.63082e-06
1.26139e-05
-1.13884e-05
1.00453e-05
-1.2447e-05
6.89425e-06
-1.29119e-05
3.84664e-06
-1.28946e-05
1.21762e-06
-1.25014e-05
-8.99789e-07
-1.18311e-05
-2.52321e-06
-1.09681e-05
-3.70974e-06
-9.98101e-06
-4.52662e-06
-8.92362e-06
-5.03932e-06
-7.83775e-06
-5.30568e-06
-6.75534e-06
-5.37448e-06
-5.70062e-06
-5.28641e-06
-4.69212e-06
-5.07568e-06
-3.74393e-06
-4.77156e-06
-2.86658e-06
-4.39945e-06
-2.06745e-06
-3.98208e-06
-1.35161e-06
-3.53947e-06
-7.21536e-07
-3.08699e-06
-1.77633e-07
-2.63621e-06
2.81733e-07
-2.19599e-06
6.59586e-07
-1.77364e-06
9.59939e-07
-1.37409e-06
1.1881e-06
-9.99259e-07
1.34985e-06
-6.49555e-07
1.4511e-06
-3.25269e-07
1.49752e-06
-2.75852e-08
1.49512e-06
2.41631e-07
1.44984e-06
4.80506e-07
1.36805e-06
6.87613e-07
1.25664e-06
8.60954e-07
1.12219e-06
9.95826e-07
9.70415e-07
1.08361e-06
8.05246e-07
1.11122e-06
6.28843e-07
1.06228e-06
4.42185e-07
9.15862e-07
2.40525e-07
6.32163e-07
9.32777e-08
-4.68523e-06
1.59979e-05
-8.41792e-06
1.71387e-05
-1.1119e-05
1.5315e-05
-1.28177e-05
1.1744e-05
-1.36943e-05
7.77084e-06
-1.39276e-05
4.07999e-06
-1.36744e-05
9.64381e-07
-1.30667e-05
-1.5075e-06
-1.22147e-05
-3.37522e-06
-1.12063e-05
-4.71812e-06
-1.01089e-05
-5.62406e-06
-8.97266e-06
-6.17553e-06
-7.83452e-06
-6.44383e-06
-6.72118e-06
-6.48785e-06
-5.65183e-06
-6.35576e-06
-4.64031e-06
-6.08725e-06
-3.69656e-06
-5.71532e-06
-2.82787e-06
-5.26815e-06
-2.03933e-06
-4.77061e-06
-1.33429e-06
-4.24448e-06
-7.14164e-07
-3.70712e-06
-1.78604e-07
-3.17184e-06
2.7427e-07
-2.64893e-06
6.47547e-07
-2.14691e-06
9.45372e-07
-1.67186e-06
1.17295e-06
-1.22684e-06
1.33616e-06
-8.12763e-07
1.44103e-06
-4.30103e-07
1.49346e-06
-8.00553e-08
1.49938e-06
2.35662e-07
1.46464e-06
5.1525e-07
1.39526e-06
7.57039e-07
1.29733e-06
9.58882e-07
1.17642e-06
1.11668e-06
1.03687e-06
1.22311e-06
8.80901e-07
1.26721e-06
7.0814e-07
1.23505e-06
5.15096e-07
1.10889e-06
2.89648e-07
8.57588e-07
3.82928e-07
-6.23456e-06
2.22325e-05
-1.04919e-05
2.13959e-05
-1.3261e-05
1.80842e-05
-1.47707e-05
1.32537e-05
-1.53459e-05
8.34599e-06
-1.5247e-05
3.98107e-06
-1.46741e-05
3.91518e-07
-1.37815e-05
-2.40014e-06
-1.26892e-05
-4.46758e-06
-1.14875e-05
-5.91991e-06
-1.02415e-05
-6.87006e-06
-8.9967e-06
-7.42028e-06
-7.78401e-06
-7.65653e-06
-6.62375e-06
-7.64814e-06
-5.52899e-06
-7.45053e-06
-4.50798e-06
-7.10831e-06
-3.56577e-06
-6.65755e-06
-2.70565e-06
-6.12831e-06
-1.92964e-06
-5.54662e-06
-1.23881e-06
-4.93529e-06
-6.32977e-07
-4.31299e-06
-1.10646e-07
-3.69413e-06
3.30611e-07
-3.09014e-06
6.94137e-07
-2.51044e-06
9.84237e-07
-1.96197e-06
1.20616e-06
-1.44875e-06
1.36577e-06
-9.72389e-07
1.46909e-06
-5.33511e-07
1.52213e-06
-1.33122e-07
1.5307e-06
2.27167e-07
1.50039e-06
5.45603e-07
1.43672e-06
8.20675e-07
1.34505e-06
1.05054e-06
1.22997e-06
1.2318e-06
1.09463e-06
1.35846e-06
9.40025e-07
1.42181e-06
7.64262e-07
1.41081e-06
5.61504e-07
1.31165e-06
3.17406e-07
1.10166e-06
7.00322e-07
-9.05607e-06
3.12886e-05
-1.37093e-05
2.60491e-05
-1.62366e-05
2.06115e-05
-1.73088e-05
1.43259e-05
-1.74121e-05
8.44924e-06
-1.68633e-05
3.43228e-06
-1.58837e-05
-5.88136e-07
-1.46373e-05
-3.64658e-06
-1.32484e-05
-5.85652e-06
-1.18073e-05
-7.36096e-06
-1.03761e-05
-8.30126e-06
-8.99461e-06
-8.80181e-06
-7.68646e-06
-8.96471e-06
-6.46445e-06
-8.87016e-06
-5.3345e-06
-8.58051e-06
-4.29824e-06
-8.14457e-06
-3.35509e-06
-7.60069e-06
-2.50357e-06
-6.97982e-06
-1.74199e-06
-6.30818e-06
-1.06855e-06
-5.60868e-06
-4.81052e-07
-4.90055e-06
2.34329e-08
-4.19864e-06
4.48221e-07
-3.51489e-06
7.97143e-07
-2.85931e-06
1.07468e-06
-2.23958e-06
1.28614e-06
-1.66031e-06
1.43738e-06
-1.12361e-06
1.53436e-06
-6.3043e-07
1.58299e-06
-1.81736e-07
1.5889e-06
2.21213e-07
1.55741e-06
5.77063e-07
1.49353e-06
8.8459e-07
1.40188e-06
1.14229e-06
1.28612e-06
1.34756e-06
1.14858e-06
1.49598e-06
9.89401e-07
1.58098e-06
8.05907e-07
1.59432e-06
5.91508e-07
1.52604e-06
3.32343e-07
1.3608e-06
1.03264e-06
-1.43472e-05
4.56358e-05
-1.84697e-05
3.01716e-05
-2.00781e-05
2.22198e-05
-2.03558e-05
1.46035e-05
-1.98024e-05
7.89582e-06
-1.87015e-05
2.33128e-06
-1.72482e-05
-2.04144e-06
-1.55961e-05
-5.29867e-06
-1.38664e-05
-7.58615e-06
-1.21484e-05
-9.07899e-06
-1.05009e-05
-9.94877e-06
-8.95814e-06
-1.03445e-05
-7.53642e-06
-1.03865e-05
-6.24007e-06
-1.01665e-05
-5.06686e-06
-9.75375e-06
-4.01096e-06
-9.20044e-06
-3.06534e-06
-8.54629e-06
-2.2231e-06
-7.8221e-06
-1.47816e-06
-7.05314e-06
-8.25491e-07
-6.26138e-06
-2.60349e-07
-5.46566e-06
2.21783e-07
-4.68072e-06
6.25368e-07
-3.9185e-06
9.549e-07
-3.1889e-06
1.21521e-06
-2.49988e-06
1.41163e-06
-1.85667e-06
1.5499e-06
-1.26186e-06
1.63588e-06
-7.16481e-07
1.67536e-06
-2.21253e-07
1.67374e-06
2.22876e-07
1.63597e-06
6.14899e-07
1.56656e-06
9.54012e-07
1.46944e-06
1.23938e-06
1.34763e-06
1.46934e-06
1.20275e-06
1.64086e-06
1.03444e-06
1.74931e-06
8.39785e-07
1.78899e-06
6.1244e-07
1.75336e-06
3.40318e-07
1.63291e-06
1.37296e-06
-2.12246e-05
6.68604e-05
-2.4544e-05
3.34909e-05
-2.44434e-05
2.21191e-05
-2.36012e-05
1.37613e-05
-2.2284e-05
6.57858e-06
-2.05996e-05
6.46924e-07
-1.8659e-05
-3.98205e-06
-1.65861e-05
-7.37155e-06
-1.44959e-05
-9.67626e-06
-1.24788e-05
-1.10961e-05
-1.05939e-05
-1.18337e-05
-8.8722e-06
-1.20663e-05
-7.32342e-06
-1.19353e-05
-5.94359e-06
-1.15463e-05
-4.72167e-06
-1.09757e-05
-3.64371e-06
-1.02785e-05
-2.69554e-06
-9.49452e-06
-1.86423e-06
-8.65342e-06
-1.13883e-06
-7.77839e-06
-5.10647e-07
-6.88954e-06
2.77629e-08
-6.00413e-06
4.82982e-07
-5.136e-06
8.60668e-07
-4.29615e-06
1.16613e-06
-3.49428e-06
1.40455e-06
-2.73829e-06
1.58135e-06
-2.03352e-06
1.7022e-06
-1.38272e-06
1.77276e-06
-7.87016e-07
1.79861e-06
-2.47034e-07
1.78484e-06
2.36641e-07
1.73607e-06
6.63603e-07
1.65638e-06
1.03367e-06
1.54911e-06
1.34664e-06
1.41672e-06
1.60176e-06
1.26032e-06
1.79726e-06
1.07932e-06
1.93032e-06
8.70901e-07
1.99739e-06
6.29525e-07
1.99472e-06
3.45307e-07
1.91711e-06
1.71827e-06
5.88183e-05
0.000101639
0.000126808
6.44012e-05
7.51523e-05
9.91222e-05
0.000118137
8.38234e-05
8.39113e-05
9.53441e-05
0.00010935
9.26981e-05
8.95792e-05
9.11996e-05
0.000102112
9.68177e-05
9.34361e-05
8.69901e-05
9.63157e-05
9.9232e-05
9.57501e-05
8.28905e-05
9.14526e-05
0.000100613
9.67415e-05
7.89447e-05
8.71354e-05
0.000101059
9.6578e-05
7.51335e-05
8.313e-05
0.000100583
9.53598e-05
7.14271e-05
7.93e-05
9.91898e-05
9.31938e-05
7.55649e-05
9.69288e-05
7.18801e-05
9.39473e-05
6.82375e-05
9.0524e-05
6.47074e-05
8.71172e-05
6.14022e-05
8.43953e-05
5.83011e-05
8.29196e-05
5.43434e-05
8.20731e-05
5.19127e-05
8.02508e-05
5.07016e-05
8.29174e-05
5.07679e-05
8.79502e-05
5.00841e-05
9.34022e-05
4.81538e-05
9.66142e-05
4.52206e-05
9.70652e-05
4.15941e-05
9.51883e-05
3.74792e-05
9.15721e-05
3.29579e-05
8.67119e-05
2.79996e-05
8.08813e-05
2.24832e-05
7.40452e-05
1.62962e-05
6.57712e-05
9.41598e-06
5.56115e-05
1.75431e-06
4.38639e-05
-6.7011e-06
3.08325e-05
-1.5203e-05
1.55065e-05
-1.53293e-06
-2.70506e-05
9.14518e-05
-7.61859e-05
4.91353e-05
-8.7836e-05
1.16501e-05
-1.59451e-05
-7.18909e-05
6.75036e-05
0.000107772
2.74564e-05
8.91825e-05
-2.36873e-05
6.27937e-05
1.838e-05
-5.80124e-05
9.26471e-05
0.000107823
7.95726e-05
0.000102257
5.32738e-05
8.90926e-05
6.5713e-05
5.94086e-06
0.00010163
0.00010301
9.95674e-05
0.00010432
8.89996e-05
9.96604e-05
8.90516e-05
6.56609e-05
0.000104472
9.77703e-05
0.000106843
0.000101948
0.000103913
0.000102591
9.88658e-05
9.40987e-05
0.000105246
9.31378e-05
0.000108825
9.83686e-05
0.000109595
0.000101821
0.000102463
0.000105999
0.000105143
8.90538e-05
0.000108768
9.47438e-05
0.000111049
9.95391e-05
0.000102807
0.000110705
0.000104329
8.53085e-05
0.00010779
9.12828e-05
0.000110571
9.67576e-05
0.000101488
0.00011189
0.00010276
8.17377e-05
0.000106119
8.79239e-05
0.000109075
9.38023e-05
9.93452e-05
0.000111218
0.000100427
7.82391e-05
0.00010377
8.4581e-05
0.000106836
9.07362e-05
9.67615e-05
0.00010942
9.74251e-05
7.47613e-05
0.000100799
8.12073e-05
0.000103974
8.75606e-05
9.3907e-05
0.000106829
9.39844e-05
7.13009e-05
9.73855e-05
7.78062e-05
0.00010065
8.42957e-05
9.08718e-05
0.000103686
9.04908e-05
6.79273e-05
9.38532e-05
7.44437e-05
9.71366e-05
8.10123e-05
8.77527e-05
0.000100256
8.75103e-05
6.48123e-05
9.06639e-05
7.12901e-05
9.38187e-05
7.78575e-05
8.4699e-05
9.68724e-05
8.56493e-05
6.20825e-05
8.838e-05
6.85594e-05
9.11628e-05
7.50747e-05
8.1938e-05
9.39237e-05
8.51151e-05
5.90405e-05
8.73834e-05
6.62911e-05
8.95655e-05
7.28927e-05
7.97337e-05
9.17698e-05
8.47705e-05
5.45208e-05
8.71687e-05
6.38929e-05
8.89795e-05
7.10819e-05
7.81599e-05
9.05533e-05
8.46688e-05
5.27693e-05
8.67259e-05
6.18359e-05
8.88471e-05
6.89606e-05
7.69099e-05
9.00971e-05
8.68642e-05
5.38554e-05
8.78292e-05
6.08709e-05
8.98033e-05
6.69865e-05
7.66833e-05
9.003e-05
9.22944e-05
5.49632e-05
9.12137e-05
6.19515e-05
9.12534e-05
6.69469e-05
7.78185e-05
9.01182e-05
9.6661e-05
5.49164e-05
9.50848e-05
6.35277e-05
9.15505e-05
7.04812e-05
7.95934e-05
8.97756e-05
9.80025e-05
5.39791e-05
9.68711e-05
6.4659e-05
9.31313e-05
7.42208e-05
8.29457e-05
8.9779e-05
9.65845e-05
5.25829e-05
9.56485e-05
6.5595e-05
9.22359e-05
7.76336e-05
8.78918e-05
8.72897e-05
9.31576e-05
5.09974e-05
9.20984e-05
6.66543e-05
8.84784e-05
8.12536e-05
9.35633e-05
8.28069e-05
8.83568e-05
4.93525e-05
8.70057e-05
6.80055e-05
8.29515e-05
8.53078e-05
9.96497e-05
7.68652e-05
8.26068e-05
4.7627e-05
8.086e-05
6.97523e-05
7.60158e-05
9.0152e-05
0.000105593
7.00728e-05
7.61378e-05
4.55344e-05
7.4191e-05
7.16991e-05
6.77439e-05
9.65992e-05
0.000111101
6.22356e-05
6.8813e-05
4.24927e-05
6.78432e-05
7.26688e-05
6.00388e-05
0.000104404
0.000116256
5.48837e-05
5.99657e-05
3.81386e-05
6.0588e-05
7.20464e-05
5.2119e-05
0.000112873
0.000120377
4.79979e-05
4.97362e-05
3.22663e-05
5.19233e-05
6.98594e-05
4.56379e-05
0.000119158
0.000122184
4.38308e-05
3.87758e-05
2.4323e-05
4.49722e-05
6.36629e-05
4.27102e-05
0.00012142
0.000122652
4.2242e-05
2.47908e-05
1.50388e-05
3.4837e-05
5.36167e-05
4.13891e-05
0.000114868
0.000122035
4.20063e-05
7.31166e-06
1.96978e-05
3.9842e-05
4.19451e-05
-3.92064e-05
3.41758e-05
-3.19894e-05
2.62739e-05
-2.89853e-05
1.91151e-05
-2.69168e-05
1.16929e-05
-2.4919e-05
4.5808e-06
-2.27239e-05
-1.54812e-06
-2.03256e-05
-6.38037e-06
-1.78244e-05
-9.87282e-06
-1.53422e-05
-1.21585e-05
-1.29824e-05
-1.34559e-05
-1.08136e-05
-1.40025e-05
-8.86909e-06
-1.40108e-05
-7.15517e-06
-1.36493e-05
-5.66044e-06
-1.30411e-05
-4.36468e-06
-1.22715e-05
-3.24499e-06
-1.13981e-05
-2.27913e-06
-1.04603e-05
-1.44728e-06
-9.4853e-06
-7.32979e-07
-8.49273e-06
-1.23186e-07
-7.49937e-06
3.92726e-07
-6.51997e-06
8.23404e-07
-5.56664e-06
1.17624e-06
-4.64901e-06
1.45751e-06
-3.77558e-06
1.67293e-06
-2.9537e-06
1.82811e-06
-2.18865e-06
1.92868e-06
-1.48324e-06
1.98023e-06
-8.38587e-07
1.98812e-06
-2.54971e-07
1.95723e-06
2.67488e-07
1.89189e-06
7.28933e-07
1.79582e-06
1.12978e-06
1.67198e-06
1.4705e-06
1.52242e-06
1.75133e-06
1.34794e-06
1.97173e-06
1.14781e-06
2.13046e-06
9.19425e-07
2.22576e-06
6.58113e-07
2.25601e-06
3.56153e-07
2.21905e-06
2.07441e-06
-4.20516e-05
1.8215e-05
-3.40701e-05
1.82924e-05
-3.05573e-05
1.56023e-05
-2.8509e-05
9.64454e-06
-2.65163e-05
2.58811e-06
-2.41876e-05
-3.87676e-06
-2.15442e-05
-9.02374e-06
-1.87349e-05
-1.26821e-05
-1.59281e-05
-1.49653e-05
-1.3263e-05
-1.61211e-05
-1.08316e-05
-1.64339e-05
-8.67827e-06
-1.61642e-05
-6.81029e-06
-1.55171e-05
-5.21152e-06
-1.46399e-05
-3.85341e-06
-1.36296e-05
-2.70415e-06
-1.25474e-05
-1.73318e-06
-1.14313e-05
-9.13432e-07
-1.0305e-05
-2.22649e-07
-9.18348e-06
3.56838e-07
-8.07889e-06
8.38954e-07
-7.0021e-06
1.23474e-06
-5.96243e-06
1.55316e-06
-4.96741e-06
1.80151e-06
-4.02391e-06
1.98605e-06
-3.13823e-06
2.11253e-06
-2.31514e-06
2.18653e-06
-1.55727e-06
2.21341e-06
-8.65503e-07
2.19825e-06
-2.39822e-07
2.14564e-06
3.20137e-07
2.05955e-06
8.15073e-07
1.94331e-06
1.24603e-06
1.79953e-06
1.61428e-06
1.62988e-06
1.92094e-06
1.43499e-06
2.16663e-06
1.21408e-06
2.35137e-06
9.64969e-07
2.47486e-06
6.83967e-07
2.53699e-06
3.65442e-07
2.53758e-06
2.43983e-06
-2.0252e-05
4.44078e-05
-2.54093e-05
2.34497e-05
-2.68201e-05
1.70131e-05
-2.72889e-05
1.01135e-05
-2.65334e-05
1.8326e-06
-2.4727e-05
-5.68319e-06
-2.21965e-05
-1.15543e-05
-1.92762e-05
-1.56024e-05
-1.62519e-05
-1.79896e-05
-1.33394e-05
-1.90335e-05
-1.06764e-05
-1.90969e-05
-8.33131e-06
-1.85093e-05
-6.3199e-06
-1.75285e-05
-4.62509e-06
-1.63347e-05
-3.21212e-06
-1.50426e-05
-2.04085e-06
-1.37186e-05
-1.0726e-06
-1.23996e-05
-2.72993e-07
-1.11045e-05
3.86274e-07
-9.84277e-06
9.27669e-07
-8.62028e-06
1.36851e-06
-7.44293e-06
1.72223e-06
-6.31613e-06
1.99941e-06
-5.24455e-06
2.20837e-06
-4.23287e-06
2.35592e-06
-3.28583e-06
2.448e-06
-2.40727e-06
2.49005e-06
-1.59932e-06
2.48721e-06
-8.62605e-07
2.44418e-06
-1.96759e-07
2.36521e-06
3.99113e-07
2.25395e-06
9.26333e-07
2.11335e-06
1.38661e-06
1.94565e-06
1.78197e-06
1.75225e-06
2.11432e-06
1.53362e-06
2.38529e-06
1.28903e-06
2.59596e-06
1.01676e-06
2.74715e-06
7.14048e-07
2.8397e-06
3.77057e-07
2.87458e-06
2.81689e-06
3.04174e-05
7.96513e-05
9.1888e-07
5.29483e-05
-1.436e-05
3.2292e-05
-2.13467e-05
1.71002e-05
-2.3871e-05
4.35689e-06
-2.3694e-05
-5.86015e-06
-2.18994e-05
-1.33489e-05
-1.92138e-05
-1.82879e-05
-1.61605e-05
-2.10429e-05
-1.31059e-05
-2.20882e-05
-1.02729e-05
-2.19299e-05
-7.77426e-06
-2.1008e-05
-5.64505e-06
-1.96578e-05
-3.87292e-06
-1.81068e-05
-2.42022e-06
-1.64953e-05
-1.24013e-06
-1.48987e-05
-2.86448e-07
-1.33533e-05
4.82107e-07
-1.18731e-05
1.09979e-06
-1.04605e-05
1.59375e-06
-9.11419e-06
1.98464e-06
-7.83379e-06
2.28825e-06
-6.61974e-06
2.5167e-06
-5.47301e-06
2.67933e-06
-4.39551e-06
2.78346e-06
-3.38997e-06
2.83517e-06
-2.45895e-06
2.83973e-06
-1.60385e-06
2.80196e-06
-8.24811e-07
2.7262e-06
-1.2102e-07
2.61634e-06
5.08956e-07
2.47561e-06
1.06705e-06
2.3066e-06
1.55563e-06
2.11121e-06
1.97735e-06
1.89059e-06
2.33492e-06
1.64506e-06
2.63083e-06
1.37402e-06
2.86701e-06
1.07611e-06
3.04506e-06
7.49444e-07
3.16639e-06
3.91625e-07
3.23238e-06
3.20851e-06
7.2278e-05
0.000101472
4.06511e-05
8.45752e-05
1.19875e-05
6.09556e-05
-7.23351e-06
3.63212e-05
-1.64676e-05
1.35911e-05
-1.9895e-05
-2.43274e-06
-2.00135e-05
-1.32305e-05
-1.82068e-05
-2.00946e-05
-1.54574e-05
-2.37924e-05
-1.24358e-05
-2.51098e-05
-9.53367e-06
-2.4832e-05
-6.94492e-06
-2.35967e-05
-4.74118e-06
-2.18615e-05
-2.92319e-06
-1.99248e-05
-1.45497e-06
-1.79636e-05
-2.85739e-07
-1.6068e-05
6.36949e-07
-1.4276e-05
1.36034e-06
-1.25965e-05
1.92408e-06
-1.10242e-05
2.35949e-06
-9.5496e-06
2.69046e-06
-8.16479e-06
2.93495e-06
-6.86427e-06
3.10652e-06
-5.64458e-06
3.21539e-06
-4.50434e-06
3.26931e-06
-3.44387e-06
3.27441e-06
-2.46402e-06
3.23577e-06
-1.5652e-06
3.1578e-06
-7.46874e-07
3.04447e-06
-7.70589e-09
2.89921e-06
6.54237e-07
2.72481e-06
1.24147e-06
2.52349e-06
1.75697e-06
2.29678e-06
2.20403e-06
2.04563e-06
2.58608e-06
1.77019e-06
2.90627e-06
1.46996e-06
3.16725e-06
1.1439e-06
3.3711e-06
7.90824e-07
3.51946e-06
4.09526e-07
3.61362e-06
3.618e-06
9.60011e-05
0.000111469
7.63709e-05
0.000104205
4.77524e-05
8.95741e-05
1.94477e-05
6.46258e-05
-1.00032e-06
3.40391e-05
-1.13862e-05
7.9531e-06
-1.55138e-05
-9.10287e-06
-1.57518e-05
-1.98566e-05
-1.38843e-05
-2.56598e-05
-1.11789e-05
-2.78152e-05
-8.3599e-06
-2.7651e-05
-5.77455e-06
-2.6182e-05
-3.55964e-06
-2.40764e-05
-1.7415e-06
-2.1743e-05
-2.92184e-07
-1.94128e-05
8.39523e-07
-1.71997e-05
1.70976e-06
-1.51462e-05
2.37034e-06
-1.32571e-05
2.86511e-06
-1.1519e-05
3.229e-06
-9.91351e-06
3.48869e-06
-8.4245e-06
3.66411e-06
-7.03967e-06
3.76996e-06
-5.7504e-06
3.81714e-06
-4.55149e-06
3.8137e-06
-3.44044e-06
3.76573e-06
-2.41608e-06
3.67804e-06
-1.4775e-06
3.55458e-06
-6.2342e-07
3.39883e-06
1.48058e-07
3.2137e-06
8.39387e-07
3.00155e-06
1.45365e-06
2.76413e-06
1.99438e-06
2.50265e-06
2.46548e-06
2.21777e-06
2.87097e-06
1.90949e-06
3.21455e-06
1.57737e-06
3.49938e-06
1.22062e-06
3.72783e-06
8.38561e-07
3.90149e-06
4.30962e-07
4.0212e-06
4.04893e-06
0.000106353
0.000115821
9.6944e-05
0.000113615
7.92847e-05
0.000107233
5.28889e-05
9.10217e-05
2.48585e-05
6.20695e-05
3.95311e-06
2.88585e-05
-7.16993e-06
2.02016e-06
-1.11986e-05
-1.58279e-05
-1.11159e-05
-2.57426e-05
-9.15945e-06
-2.97717e-05
-6.64306e-06
-3.01674e-05
-4.18976e-06
-2.86353e-05
-2.04904e-06
-2.62171e-05
-2.92139e-07
-2.34999e-05
1.09327e-06
-2.07982e-05
2.15318e-06
-1.82596e-05
2.94417e-06
-1.59372e-05
3.52031e-06
-1.38333e-05
3.92827e-06
-1.19269e-05
4.20567e-06
-1.01909e-05
4.38138e-06
-8.60018e-06
4.47677e-06
-7.13502e-06
4.50739e-06
-5.78102e-06
4.48454e-06
-4.52867e-06
4.41635e-06
-3.37229e-06
4.30872e-06
-2.30845e-06
4.16603e-06
-1.3348e-06
3.99174e-06
-4.49115e-07
3.78873e-06
3.51067e-07
3.55936e-06
1.06876e-06
3.30545e-06
1.70756e-06
3.02829e-06
2.27153e-06
2.72871e-06
2.76507e-06
2.40704e-06
3.19266e-06
2.06312e-06
3.55847e-06
1.69645e-06
3.86602e-06
1.30646e-06
4.11782e-06
8.92801e-07
4.31513e-06
4.55959e-07
4.45805e-06
4.5049e-06
0.000110679
0.000117032
0.000106263
0.00011803
9.74089e-05
0.000116088
8.01873e-05
0.000108243
5.41435e-05
8.81133e-05
2.59627e-05
5.70393e-05
5.8697e-06
2.21132e-05
-3.88166e-06
-6.07661e-06
-6.76153e-06
-2.28627e-05
-6.16776e-06
-3.03655e-05
-4.26296e-06
-3.20722e-05
-2.11424e-06
-3.0784e-05
-1.59047e-07
-2.81723e-05
1.46095e-06
-2.51199e-05
2.72621e-06
-2.20635e-05
3.67217e-06
-1.92056e-05
4.35125e-06
-1.66163e-05
4.81718e-06
-1.42992e-05
5.11768e-06
-1.22274e-05
5.29173e-06
-1.03649e-05
5.36945e-06
-8.67792e-06
5.37304e-06
-7.13861e-06
5.3184e-06
-5.72639e-06
5.21685e-06
-4.42715e-06
5.07634e-06
-3.23178e-06
4.90234e-06
-2.13443e-06
4.69869e-06
-1.13113e-06
4.46823e-06
-2.1866e-07
4.2132e-06
6.06083e-07
3.9353e-06
1.34665e-06
3.63578e-06
2.0071e-06
3.31538e-06
2.59192e-06
2.97452e-06
3.10594e-06
2.61312e-06
3.55403e-06
2.23085e-06
3.94072e-06
1.82709e-06
4.26972e-06
1.40134e-06
4.54356e-06
9.53485e-07
4.76299e-06
4.84461e-07
4.92704e-06
4.98937e-06
0.000111876
0.000116374
0.000110061
0.000119845
0.000105414
0.000120735
9.52147e-05
0.000118442
7.52331e-05
0.000108095
4.85102e-05
8.37622e-05
2.2848e-05
4.77753e-05
6.69436e-06
1.00771e-05
-3.63412e-07
-1.5805e-05
-1.95437e-06
-2.87745e-05
-1.08897e-06
-3.29377e-05
5.28901e-07
-3.24019e-05
2.16331e-06
-2.98068e-05
3.55119e-06
-2.65078e-05
4.62896e-06
-2.31413e-05
5.41054e-06
-1.99871e-05
5.93939e-06
-1.71451e-05
6.26558e-06
-1.46254e-05
6.43546e-06
-1.23973e-05
6.48769e-06
-1.04172e-05
6.45243e-06
-8.64268e-06
6.3518e-06
-7.03798e-06
6.2015e-06
-5.57607e-06
6.01241e-06
-4.23805e-06
5.79191e-06
-3.01127e-06
5.54484e-06
-1.88735e-06
5.27433e-06
-8.60615e-07
4.98248e-06
7.31821e-08
4.67077e-06
9.17775e-07
4.34021e-06
1.67722e-06
3.99136e-06
2.35596e-06
3.62439e-06
2.95887e-06
3.23921e-06
3.49113e-06
2.83535e-06
3.95787e-06
2.41215e-06
4.36389e-06
1.96889e-06
4.71298e-06
1.50496e-06
5.00749e-06
1.02036e-06
5.2476e-06
5.16332e-07
5.43104e-06
5.50568e-06
0.000111172
0.000114623
0.000111007
0.00012001
0.000108533
0.000123209
0.000103093
0.000123882
9.08099e-05
0.000120378
6.93733e-05
0.000105199
4.31772e-05
7.39714e-05
2.09014e-05
3.23529e-05
8.46532e-06
-3.36894e-06
3.72976e-06
-2.4039e-05
3.00767e-06
-3.22156e-05
3.8077e-06
-3.3202e-05
4.9552e-06
-3.09543e-05
6.00379e-06
-2.75564e-05
6.81664e-06
-2.39541e-05
7.37678e-06
-2.05472e-05
7.7127e-06
-1.74811e-05
7.86673e-06
-1.47794e-05
7.881e-06
-1.24116e-05
7.79186e-06
-1.03281e-05
7.62798e-06
-8.47879e-06
7.41039e-06
-6.82038e-06
7.15389e-06
-5.31954e-06
6.8684e-06
-3.95256e-06
6.56036e-06
-2.70323e-06
6.23368e-06
-1.56067e-06
5.89057e-06
-5.17513e-07
5.53229e-06
4.31467e-07
5.15945e-06
1.29062e-06
4.77226e-06
2.06442e-06
4.37055e-06
2.75766e-06
3.95389e-06
3.37553e-06
3.52156e-06
3.92345e-06
3.07267e-06
4.40678e-06
2.60618e-06
4.83037e-06
2.12113e-06
5.19806e-06
1.61675e-06
5.51188e-06
1.09302e-06
5.77135e-06
5.51337e-07
5.97274e-06
6.05702e-06
0.000109271
0.000112181
0.000110259
0.000119022
0.000109349
0.000124118
0.000106361
0.000126871
9.99229e-05
0.000126816
8.51652e-05
0.000119957
6.24094e-05
9.67272e-05
3.71259e-05
5.76364e-05
1.95135e-05
1.42434e-05
1.09978e-05
-1.55234e-05
8.12097e-06
-2.93387e-05
7.77119e-06
-3.28522e-05
8.24191e-06
-3.1425e-05
8.83009e-06
-2.81446e-05
9.29392e-06
-2.44179e-05
9.5716e-06
-2.08249e-05
9.6694e-06
-1.75789e-05
9.61734e-06
-1.47274e-05
9.45019e-06
-1.22444e-05
9.1997e-06
-1.00776e-05
8.89146e-06
-8.17052e-06
8.54428e-06
-6.47319e-06
8.17122e-06
-4.94647e-06
7.78074e-06
-3.56208e-06
7.3779e-06
-2.30041e-06
6.96536e-06
-1.14814e-06
6.54424e-06
-9.63849e-08
6.11475e-06
8.60949e-07
5.67659e-06
1.72879e-06
5.22909e-06
2.51193e-06
4.77127e-06
3.21546e-06
4.302e-06
3.8448e-06
3.81995e-06
4.4055e-06
3.32368e-06
4.90304e-06
2.81175e-06
5.34228e-06
2.28283e-06
5.72696e-06
1.73596e-06
6.05875e-06
1.17093e-06
6.33636e-06
5.89166e-07
6.55452e-06
6.64622e-06
0.000106571
0.000109296
0.000108378
0.000117215
0.000108617
0.000123878
0.000106993
0.000128495
0.000103335
0.000130474
9.43645e-05
0.000128927
7.65387e-05
0.000114553
5.29966e-05
8.11784e-05
3.20369e-05
3.52031e-05
1.96971e-05
-3.18351e-06
1.42563e-05
-2.3898e-05
1.24285e-05
-3.10243e-05
1.20212e-05
-3.10178e-05
1.2023e-05
-2.81464e-05
1.20522e-05
-2.44472e-05
1.19861e-05
-2.07588e-05
1.18006e-05
-1.73934e-05
1.15087e-05
-1.44355e-05
1.11347e-05
-1.18704e-05
1.07034e-05
-9.64631e-06
1.02356e-05
-7.70272e-06
9.74678e-06
-5.98437e-06
9.2474e-06
-4.4471e-06
8.74388e-06
-3.05856e-06
8.2395e-06
-1.79602e-06
7.73536e-06
-6.43988e-07
7.23125e-06
4.07736e-07
6.72623e-06
1.36597e-06
6.21895e-06
2.23608e-06
5.70778e-06
3.0231e-06
5.19092e-06
3.73232e-06
4.66645e-06
4.36927e-06
4.13236e-06
4.9396e-06
3.58664e-06
5.44876e-06
3.02736e-06
5.90156e-06
2.45278e-06
6.30152e-06
1.86162e-06
6.64992e-06
1.25342e-06
6.94456e-06
6.29459e-07
7.17849e-06
7.2757e-06
0.000103385
0.000106166
0.000105741
0.000114859
0.000106801
0.000122819
0.00010624
0.000129056
0.000103949
0.000132765
9.91354e-05
0.000133741
8.64414e-05
0.000127247
6.65425e-05
0.000101077
4.46103e-05
5.71353e-05
2.92676e-05
1.21592e-05
2.12473e-05
-1.58777e-05
1.77203e-05
-2.74974e-05
1.62569e-05
-2.95544e-05
1.55538e-05
-2.74432e-05
1.50678e-05
-2.39613e-05
1.46003e-05
-2.02914e-05
1.40893e-05
-1.68824e-05
1.35261e-05
-1.38723e-05
1.29215e-05
-1.12658e-05
1.22914e-05
-9.01619e-06
1.16502e-05
-7.06154e-06
1.10089e-05
-5.34299e-06
1.03744e-05
-3.81266e-06
9.7507e-06
-2.43483e-06
9.13879e-06
-1.18409e-06
8.53798e-06
-4.3162e-08
7.94656e-06
9.99169e-07
7.36224e-06
1.95028e-06
6.78256e-06
2.81577e-06
6.20484e-06
3.60082e-06
5.6264e-06
4.31077e-06
5.04449e-06
4.95119e-06
4.4564e-06
5.5277e-06
3.85947e-06
6.04568e-06
3.25125e-06
6.50979e-06
2.62952e-06
6.92326e-06
1.99258e-06
7.28687e-06
1.33967e-06
7.59751e-06
6.71786e-07
7.84637e-06
7.94748e-06
0.000100035
0.000103004
0.000102657
0.000112237
0.000104266
0.000121209
0.000104486
0.000128836
0.00010309
0.000134162
0.000100247
0.000136584
9.21926e-05
0.000135301
7.62688e-05
0.000117001
5.59249e-05
7.74791e-05
3.89812e-05
2.9103e-05
2.87581e-05
-5.65458e-06
2.35045e-05
-2.22438e-05
2.08728e-05
-2.69228e-05
1.93702e-05
-2.59406e-05
1.8301e-05
-2.28921e-05
1.7383e-05
-1.93734e-05
1.65102e-05
-1.60096e-05
1.56485e-05
-1.30106e-05
1.4793e-05
-1.04103e-05
1.39486e-05
-8.17184e-06
1.31222e-05
-6.23515e-06
1.23191e-05
-4.53988e-06
1.15423e-05
-3.03583e-06
1.07924e-05
-1.68493e-06
1.0068e-05
-4.59718e-07
9.36639e-06
6.58438e-07
8.68411e-06
1.68145e-06
8.01748e-06
2.61693e-06
7.36275e-06
3.47052e-06
6.71618e-06
4.24738e-06
6.07411e-06
4.95281e-06
5.43298e-06
5.5923e-06
4.78931e-06
6.17135e-06
4.13981e-06
6.69517e-06
3.4814e-06
7.1682e-06
2.81138e-06
7.59331e-06
2.12755e-06
7.97069e-06
1.42873e-06
8.29633e-06
7.15641e-07
8.55948e-06
8.66311e-06
9.68595e-05
0.000100068
9.94472e-05
0.00010965
0.000101315
0.000119341
0.000102038
0.000128112
0.00010136
0.00013484
9.93701e-05
0.000138574
9.47756e-05
0.000139896
8.25247e-05
0.000129252
6.49973e-05
9.50066e-05
4.79443e-05
4.61559e-05
3.62986e-05
5.99117e-06
2.95523e-05
-1.54975e-05
2.57483e-05
-2.31188e-05
2.33951e-05
-2.35874e-05
2.16958e-05
-2.11928e-05
2.02912e-05
-1.79688e-05
1.90293e-05
-1.47477e-05
1.78486e-05
-1.18299e-05
1.67265e-05
-9.2882e-06
1.56561e-05
-7.10144e-06
1.46355e-05
-5.21455e-06
1.36637e-05
-3.56808e-06
1.2739e-05
-2.11116e-06
1.18585e-05
-8.04402e-07
1.1018e-05
3.80812e-07
1.02125e-05
1.4639e-06
9.43688e-06
2.4571e-06
8.68577e-06
3.36804e-06
7.95412e-06
4.20218e-06
7.23705e-06
4.96445e-06
6.52992e-06
5.65994e-06
5.82831e-06
6.29392e-06
5.12799e-06
6.87169e-06
4.42497e-06
7.39821e-06
3.71556e-06
7.87762e-06
2.99649e-06
8.31239e-06
2.26507e-06
8.7021e-06
1.51962e-06
9.04175e-06
7.60478e-07
9.31863e-06
9.4236e-06
9.41782e-05
9.76595e-05
9.641e-05
0.000107418
9.82012e-05
0.00011755
9.91468e-05
0.000127166
9.89503e-05
0.000135036
9.74718e-05
0.000140053
9.48523e-05
0.000142515
8.59627e-05
0.000138142
7.1587e-05
0.000109382
5.56441e-05
6.20987e-05
4.3457e-05
1.81783e-05
3.56024e-05
-7.64291e-06
3.07307e-05
-1.8247e-05
2.753e-05
-2.03867e-05
2.51821e-05
-1.88449e-05
2.32721e-05
-1.60588e-05
2.16056e-05
-1.30812e-05
2.00935e-05
-1.03178e-05
1.86954e-05
-7.89008e-06
1.73917e-05
-5.79778e-06
1.61714e-05
-3.99424e-06
1.50267e-05
-2.42335e-06
1.39509e-05
-1.03529e-06
1.29371e-05
2.0935e-07
1.19784e-05
1.33952e-06
1.10674e-05
2.37488e-06
1.0197e-05
3.32755e-06
9.36018e-06
4.20483e-06
8.55059e-06
5.01178e-06
7.76214e-06
5.75291e-06
6.9892e-06
6.43289e-06
6.22648e-06
7.05667e-06
5.46896e-06
7.62922e-06
4.71199e-06
8.15521e-06
3.95124e-06
8.63837e-06
3.18283e-06
9.08077e-06
2.40357e-06
9.48134e-06
1.61125e-06
9.83406e-06
8.05738e-07
1.01241e-05
1.02294e-05
9.21936e-05
9.60192e-05
9.37648e-05
0.000105847
9.51411e-05
0.000116174
9.60059e-05
0.000126302
9.60234e-05
0.000135019
9.49609e-05
0.000141115
9.31769e-05
0.000144299
8.71307e-05
0.000144188
7.55177e-05
0.000120995
6.16805e-05
7.59359e-05
4.98438e-05
3.0015e-05
4.13781e-05
8.2286e-07
3.56422e-05
-1.25111e-05
3.16576e-05
-1.64021e-05
2.86773e-05
-1.58646e-05
2.62641e-05
-1.36457e-05
2.41913e-05
-1.10084e-05
2.23454e-05
-8.47191e-06
2.06689e-05
-6.21357e-06
1.91301e-05
-4.25891e-06
1.77087e-05
-2.57283e-06
1.63901e-05
-1.10477e-06
1.51624e-05
1.92386e-07
1.4015e-05
1.35677e-06
1.29378e-05
2.41678e-06
1.1921e-05
3.39163e-06
1.09556e-05
4.29293e-06
1.00331e-05
5.1274e-06
9.14546e-06
5.89938e-06
8.28561e-06
6.61276e-06
7.44687e-06
7.27164e-06
6.62307e-06
7.88048e-06
5.80845e-06
8.44384e-06
4.99766e-06
8.96599e-06
4.18575e-06
9.45028e-06
3.36825e-06
9.89825e-06
2.5414e-06
1.03082e-05
1.70246e-06
1.0673e-05
8.50827e-07
1.09758e-05
1.10802e-05
9.08942e-05
9.52221e-05
9.15833e-05
0.000105158
9.22589e-05
0.000115498
9.27562e-05
0.000125804
9.27466e-05
0.000135029
9.19554e-05
0.000141906
9.05577e-05
0.000145697
8.68171e-05
0.000147928
7.74837e-05
0.000130329
6.60563e-05
8.73634e-05
5.52069e-05
4.08643e-05
4.66191e-05
9.41066e-06
4.02936e-05
-6.18561e-06
3.56498e-05
-1.17582e-05
3.2091e-05
-1.23058e-05
2.91999e-05
-1.07546e-05
2.67343e-05
-8.54275e-06
2.45628e-05
-6.30037e-06
2.26134e-05
-4.26419e-06
2.08433e-05
-2.48881e-06
1.92238e-05
-9.53362e-07
1.77339e-05
3.85123e-07
1.63568e-05
1.56957e-06
1.50778e-05
2.6358e-06
1.38837e-05
3.61082e-06
1.27626e-05
4.51269e-06
1.17035e-05
5.35208e-06
1.06962e-05
6.13473e-06
9.73154e-06
6.86408e-06
8.80116e-06
7.54317e-06
7.89744e-06
8.17539e-06
7.01334e-06
8.76457e-06
6.14239e-06
9.31477e-06
5.27855e-06
9.8298e-06
4.41625e-06
1.03126e-05
3.55046e-06
1.0764e-05
2.67682e-06
1.11819e-05
1.79204e-06
1.15578e-05
8.95109e-07
1.18728e-05
1.19753e-05
9.00273e-05
9.52248e-05
8.97103e-05
0.000105474
8.95211e-05
0.000115687
8.94467e-05
0.000125879
8.92282e-05
0.000135247
8.8571e-05
0.000142563
8.73921e-05
0.000146876
8.5173e-05
0.000150148
7.78268e-05
0.000137675
6.87705e-05
9.64196e-05
5.93432e-05
5.02916e-05
5.11039e-05
1.765e-05
4.45081e-05
4.10265e-07
3.93808e-05
-6.63095e-06
3.53316e-05
-8.2566e-06
3.20102e-05
-7.43315e-06
2.91802e-05
-5.71282e-06
2.67018e-05
-3.82194e-06
2.44928e-05
-2.0552e-06
2.25014e-05
-4.97404e-07
2.06918e-05
8.56238e-07
1.90372e-05
2.03974e-06
1.75161e-05
3.09073e-06
1.611e-05
4.04184e-06
1.48031e-05
4.91778e-06
1.35809e-05
5.73489e-06
1.24307e-05
6.5023e-06
1.13409e-05
7.22449e-06
1.03012e-05
7.9038e-06
9.30211e-06
8.54227e-06
8.33508e-06
9.14242e-06
7.39227e-06
9.70737e-06
6.46648e-06
1.02406e-05
5.55104e-06
1.07452e-05
4.63976e-06
1.12239e-05
3.72705e-06
1.16768e-05
2.80799e-06
1.21009e-05
1.87877e-06
1.24871e-05
9.37942e-07
1.28136e-05
1.29133e-05
8.89594e-05
9.63836e-05
8.77109e-05
0.000106723
8.66966e-05
0.000116702
8.59927e-05
0.000126583
8.54514e-05
0.000135788
8.47876e-05
0.000143227
8.37536e-05
0.00014791
8.23919e-05
0.000151509
7.67147e-05
0.000143352
7.00171e-05
0.000103117
6.22947e-05
5.8014e-05
5.47574e-05
2.51874e-05
4.81759e-05
6.99173e-06
4.27464e-05
-1.20143e-06
3.8315e-05
-3.82523e-06
3.46278e-05
-3.74598e-06
3.1475e-05
-2.55993e-06
2.87182e-05
-1.06519e-06
2.62705e-05
3.92493e-07
2.4074e-05
1.69917e-06
2.20871e-05
2.8431e-06
2.02783e-05
3.84851e-06
1.8622e-05
4.74714e-06
1.70961e-05
5.56765e-06
1.56822e-05
6.33174e-06
1.43638e-05
7.05325e-06
1.31268e-05
7.7394e-06
1.19581e-05
8.39309e-06
1.08465e-05
9.01541e-06
9.78154e-06
9.60725e-06
8.75377e-06
1.01702e-05
7.75464e-06
1.07065e-05
6.77627e-06
1.12189e-05
5.81136e-06
1.17102e-05
4.85316e-06
1.21821e-05
3.89554e-06
1.26345e-05
2.93305e-06
1.30634e-05
1.96138e-06
1.34588e-05
9.78689e-07
1.37963e-05
1.38919e-05
8.73699e-05
9.87893e-05
8.5261e-05
0.000108832
8.35119e-05
0.000118451
8.22476e-05
0.000127847
8.13804e-05
0.000136656
8.06642e-05
0.000143943
7.9809e-05
0.000148765
7.88593e-05
0.000152459
7.49035e-05
0.000147308
7.04004e-05
0.00010762
6.44009e-05
6.40135e-05
5.76738e-05
3.19145e-05
5.12558e-05
1.34097e-05
4.56695e-05
4.38499e-06
4.09668e-05
8.77414e-07
3.69897e-05
2.31108e-07
3.3566e-05
8.63749e-07
3.05686e-05
1.93225e-06
2.79106e-05
3.05048e-06
2.55311e-05
4.07865e-06
2.33849e-05
4.98935e-06
2.14364e-05
5.79706e-06
1.96563e-05
6.52717e-06
1.80203e-05
7.20373e-06
1.65073e-05
7.84475e-06
1.50994e-05
8.46111e-06
1.37811e-05
9.05769e-06
1.25386e-05
9.63564e-06
1.13594e-05
1.01946e-05
1.02323e-05
1.07343e-05
9.14734e-06
1.12552e-05
8.09512e-06
1.17587e-05
7.06718e-06
1.22469e-05
6.05566e-06
1.27217e-05
5.0533e-06
1.31845e-05
4.05341e-06
1.36343e-05
3.0501e-06
1.40668e-05
2.0386e-06
1.44702e-05
1.01671e-06
1.48182e-05
1.49087e-05
8.54928e-05
0.000103076
8.21895e-05
0.000112135
7.97776e-05
0.000120863
7.80927e-05
0.000129532
7.70011e-05
0.000137747
7.62992e-05
0.000144645
7.56578e-05
0.000149406
7.48901e-05
0.000153227
7.28475e-05
0.000149351
7.04259e-05
0.000110042
6.59274e-05
6.85121e-05
5.99197e-05
3.79222e-05
5.37135e-05
1.96159e-05
4.80854e-05
1.00132e-05
4.3221e-05
5.74178e-06
3.90381e-05
4.41402e-06
3.54052e-05
4.49669e-06
3.2213e-05
5.12441e-06
2.93802e-05
5.88331e-06
2.68456e-05
6.61327e-06
2.45619e-05
7.27306e-06
2.2491e-05
7.86789e-06
2.06016e-05
8.41666e-06
1.88669e-05
8.93841e-06
1.72646e-05
9.44704e-06
1.57755e-05
9.95014e-06
1.43832e-05
1.045e-05
1.30729e-05
1.09459e-05
1.18316e-05
1.1436e-05
1.06474e-05
1.19185e-05
9.50955e-06
1.2393e-05
8.40832e-06
1.286e-05
7.33462e-06
1.33206e-05
6.28009e-06
1.37762e-05
5.23697e-06
1.42276e-05
4.19814e-06
1.46732e-05
3.15726e-06
1.51076e-05
2.10918e-06
1.55183e-05
1.05139e-06
1.5876e-05
1.596e-05
8.22419e-05
0.000108123
7.82091e-05
0.000116168
7.53476e-05
0.000123724
7.34487e-05
0.000131431
7.2294e-05
0.000138902
7.16994e-05
0.00014524
7.12875e-05
0.000149818
7.07039e-05
0.00015381
7.06247e-05
0.00014943
7.0147e-05
0.00011052
6.68429e-05
7.18161e-05
6.14365e-05
4.33287e-05
5.55021e-05
2.55504e-05
4.99463e-05
1.5569e-05
4.50295e-05
1.06585e-05
4.0729e-05
8.71451e-06
3.69548e-05
8.27096e-06
3.36196e-05
8.45958e-06
3.06517e-05
8.85128e-06
2.7993e-05
9.27194e-06
2.55966e-05
9.66948e-06
2.34235e-05
1.0041e-05
2.14408e-05
1.03993e-05
1.96211e-05
1.07581e-05
1.79409e-05
1.11272e-05
1.63805e-05
1.15106e-05
1.49225e-05
1.1908e-05
1.35518e-05
1.23166e-05
1.22549e-05
1.27329e-05
1.10195e-05
1.3154e-05
9.83421e-06
1.35783e-05
8.68889e-06
1.40053e-05
7.57403e-06
1.44354e-05
6.48081e-06
1.48695e-05
5.40106e-06
1.53073e-05
4.32727e-06
1.5747e-05
3.25271e-06
1.61822e-05
2.1719e-06
1.65991e-05
1.0821e-06
1.69658e-05
1.70421e-05
7.788e-05
0.00011305
7.32805e-05
0.000120767
7.02418e-05
0.000126763
6.83441e-05
0.000133329
6.72984e-05
0.000139948
6.6927e-05
0.000145611
6.68205e-05
0.000149925
6.6475e-05
0.000154156
6.87142e-05
0.000147191
6.96676e-05
0.000109566
6.71243e-05
7.43594e-05
6.22026e-05
4.82504e-05
5.66076e-05
3.11454e-05
5.12386e-05
2.0938e-05
4.63741e-05
1.55231e-05
4.20405e-05
1.30482e-05
3.8191e-05
1.21204e-05
3.47646e-05
1.1886e-05
3.17024e-05
1.19135e-05
2.89524e-05
1.20219e-05
2.64699e-05
1.2152e-05
2.42162e-05
1.22947e-05
2.21585e-05
1.2457e-05
2.02688e-05
1.26478e-05
1.85236e-05
1.28724e-05
1.69028e-05
1.31314e-05
1.53889e-05
1.34219e-05
1.39665e-05
1.3739e-05
1.26216e-05
1.40777e-05
1.13418e-05
1.44339e-05
1.01153e-05
1.48047e-05
8.93165e-06
1.51889e-05
7.78098e-06
1.55861e-05
6.65413e-06
1.59963e-05
5.54255e-06
1.64189e-05
4.4384e-06
1.68511e-05
3.33467e-06
1.72859e-05
2.22559e-06
1.77082e-05
1.10828e-06
1.80831e-05
1.81504e-05
7.17525e-05
0.000118163
6.73821e-05
0.000125138
6.45945e-05
0.000129551
6.29346e-05
0.000134988
6.21725e-05
0.00014071
6.21667e-05
0.000145617
6.24553e-05
0.000149636
6.25732e-05
0.000154038
6.72519e-05
0.000142512
6.89499e-05
0.000107868
6.67153e-05
7.6594e-05
6.22121e-05
5.27536e-05
5.70474e-05
3.63101e-05
5.19743e-05
2.60112e-05
4.7255e-05
2.02423e-05
4.29639e-05
1.73393e-05
3.91001e-05
1.59842e-05
3.56314e-05
1.53547e-05
3.25151e-05
1.50299e-05
2.97068e-05
1.48301e-05
2.71654e-05
1.46935e-05
2.48538e-05
1.46062e-05
2.27402e-05
1.45706e-05
2.0797e-05
1.4591e-05
1.90009e-05
1.46685e-05
1.73321e-05
1.48003e-05
1.57731e-05
1.4981e-05
1.43084e-05
1.52037e-05
1.29242e-05
1.5462e-05
1.16076e-05
1.57504e-05
1.03471e-05
1.60653e-05
9.13167e-06
1.64043e-05
7.95129e-06
1.67665e-05
6.79652e-06
1.71511e-05
5.65854e-06
1.75569e-05
4.52928e-06
1.79804e-05
3.40148e-06
1.84137e-05
2.26916e-06
1.88406e-05
1.12939e-06
1.92228e-05
1.92798e-05
6.45013e-05
0.000123735
6.09532e-05
0.000128686
5.87131e-05
0.000131791
5.74798e-05
0.000136222
5.7166e-05
0.000141024
5.76244e-05
0.000145159
5.8258e-05
0.000149003
5.97504e-05
0.000152545
6.57659e-05
0.000136496
6.74624e-05
0.000106172
6.54144e-05
7.86421e-05
6.14681e-05
5.66998e-05
5.6874e-05
4.09042e-05
5.21925e-05
3.06926e-05
4.76917e-05
2.47431e-05
4.35039e-05
2.15271e-05
3.96773e-05
1.98108e-05
3.62105e-05
1.88215e-05
3.30775e-05
1.81629e-05
3.02427e-05
1.76649e-05
2.76694e-05
1.72667e-05
2.53232e-05
1.69524e-05
2.31735e-05
1.67204e-05
2.11939e-05
1.65706e-05
1.9362e-05
1.65004e-05
1.76584e-05
1.65039e-05
1.6066e-05
1.65733e-05
1.45697e-05
1.67e-05
1.31556e-05
1.68761e-05
1.1811e-05
1.7095e-05
1.05243e-05
1.7352e-05
9.28434e-06
1.76442e-05
8.08103e-06
1.79698e-05
6.90471e-06
1.83275e-05
5.74639e-06
1.87153e-05
4.59783e-06
1.9129e-05
3.45161e-06
1.956e-05
2.30163e-06
1.99905e-05
1.14496e-06
2.03795e-05
2.04248e-05
5.72192e-05
0.000128751
5.46055e-05
0.000131299
5.30243e-05
0.000133372
5.23358e-05
0.00013691
5.25635e-05
0.000140796
5.34911e-05
0.000144231
5.44712e-05
0.000148022
5.78723e-05
0.000149144
6.35658e-05
0.000130803
6.49471e-05
0.000104791
6.33393e-05
8.02499e-05
6.01641e-05
5.98751e-05
5.6222e-05
4.48463e-05
5.1971e-05
3.49437e-05
4.7724e-05
2.89901e-05
4.36772e-05
2.55739e-05
3.99261e-05
2.35619e-05
3.64978e-05
2.22498e-05
3.33816e-05
2.12791e-05
3.05502e-05
2.04963e-05
2.79713e-05
1.98456e-05
2.56132e-05
1.93105e-05
2.34475e-05
1.88861e-05
2.14494e-05
1.85687e-05
1.95974e-05
1.83523e-05
1.78731e-05
1.82282e-05
1.62599e-05
1.81864e-05
1.47433e-05
1.82167e-05
1.33096e-05
1.83098e-05
1.19464e-05
1.84582e-05
1.0642e-05
1.86564e-05
9.38551e-06
1.89007e-05
8.16667e-06
1.91887e-05
6.97575e-06
1.95184e-05
5.80372e-06
1.98873e-05
4.64222e-06
2.02905e-05
3.48376e-06
2.07184e-05
2.32217e-06
2.11521e-05
1.1546e-06
2.15471e-05
2.15794e-05
5.08089e-05
0.000132826
4.90137e-05
0.000133095
4.80803e-05
0.000134305
4.7997e-05
0.000136993
4.87531e-05
0.00014004
5.00957e-05
0.000142888
5.17579e-05
0.00014636
5.63656e-05
0.000144537
6.07913e-05
0.000126377
6.20239e-05
0.000103558
6.10588e-05
8.1215e-05
5.86394e-05
6.22945e-05
5.5273e-05
4.82127e-05
5.14043e-05
3.88124e-05
4.73993e-05
3.29951e-05
4.35054e-05
2.94678e-05
3.98539e-05
2.72134e-05
3.64927e-05
2.5611e-05
3.34224e-05
2.43494e-05
3.06217e-05
2.3297e-05
2.80621e-05
2.24052e-05
2.57148e-05
2.16579e-05
2.35533e-05
2.10476e-05
2.15547e-05
2.05673e-05
1.96989e-05
2.02081e-05
1.79685e-05
1.99586e-05
1.63479e-05
1.9807e-05
1.4823e-05
1.97416e-05
1.33806e-05
1.97521e-05
1.20088e-05
1.983e-05
1.0696e-05
1.99692e-05
9.43155e-06
2.01652e-05
8.20512e-06
2.04151e-05
7.0071e-06
2.07164e-05
5.82848e-06
2.10659e-05
4.66089e-06
2.14581e-05
3.49682e-06
2.18825e-05
2.33012e-06
2.23189e-05
1.15802e-06
2.27192e-05
2.27374e-05
4.58691e-05
0.000134954
4.47709e-05
0.000134193
4.43829e-05
0.000134694
4.49263e-05
0.00013645
4.60629e-05
0.000138903
4.75033e-05
0.000141448
5.00933e-05
0.00014377
5.48133e-05
0.000139817
5.81958e-05
0.000122995
5.95118e-05
0.000102242
5.90566e-05
8.16702e-05
5.71387e-05
6.42125e-05
5.41547e-05
5.11967e-05
5.05602e-05
4.24069e-05
4.67522e-05
3.68031e-05
4.30048e-05
3.32153e-05
3.94666e-05
3.07516e-05
3.61953e-05
2.88823e-05
3.31963e-05
2.73484e-05
3.04516e-05
2.60417e-05
2.79351e-05
2.49217e-05
2.56205e-05
2.39725e-05
2.34834e-05
2.31846e-05
2.15027e-05
2.25481e-05
1.96599e-05
2.20509e-05
1.79386e-05
2.16799e-05
1.63244e-05
2.14213e-05
1.48037e-05
2.12623e-05
1.33643e-05
2.11915e-05
1.19944e-05
2.11999e-05
1.06829e-05
2.12806e-05
9.41944e-06
2.14287e-05
8.19383e-06
2.16407e-05
6.99665e-06
2.19136e-05
5.81899e-06
2.22436e-05
4.65259e-06
2.26246e-05
3.48998e-06
2.30452e-05
2.32504e-06
2.34838e-05
1.15508e-06
2.38891e-05
2.38925e-05
4.29219e-05
0.000135863
4.2091e-05
0.000135024
4.19966e-05
0.000134788
4.31882e-05
0.000135258
4.47977e-05
0.000137294
4.61125e-05
0.000140133
4.91525e-05
0.00014073
5.35035e-05
0.000135466
5.64689e-05
0.000120029
5.78047e-05
0.000100906
5.74892e-05
8.19857e-05
5.57261e-05
6.59756e-05
5.28988e-05
5.4024e-05
4.94552e-05
4.58505e-05
4.5791e-05
4.04672e-05
4.21788e-05
3.68274e-05
3.87647e-05
3.41657e-05
3.56036e-05
3.20435e-05
3.26996e-05
3.02524e-05
3.0035e-05
2.87064e-05
2.75849e-05
2.73717e-05
2.53248e-05
2.62326e-05
2.32323e-05
2.52771e-05
2.12881e-05
2.44923e-05
1.94752e-05
2.38638e-05
1.77786e-05
2.33764e-05
1.61849e-05
2.3015e-05
1.46816e-05
2.27656e-05
1.3257e-05
2.26161e-05
1.19e-05
2.25569e-05
1.06001e-05
2.25806e-05
9.34689e-06
2.26819e-05
8.13085e-06
2.28568e-05
6.94275e-06
2.31017e-05
5.77396e-06
2.34124e-05
4.61641e-06
2.37821e-05
3.46274e-06
2.41989e-05
2.30683e-06
2.46398e-05
1.1459e-06
2.50501e-05
2.50383e-05
4.17497e-05
0.000136356
4.11441e-05
0.000135629
4.09509e-05
0.000134981
4.24405e-05
0.000133769
4.6306e-05
0.000133428
4.99492e-05
0.00013649
5.21636e-05
0.000138516
5.49793e-05
0.00013265
5.65619e-05
0.000118447
5.70107e-05
0.000100457
5.62501e-05
8.27463e-05
5.43025e-05
6.79232e-05
5.14409e-05
5.68856e-05
4.80523e-05
4.92392e-05
4.44955e-05
4.4024e-05
4.10164e-05
4.03064e-05
3.77414e-05
3.74407e-05
3.47128e-05
3.50722e-05
3.19282e-05
3.30369e-05
2.93679e-05
3.12666e-05
2.70075e-05
2.97321e-05
2.48238e-05
2.84163e-05
2.27963e-05
2.73047e-05
2.09072e-05
2.63813e-05
1.91414e-05
2.56297e-05
1.74853e-05
2.50325e-05
1.59267e-05
2.45736e-05
1.4454e-05
2.42382e-05
1.30566e-05
2.40136e-05
1.17238e-05
2.38897e-05
1.04456e-05
2.38588e-05
9.21239e-06
2.39151e-05
8.01484e-06
2.40543e-05
6.84426e-06
2.42723e-05
5.69244e-06
2.45643e-05
4.55169e-06
2.49229e-05
3.41487e-06
2.53357e-05
2.27575e-06
2.57789e-05
1.13105e-06
2.61948e-05
2.61694e-05
4.19259e-05
0.000136436
4.17237e-05
0.000135831
4.18123e-05
0.000134892
4.24925e-05
0.000133089
4.55371e-05
0.000130384
5.21506e-05
0.000129876
5.67238e-05
0.000133943
5.73245e-05
0.000132049
5.69121e-05
0.000118859
5.61905e-05
0.000101179
5.48139e-05
8.41229e-05
5.25785e-05
7.01586e-05
4.96227e-05
5.98414e-05
4.62671e-05
5.25948e-05
4.28226e-05
4.74685e-05
3.94961e-05
4.36329e-05
3.63856e-05
4.05512e-05
3.35163e-05
3.79415e-05
3.08779e-05
3.56754e-05
2.84474e-05
3.36971e-05
2.62006e-05
3.19789e-05
2.41154e-05
3.05015e-05
2.21733e-05
2.92468e-05
2.03584e-05
2.81962e-05
1.86572e-05
2.73309e-05
1.70577e-05
2.66321e-05
1.55488e-05
2.60825e-05
1.41204e-05
2.56666e-05
1.27623e-05
2.53716e-05
1.1465e-05
2.5187e-05
1.0219e-05
2.51048e-05
9.0152e-06
2.51189e-05
7.84507e-06
2.52245e-05
6.70049e-06
2.54169e-05
5.57386e-06
2.56909e-05
4.45799e-06
2.60388e-05
3.3461e-06
2.64476e-05
2.23187e-06
2.68931e-05
1.11096e-06
2.73157e-05
2.72803e-05
4.28875e-05
4.32016e-05
4.35859e-05
4.42324e-05
4.51818e-05
4.77837e-05
5.29619e-05
5.51323e-05
5.50377e-05
5.41675e-05
5.26077e-05
5.02594e-05
4.7287e-05
4.40125e-05
4.07235e-05
3.75916e-05
3.46843e-05
3.20087e-05
2.95465e-05
2.7273e-05
2.51643e-05
2.32003e-05
2.13642e-05
1.96425e-05
1.80233e-05
1.64964e-05
1.50522e-05
1.36814e-05
1.2375e-05
1.11242e-05
9.92044e-06
8.75554e-06
7.62159e-06
6.51125e-06
5.41768e-06
4.33437e-06
3.25502e-06
2.17343e-06
1.08411e-06
)
;

boundaryField
{
    leftWall
    {
        type            calculated;
        value           nonuniform 0();
    }
    rightWall
    {
        type            calculated;
        value           uniform 0;
    }
    lowerWall
    {
        type            calculated;
        value           uniform 0;
    }
    atmosphere
    {
        type            calculated;
        value           nonuniform 0();
    }
    defaultFaces
    {
        type            empty;
        value           nonuniform 0();
    }
    procBoundary1to0
    {
        type            processor;
        value           nonuniform List<scalar> 
44
(
1.64901e-05
1.46639e-06
-1.19046e-05
-2.01923e-05
-2.54207e-05
-2.91451e-05
-3.25776e-05
-3.66858e-05
-4.24131e-05
-5.04204e-05
-6.20447e-05
-7.26358e-05
-8.01332e-05
-8.54347e-05
-8.92266e-05
-9.16505e-05
-9.27957e-05
-9.27668e-05
-9.16534e-05
-8.95646e-05
6.7798e-05
-9.02624e-05
-8.68813e-05
-8.35871e-05
-8.109e-05
-7.98185e-05
-7.81154e-05
-7.78201e-05
-8.17063e-05
-8.80166e-05
-9.27183e-05
-9.46839e-05
-9.4132e-05
-9.15617e-05
-8.74573e-05
-8.21907e-05
-7.5923e-05
-6.85287e-05
-5.95843e-05
-4.87312e-05
-3.62022e-05
-2.23769e-05
-7.00464e-06
9.23532e-06
)
;
    }
    procBoundary1to3
    {
        type            processor;
        value           nonuniform List<scalar> 
45
(
-2.29054e-05
6.19413e-06
4.12306e-05
9.47237e-05
0.000119932
0.000135494
0.000135517
0.000134508
0.000132442
0.000129434
0.000127275
0.000128764
0.000129879
0.000118954
0.000102049
8.56826e-05
7.25069e-05
6.28138e-05
5.58692e-05
5.07575e-05
4.67648e-05
4.34585e-05
4.0617e-05
3.81375e-05
3.59707e-05
3.40876e-05
3.24656e-05
3.10828e-05
2.9918e-05
2.895e-05
2.8159e-05
2.75268e-05
2.70376e-05
2.66781e-05
2.64379e-05
2.63086e-05
2.62839e-05
2.63584e-05
2.65272e-05
2.67845e-05
2.71222e-05
2.7527e-05
2.79746e-05
2.84049e-05
2.83645e-05
)
;
    }
}


// ************************************************************************* //
