/*--------------------------------*- C++ -*----------------------------------*\
  =========                 |
  \\      /  F ield         | OpenFOAM: The Open Source CFD Toolbox
   \\    /   O peration     | Website:  https://openfoam.org
    \\  /    A nd           | Version:  7
     \\/     M anipulation  |
\*---------------------------------------------------------------------------*/
FoamFile
{
    version     2.0;
    format      ascii;
    class       volScalarField;
    location    "0.0012";
    object      rhoN;
}
// * * * * * * * * * * * * * * * * * * * * * * * * * * * * * * * * * * * * * //

dimensions      [0 -3 0 0 0 0 0];

internalField   nonuniform List<scalar> 
1000
(
4.25e+19
6.75e+19
4.25e+19
4e+19
5.25e+19
6e+19
6.25e+19
6.25e+19
6.5e+19
6.25e+19
3.75e+19
5.75e+19
8.5e+19
7.25e+19
6.5e+19
7.75e+19
8.5e+19
7.5e+19
8e+19
7.5e+19
8e+19
9.75e+19
6e+19
8e+19
1e+20
7.5e+19
1.075e+20
1e+20
1.225e+20
8.25e+19
1.175e+20
7.5e+19
9e+19
9.25e+19
1.275e+20
1.25e+20
1.05e+20
9e+19
1e+20
1.325e+20
1.15e+20
1.025e+20
1.375e+20
1.275e+20
1.25e+20
9e+19
1.075e+20
9.75e+19
9e+19
1.3e+20
1.25e+20
1.2e+20
1.225e+20
1.425e+20
1.625e+20
1.15e+20
9.5e+19
1.05e+20
1.25e+20
1.375e+20
1.025e+20
1.325e+20
1.4e+20
1.275e+20
1.125e+20
9.25e+19
8.5e+19
1.275e+20
1.35e+20
1e+20
9e+19
1.125e+20
1.225e+20
1.1e+20
1.5e+20
1.375e+20
1.325e+20
1.15e+20
1.375e+20
1.275e+20
1.475e+20
1.15e+20
1.5e+20
1.375e+20
1.625e+20
1.125e+20
1.05e+20
1.275e+20
1.375e+20
9.75e+19
1.375e+20
1.2e+20
1.45e+20
7.75e+19
1.325e+20
1.375e+20
1.3e+20
1.075e+20
9.25e+19
1.2e+20
1.2e+20
1.15e+20
1.2e+20
1.3e+20
1e+20
1.125e+20
1.075e+20
1.45e+20
9.5e+19
1.325e+20
1.2e+20
1.05e+20
1.25e+20
1.5e+20
1.2e+20
1e+20
1.125e+20
1.05e+20
1.075e+20
1.025e+20
1.15e+20
9.25e+19
1.55e+20
1.275e+20
1.2e+20
1.525e+20
1.025e+20
1.075e+20
1.1e+20
1.1e+20
1.225e+20
1.225e+20
1.025e+20
1.15e+20
1.375e+20
1.425e+20
1.275e+20
1.275e+20
1.075e+20
1.2e+20
1.575e+20
1.375e+20
1.125e+20
1.3e+20
9.75e+19
1.05e+20
1.55e+20
1.3e+20
1.075e+20
1.075e+20
1.25e+20
1.4e+20
1.075e+20
1.35e+20
1.15e+20
1.45e+20
1.1e+20
1.2e+20
1.225e+20
1.325e+20
1.2e+20
1.45e+20
1.325e+20
9.75e+19
1.4e+20
1.175e+20
1.4e+20
1.525e+20
1.225e+20
8.5e+19
9.25e+19
1.05e+20
1.125e+20
1.5e+20
1.25e+20
1.05e+20
9.75e+19
1.35e+20
1.325e+20
1.125e+20
1.375e+20
1.125e+20
1.35e+20
1.15e+20
1.125e+20
9.75e+19
1.075e+20
1.3e+20
1.425e+20
9.75e+19
1.3e+20
7e+19
1.1e+20
1.15e+20
1.25e+20
1.15e+20
1.2e+20
1.575e+20
1.45e+20
1.35e+20
1.525e+20
1.15e+20
1.55e+20
1.225e+20
1.1e+20
1.075e+20
1.2e+20
1.25e+20
1.1e+20
1.225e+20
1.275e+20
9.75e+19
1.225e+20
1.1e+20
1e+20
1.05e+20
1.325e+20
1.45e+20
9.25e+19
1.025e+20
1.2e+20
1.15e+20
1.275e+20
1.25e+20
1.025e+20
1.2e+20
1.275e+20
1.25e+20
1.575e+20
1.15e+20
9.5e+19
1.05e+20
1.5e+20
1.35e+20
1e+20
1.275e+20
1.175e+20
1.225e+20
1.475e+20
1.525e+20
1.15e+20
1.175e+20
1.625e+20
1.5e+20
1.25e+20
1.125e+20
1.3e+20
1.325e+20
9.75e+19
1.4e+20
1.2e+20
1.25e+20
1.375e+20
1.3e+20
1.325e+20
1.025e+20
1.325e+20
1.1e+20
1.45e+20
1.25e+20
1.1e+20
1.2e+20
1.3e+20
1.275e+20
1.025e+20
1.45e+20
1.075e+20
1.25e+20
1.1e+20
1.8e+20
1.2e+20
1.4e+20
1.2e+20
1.25e+20
1.425e+20
1.4e+20
1.025e+20
1.275e+20
1.275e+20
1.4e+20
1.275e+20
1.725e+20
1.275e+20
1.25e+20
1.05e+20
1.325e+20
1.275e+20
1.1e+20
1.025e+20
1.05e+20
1.65e+20
1.1e+20
1.15e+20
9e+19
1.225e+20
1.375e+20
1.175e+20
1.3e+20
1.2e+20
1.1e+20
1.1e+20
1.025e+20
1.375e+20
1.4e+20
8.5e+19
1.5e+20
1.125e+20
1.175e+20
1.675e+20
8.5e+19
1.125e+20
1.025e+20
1.325e+20
1.125e+20
1.375e+20
1.6e+20
1.125e+20
1.5e+20
9.75e+19
1.5e+20
1.5e+20
8.5e+19
1.075e+20
1.125e+20
1.25e+20
1.1e+20
1.325e+20
1.375e+20
1.275e+20
9.25e+19
1.175e+20
1.175e+20
1.325e+20
1.35e+20
1.225e+20
1.3e+20
1.175e+20
1.3e+20
1.275e+20
1.125e+20
1.325e+20
1.275e+20
1.275e+20
9.75e+19
1.275e+20
1.575e+20
1.05e+20
1.025e+20
1.125e+20
1.375e+20
1.2e+20
1.175e+20
1.2e+20
1.15e+20
1.475e+20
1.4e+20
1.55e+20
1.1e+20
1.375e+20
9.5e+19
1.05e+20
1.4e+20
1.025e+20
1.225e+20
1.25e+20
9.75e+19
1.25e+20
9.5e+19
1.225e+20
1.4e+20
1.175e+20
1.2e+20
1.5e+20
1.275e+20
1.275e+20
1.05e+20
1.275e+20
9.5e+19
1.15e+20
1.5e+20
1.175e+20
1.175e+20
1.125e+20
1.5e+20
1.275e+20
1.425e+20
1.325e+20
1.175e+20
1e+20
1.45e+20
1.1e+20
1.3e+20
9.25e+19
1.1e+20
1.075e+20
1.275e+20
1.25e+20
8e+19
1.475e+20
1.025e+20
9.25e+19
8.5e+19
1.15e+20
1.225e+20
1.125e+20
9.75e+19
1.025e+20
1.25e+20
1.15e+20
1.1e+20
1.125e+20
1.125e+20
1.3e+20
1.25e+20
1.275e+20
1.325e+20
1.2e+20
1.2e+20
1.325e+20
1.125e+20
1.1e+20
1.225e+20
1.475e+20
1.275e+20
1.225e+20
1.65e+20
1.35e+20
9.75e+19
9.75e+19
1.225e+20
1.175e+20
1.15e+20
1.25e+20
1.35e+20
1.6e+20
1.225e+20
1.1e+20
1.1e+20
9e+19
1.425e+20
1.425e+20
1.05e+20
1.3e+20
1.25e+20
1.6e+20
1.525e+20
1.775e+20
1.675e+20
1.8e+20
2e+20
1.875e+20
1.775e+20
1.775e+20
1.3e+20
1.675e+20
1.7e+20
2.05e+20
2.025e+20
2.05e+20
2.025e+20
1.725e+20
2.15e+20
1.825e+20
1.65e+20
1.8e+20
1.825e+20
1.85e+20
2.05e+20
2.025e+20
2.1e+20
2.55e+20
1.95e+20
1.525e+20
1.75e+20
2.025e+20
2.3e+20
1.875e+20
1.825e+20
2.025e+20
2.3e+20
1.975e+20
2e+20
2.275e+20
2.075e+20
2.675e+20
2.4e+20
2.55e+20
2.35e+20
2.25e+20
3.125e+20
2.475e+20
2.55e+20
3.125e+20
2.6e+20
2.925e+20
2.775e+20
2.975e+20
2.425e+20
2.45e+20
3.25e+20
2.8e+20
3.025e+20
2.75e+20
2.4e+20
3.05e+20
3.05e+20
2.25e+20
2.575e+20
2.7e+20
2.725e+20
2.85e+20
2.775e+20
3e+20
2.75e+20
2.65e+20
3e+20
2.675e+20
2.375e+20
3.075e+20
3.05e+20
2.85e+20
2.775e+20
2.65e+20
3.1e+20
3.175e+20
3.275e+20
3.55e+20
3.675e+20
3.6e+20
3e+20
3.45e+20
3.125e+20
3.325e+20
3.525e+20
3.65e+20
2.85e+20
4.025e+20
3.825e+20
4.275e+20
3.75e+20
4e+20
4.25e+20
3.5e+20
3.625e+20
3.925e+20
4.175e+20
4.275e+20
4.05e+20
3.425e+20
3.9e+20
4.275e+20
4.15e+20
3.9e+20
4.575e+20
3.675e+20
4.425e+20
4.2e+20
4.3e+20
4.575e+20
4.575e+20
3.95e+20
4.225e+20
3.85e+20
4.25e+20
3.525e+20
4.275e+20
4.025e+20
4.35e+20
4.65e+20
4.4e+20
4e+20
4.425e+20
4.2e+20
4.375e+20
4.275e+20
3.925e+20
4.5e+20
3.95e+20
3.925e+20
4.125e+20
3.85e+20
3.75e+20
3.925e+20
4.575e+20
4.275e+20
4.35e+20
4.325e+20
4.125e+20
4.625e+20
4.25e+20
4.225e+20
3.9e+20
3.925e+20
4.475e+20
4.675e+20
4.4e+20
4.225e+20
3.975e+20
4.275e+20
3.75e+20
4.25e+20
4.775e+20
4.325e+20
3.975e+20
4.625e+20
3.975e+20
4.5e+20
4.325e+20
4.375e+20
4.3e+20
4.025e+20
3.2e+20
4.175e+20
4.575e+20
4.65e+20
4.5e+20
3.975e+20
3.675e+20
4.45e+20
3.95e+20
3.675e+20
4.575e+20
4.325e+20
4.225e+20
3.725e+20
4.875e+20
4.5e+20
4.7e+20
4.025e+20
4.2e+20
4.25e+20
4.725e+20
4.575e+20
4.075e+20
4.3e+20
4.15e+20
4.475e+20
4.35e+20
3.975e+20
3.9e+20
3.425e+20
3.875e+20
4e+20
4.575e+20
4.225e+20
4.525e+20
4.3e+20
4.325e+20
4.2e+20
4.5e+20
4.475e+20
4.075e+20
3.875e+20
3.925e+20
4.125e+20
4.4e+20
3.65e+20
4.25e+20
3.675e+20
4.525e+20
4.425e+20
4.3e+20
4.175e+20
4.15e+20
3.775e+20
3.55e+20
4e+20
4.175e+20
4.05e+20
4.35e+20
4.425e+20
4.925e+20
3.925e+20
3.65e+20
3.85e+20
4.225e+20
3.825e+20
4.25e+20
4.1e+20
4.575e+20
3.9e+20
4.525e+20
4.875e+20
4.425e+20
4.125e+20
3.675e+20
4.325e+20
4.475e+20
4.4e+20
4.2e+20
4e+20
3.875e+20
4.15e+20
3.75e+20
3.825e+20
4.05e+20
4.05e+20
4.625e+20
4.7e+20
3.6e+20
4.45e+20
4.225e+20
4.5e+20
5.025e+20
5e+20
4.25e+20
4.275e+20
5.025e+20
3.825e+20
4.3e+20
3.875e+20
4.1e+20
3.9e+20
4.625e+20
4.35e+20
4.275e+20
4.475e+20
3.9e+20
4.4e+20
4.125e+20
4.575e+20
4.65e+20
4.2e+20
4.45e+20
4.375e+20
4.075e+20
4.375e+20
4.525e+20
4.425e+20
4.2e+20
4.55e+20
3.625e+20
3.925e+20
4.225e+20
4.3e+20
3.7e+20
4.35e+20
4.275e+20
4.725e+20
4.15e+20
3.9e+20
4.15e+20
4.475e+20
4.025e+20
4.2e+20
4.6e+20
4.425e+20
4.8e+20
4.2e+20
4.575e+20
3.875e+20
4.4e+20
4.2e+20
3.725e+20
4.75e+20
4.2e+20
4.475e+20
3.7e+20
4.425e+20
4.05e+20
4.2e+20
4.425e+20
4.225e+20
4.525e+20
4.15e+20
4.275e+20
4.475e+20
4.3e+20
3.875e+20
4.1e+20
3.925e+20
4.025e+20
4.225e+20
4.1e+20
4.775e+20
3.8e+20
4.15e+20
4.1e+20
4.3e+20
3.475e+20
4e+20
4.125e+20
4.2e+20
3.95e+20
4.425e+20
4.125e+20
4.725e+20
4.725e+20
4.2e+20
4.475e+20
3.775e+20
4.325e+20
4e+20
4.1e+20
4.025e+20
4.475e+20
4.2e+20
3.95e+20
4.05e+20
4.275e+20
4.15e+20
4.525e+20
4.775e+20
4.025e+20
4.5e+20
4.175e+20
4.275e+20
4.225e+20
4.475e+20
4.55e+20
3.975e+20
4.25e+20
4.575e+20
4.725e+20
4.55e+20
4.3e+20
3.725e+20
4e+20
4.15e+20
4.1e+20
4.4e+20
3.85e+20
4.55e+20
3.775e+20
4.575e+20
4.3e+20
4.625e+20
4.2e+20
4.075e+20
4.825e+20
4.25e+20
4.775e+20
4.3e+20
4.4e+20
4.675e+20
4.625e+20
4.3e+20
4.1e+20
4.025e+20
4.225e+20
3.925e+20
4.075e+20
4.2e+20
4.025e+20
3.9e+20
4.375e+20
4.6e+20
4.325e+20
4.35e+20
4.85e+20
4.475e+20
3.375e+20
4.225e+20
4.275e+20
3.55e+20
4.5e+20
4.15e+20
4.25e+20
4.15e+20
5.1e+20
4.225e+20
4.35e+20
4.575e+20
4.025e+20
4.525e+20
4.375e+20
3.8e+20
3.65e+20
4.225e+20
4.025e+20
3.6e+20
3.95e+20
4.15e+20
4.075e+20
4.25e+20
4.925e+20
4.025e+20
4.35e+20
4.425e+20
4.05e+20
4.75e+20
4.075e+20
4.6e+20
3.625e+20
4.45e+20
4.45e+20
3.9e+20
4.3e+20
3.775e+20
3.775e+20
4.35e+20
4.35e+20
4.525e+20
4.5e+20
4.225e+20
3.925e+20
4.35e+20
3.75e+20
4.375e+20
4.175e+20
4.475e+20
3.625e+20
3.9e+20
4.15e+20
4.125e+20
4.05e+20
4.425e+20
3.925e+20
3.975e+20
4.525e+20
4.1e+20
4.7e+20
4.325e+20
3.775e+20
4.1e+20
4.825e+20
4.1e+20
4.4e+20
4.325e+20
4.3e+20
3.65e+20
4.425e+20
4.575e+20
4.4e+20
3.675e+20
4.55e+20
4.325e+20
4.225e+20
4.15e+20
4.55e+20
4.175e+20
3.95e+20
4.5e+20
4.05e+20
4e+20
4.425e+20
3.925e+20
3.925e+20
3.925e+20
3.95e+20
5e+20
4.525e+20
4.25e+20
4.925e+20
3.9e+20
4.2e+20
4.8e+20
4.65e+20
4.25e+20
4.1e+20
4.625e+20
4.625e+20
3.825e+20
3.95e+20
3.65e+20
4.175e+20
4.125e+20
3.7e+20
4.175e+20
3.75e+20
3.6e+20
4.55e+20
3.85e+20
3.55e+20
3.375e+20
3.275e+20
3.35e+20
3.4e+20
3.55e+20
3.625e+20
2.875e+20
3.4e+20
3.05e+20
3.125e+20
3.425e+20
2.9e+20
2.55e+20
2.575e+20
2.8e+20
2.825e+20
2.575e+20
2.9e+20
2.675e+20
2.525e+20
2.375e+20
2.275e+20
2.325e+20
2.175e+20
2.1e+20
2.05e+20
2.275e+20
1.9e+20
1.75e+20
2e+20
1.875e+20
1.65e+20
1.975e+20
1.525e+20
1.45e+20
1.375e+20
)
;

boundaryField
{
    sides
    {
        type            zeroGradient;
    }
    empty
    {
        type            empty;
    }
}


// ************************************************************************* //
