/*--------------------------------*- C++ -*----------------------------------*\
  =========                 |
  \\      /  F ield         | OpenFOAM: The Open Source CFD Toolbox
   \\    /   O peration     | Website:  https://openfoam.org
    \\  /    A nd           | Version:  7
     \\/     M anipulation  |
\*---------------------------------------------------------------------------*/
FoamFile
{
    version     2.0;
    format      ascii;
    class       volScalarField;
    location    "0.001";
    object      dsmcSigmaTcRMax;
}
// * * * * * * * * * * * * * * * * * * * * * * * * * * * * * * * * * * * * * //

dimensions      [0 3 -1 0 0 0 0];

internalField   nonuniform List<scalar> 
5120
(
5.483063749e-16
5.630604648e-16
5.837829316e-16
5.652505722e-16
6.060694852e-16
6.232739753e-16
5.778735803e-16
6.031888521e-16
5.927775207e-16
5.466230722e-16
5.691475513e-16
5.844821181e-16
5.953645765e-16
5.671351734e-16
5.929539116e-16
5.327851134e-16
6.565950096e-16
5.465525639e-16
5.756845388e-16
5.571081565e-16
5.475332475e-16
5.559718449e-16
5.407401735e-16
6.092303794e-16
5.661628246e-16
6.353820236e-16
6.204189979e-16
5.361300595e-16
5.593845237e-16
5.694209108e-16
5.73128748e-16
5.62578343e-16
5.764755374e-16
5.548066822e-16
5.76923207e-16
5.662051621e-16
5.326108646e-16
5.966101239e-16
5.800488325e-16
5.677119056e-16
5.596486549e-16
5.311167058e-16
5.385433681e-16
5.647862757e-16
5.80853206e-16
5.524148902e-16
5.800903948e-16
5.525591132e-16
5.534389431e-16
5.959174914e-16
5.491691082e-16
5.7387127e-16
5.646759693e-16
5.44866888e-16
5.80722523e-16
5.965569281e-16
5.821963498e-16
5.548455177e-16
5.463505457e-16
5.342488223e-16
5.98346563e-16
5.558746692e-16
5.976657916e-16
5.41308552e-16
6.031555086e-16
5.743003969e-16
5.698263927e-16
6.022774352e-16
5.812721203e-16
5.536521734e-16
6.212767349e-16
5.717500515e-16
6.022264028e-16
5.459992071e-16
5.634984011e-16
6.058094491e-16
5.701541366e-16
6.065316314e-16
6.03132776e-16
6.040308636e-16
5.442061411e-16
5.440843194e-16
5.809013811e-16
5.706961604e-16
5.665873065e-16
5.925601762e-16
5.554008405e-16
5.536409719e-16
6.232193271e-16
5.536984837e-16
5.856724207e-16
4.969456435e-16
5.4199041e-16
5.731788263e-16
5.746638246e-16
5.7538515e-16
5.406667512e-16
5.230714509e-16
6.008913992e-16
5.302388676e-16
5.600889073e-16
5.589670313e-16
5.958089259e-16
5.796861634e-16
5.783708751e-16
5.625919904e-16
5.331174479e-16
6.065714027e-16
5.653711689e-16
6.116480345e-16
5.863470727e-16
5.633459113e-16
5.474890936e-16
5.512085356e-16
5.440287883e-16
5.495436588e-16
5.666134683e-16
5.571960271e-16
5.418431095e-16
5.698294511e-16
6.13386749e-16
5.976569505e-16
5.506045362e-16
5.480582146e-16
5.819272811e-16
5.555096876e-16
5.693728696e-16
5.621441863e-16
5.789970883e-16
5.455783313e-16
5.618540517e-16
5.808889953e-16
5.481403583e-16
5.790983155e-16
5.584943956e-16
5.18690404e-16
5.751466655e-16
5.863685749e-16
5.985517172e-16
5.734408937e-16
5.679517855e-16
5.653660791e-16
5.824185823e-16
5.210185496e-16
6.444582264e-16
5.607162822e-16
5.893737661e-16
5.316695205e-16
5.985885932e-16
5.609658488e-16
6.283826652e-16
6.027631567e-16
5.92962247e-16
6.219499549e-16
5.673002295e-16
5.950279672e-16
5.670779133e-16
5.790835847e-16
5.596254817e-16
6.012136859e-16
5.74555079e-16
5.358340241e-16
5.859278386e-16
6.218563516e-16
6.000502813e-16
5.363491456e-16
5.158208684e-16
5.384997369e-16
5.73262842e-16
5.526664959e-16
5.635729875e-16
5.530442705e-16
5.564175482e-16
5.688415111e-16
6.021869516e-16
5.694558067e-16
5.638356447e-16
5.565035314e-16
5.840569807e-16
5.660329119e-16
6.042177457e-16
5.445792927e-16
5.211798031e-16
5.305702297e-16
5.515908687e-16
5.311453475e-16
5.744608037e-16
6.341767241e-16
5.36952388e-16
6.04231138e-16
5.716859409e-16
5.672842331e-16
5.363428249e-16
5.63258219e-16
5.170624451e-16
6.384754105e-16
5.754605581e-16
5.306045674e-16
5.919897092e-16
5.726341925e-16
5.630493722e-16
6.534671634e-16
5.93368645e-16
5.623886649e-16
5.891979142e-16
5.553227399e-16
6.046015301e-16
5.653548463e-16
5.997466541e-16
5.565378852e-16
5.539396321e-16
5.632863258e-16
5.95677471e-16
5.79231311e-16
5.55677215e-16
5.535115377e-16
6.046961904e-16
5.382298911e-16
5.683865115e-16
5.409308354e-16
5.541548643e-16
5.88892952e-16
6.162980004e-16
5.477348005e-16
5.915194625e-16
6.381728622e-16
5.561907481e-16
6.41226055e-16
5.726594644e-16
5.921657281e-16
5.749867211e-16
5.865740432e-16
5.809267434e-16
6.057766538e-16
5.749054249e-16
6.265724099e-16
5.643448353e-16
5.753094391e-16
5.579675246e-16
5.556943064e-16
5.580571274e-16
5.285511365e-16
5.665795094e-16
5.805599141e-16
5.824745487e-16
5.809033701e-16
5.486562702e-16
5.771042068e-16
5.713211164e-16
5.641782444e-16
5.862535833e-16
5.412251149e-16
6.182525042e-16
5.612493187e-16
5.335248997e-16
5.721838644e-16
6.178768096e-16
5.624114478e-16
5.964431238e-16
5.36744701e-16
5.478151769e-16
5.643523918e-16
5.648937693e-16
5.228866615e-16
5.428152862e-16
6.000630453e-16
5.705016752e-16
5.689090608e-16
6.039697893e-16
5.47527165e-16
5.638361924e-16
5.28558816e-16
5.385567198e-16
5.836810649e-16
5.780372686e-16
5.666733894e-16
5.423317487e-16
5.583582411e-16
6.474175434e-16
5.716861184e-16
5.458363198e-16
5.500465562e-16
5.463357927e-16
5.753977818e-16
5.855725276e-16
5.342071422e-16
6.149356251e-16
5.5364981e-16
5.336439432e-16
5.958957151e-16
5.398229063e-16
6.117439549e-16
5.308922793e-16
5.292904116e-16
5.526278351e-16
5.96093674e-16
6.181633911e-16
6.265171912e-16
5.348191548e-16
5.958435984e-16
5.606387834e-16
5.463162117e-16
5.7072652e-16
6.066289781e-16
6.087970956e-16
5.472822036e-16
5.869788134e-16
5.917893828e-16
5.314685997e-16
6.095504172e-16
5.931491149e-16
5.611744319e-16
5.474033201e-16
5.80008925e-16
5.324903797e-16
6.317606026e-16
5.726646694e-16
5.37534213e-16
5.434882812e-16
5.259992918e-16
5.687832681e-16
5.853160945e-16
5.962425976e-16
5.760782272e-16
5.467210314e-16
6.143994813e-16
5.922520802e-16
5.570992946e-16
5.530857664e-16
5.837177353e-16
5.487716607e-16
6.229653914e-16
6.636940058e-16
5.850559419e-16
6.261601876e-16
5.760690702e-16
5.502000006e-16
5.644757917e-16
6.501444249e-16
5.345952394e-16
5.701355434e-16
5.701503636e-16
5.325297128e-16
5.477401171e-16
5.776803576e-16
5.642565007e-16
5.739091443e-16
5.326587254e-16
5.698011884e-16
5.337704231e-16
5.313178915e-16
6.163297483e-16
6.031505936e-16
5.435502941e-16
5.53365848e-16
5.627538159e-16
5.527303339e-16
5.224778308e-16
6.094193468e-16
5.81340216e-16
6.298577625e-16
5.303679802e-16
5.830682714e-16
5.630132986e-16
6.028166489e-16
6.014109056e-16
5.437936269e-16
6.01876348e-16
5.440164609e-16
5.854585971e-16
6.392269122e-16
6.128725387e-16
5.486146506e-16
5.928363478e-16
5.67193376e-16
5.520207154e-16
5.641677208e-16
5.432429552e-16
6.157446237e-16
6.800170079e-16
5.33741044e-16
5.885517247e-16
6.052574236e-16
5.83195895e-16
5.652433075e-16
5.45689828e-16
5.545007154e-16
6.160046322e-16
6.143274789e-16
5.779718907e-16
6.00930022e-16
5.532816782e-16
5.559642132e-16
5.722728079e-16
5.353492181e-16
6.399275775e-16
5.410763548e-16
5.683740837e-16
5.7556988e-16
6.42452594e-16
6.131268288e-16
5.99152073e-16
5.63547685e-16
5.915764367e-16
5.63699332e-16
5.806203123e-16
5.837694523e-16
5.739509348e-16
5.674565603e-16
5.649482059e-16
5.745011503e-16
5.306335226e-16
5.441486641e-16
5.404394772e-16
5.579592768e-16
5.510584235e-16
5.860819247e-16
6.023747024e-16
6.210724849e-16
6.244484463e-16
5.861183805e-16
5.716706061e-16
5.927352535e-16
5.682906321e-16
5.372274609e-16
5.922668577e-16
5.571771576e-16
5.749931471e-16
5.881880384e-16
5.629235873e-16
5.450180638e-16
5.544994321e-16
6.091207973e-16
5.353704047e-16
5.738142139e-16
5.767761498e-16
5.827274729e-16
5.760902179e-16
5.791967657e-16
5.884467536e-16
5.560793167e-16
6.111270593e-16
5.990103304e-16
5.581095974e-16
5.439424108e-16
5.819575786e-16
5.575759669e-16
5.62222664e-16
5.282607213e-16
6.877764382e-16
6.336615472e-16
5.525448902e-16
5.567212049e-16
5.445497074e-16
5.198528644e-16
5.512414505e-16
5.475566865e-16
5.25791695e-16
6.816503041e-16
5.420321042e-16
5.484211675e-16
5.218111179e-16
5.644239117e-16
5.290630032e-16
6.114246861e-16
5.433542997e-16
5.592248212e-16
5.83977674e-16
5.742733994e-16
5.373559399e-16
5.836956772e-16
5.863777102e-16
5.988035967e-16
5.732411642e-16
5.826362024e-16
5.631505368e-16
5.762190717e-16
6.098117801e-16
5.615549019e-16
5.344857222e-16
5.770018164e-16
5.464580928e-16
5.489422804e-16
5.574347771e-16
5.546065412e-16
5.582079327e-16
5.595994074e-16
5.557922346e-16
6.023568249e-16
6.156528391e-16
5.488325496e-16
5.497324328e-16
5.62379552e-16
5.650707594e-16
5.877794869e-16
5.57435249e-16
5.898953394e-16
5.273926925e-16
5.420963065e-16
5.672095851e-16
5.492824003e-16
5.578861533e-16
5.600897624e-16
5.882733787e-16
5.438548125e-16
5.935001161e-16
5.617949535e-16
5.417956783e-16
5.532618374e-16
5.681625695e-16
5.758426804e-16
5.649132287e-16
5.346438955e-16
5.676671102e-16
5.583259821e-16
6.070450491e-16
5.449745808e-16
5.284493901e-16
5.550214948e-16
5.551829388e-16
5.616421738e-16
5.371029188e-16
6.335617713e-16
5.873927212e-16
5.665062059e-16
5.495299074e-16
5.348044954e-16
5.768213684e-16
5.640238361e-16
5.557079216e-16
5.911587748e-16
5.54961025e-16
5.852353299e-16
6.313579584e-16
5.480250252e-16
6.079221137e-16
5.356469205e-16
5.935446433e-16
6.614425916e-16
6.52870973e-16
5.32511242e-16
5.573225399e-16
6.230148038e-16
5.577394322e-16
6.069788506e-16
5.809785103e-16
5.38843569e-16
5.98884209e-16
5.887075721e-16
5.649773087e-16
5.466018422e-16
5.499536453e-16
6.427033763e-16
5.815447367e-16
5.839255747e-16
5.390124967e-16
5.615444079e-16
5.346527446e-16
5.572178106e-16
6.260055063e-16
5.829664021e-16
5.727378431e-16
5.658381708e-16
5.630874925e-16
5.506149086e-16
5.234363908e-16
5.528774912e-16
5.793324945e-16
5.980549183e-16
6.310033417e-16
5.839051729e-16
5.301293167e-16
6.216861397e-16
5.575388906e-16
6.171603836e-16
6.416235989e-16
6.208328632e-16
5.45778399e-16
5.711536541e-16
5.415291756e-16
5.395675839e-16
5.583878479e-16
5.817217922e-16
5.903166587e-16
6.231957794e-16
5.733924199e-16
6.006893797e-16
6.137105963e-16
5.408773313e-16
5.60654029e-16
5.499119193e-16
6.043784519e-16
5.571578628e-16
6.010102113e-16
6.231909824e-16
5.557511458e-16
6.049947474e-16
6.528865122e-16
5.535355047e-16
5.700531412e-16
5.693223883e-16
5.67665089e-16
5.56827876e-16
6.043192018e-16
6.025536356e-16
5.886219964e-16
5.877689304e-16
5.315639796e-16
5.31069878e-16
5.582475393e-16
5.758622258e-16
5.416936937e-16
5.843297336e-16
5.731033267e-16
5.758416871e-16
5.521028088e-16
5.355457565e-16
5.832298218e-16
5.990165538e-16
5.2979164e-16
5.70539122e-16
5.745071526e-16
5.521223835e-16
5.758007322e-16
6.282588365e-16
5.683375706e-16
6.200897585e-16
5.605334912e-16
5.804095854e-16
6.213521118e-16
5.808956277e-16
5.535620378e-16
6.064861428e-16
5.766345803e-16
5.611990797e-16
5.823417933e-16
5.563466214e-16
5.643439762e-16
6.00917597e-16
5.545865843e-16
5.581313348e-16
5.871520458e-16
6.231623457e-16
5.593272927e-16
6.287789407e-16
5.574871661e-16
6.281108996e-16
5.587903376e-16
5.872244021e-16
6.409345085e-16
6.383911253e-16
6.067532547e-16
6.353274921e-16
5.603312578e-16
5.676705842e-16
6.631055097e-16
6.913645996e-16
6.711155773e-16
6.291452391e-16
5.968244242e-16
5.242668543e-16
5.404088236e-16
5.792815337e-16
5.669539667e-16
5.532104432e-16
5.466368267e-16
6.084972218e-16
5.476139131e-16
5.650903997e-16
6.020085e-16
6.231622988e-16
5.785773579e-16
5.413295615e-16
5.397358237e-16
5.612760734e-16
5.7339594e-16
5.838618054e-16
5.898751599e-16
6.504857296e-16
6.492016933e-16
5.897010242e-16
5.537900753e-16
6.120312405e-16
5.484399069e-16
5.25355895e-16
5.953855661e-16
5.799221331e-16
5.904021108e-16
6.196716924e-16
5.829704613e-16
5.642527676e-16
5.094018802e-16
5.368996689e-16
5.490863976e-16
5.734613344e-16
6.188929695e-16
5.580606142e-16
5.531619909e-16
5.813822814e-16
6.891963412e-16
5.448077031e-16
5.717115876e-16
5.441937683e-16
5.909679491e-16
5.90924095e-16
5.372968591e-16
5.429603558e-16
5.682596504e-16
6.107742103e-16
5.485549392e-16
5.853032683e-16
5.65164385e-16
5.574715159e-16
5.465264664e-16
6.008033867e-16
5.544903606e-16
6.044504446e-16
5.99631744e-16
5.982371823e-16
6.779590411e-16
5.652895143e-16
5.716052484e-16
5.661313834e-16
5.467066978e-16
5.900465644e-16
5.750908104e-16
6.011411193e-16
5.742049967e-16
5.40151642e-16
5.742348049e-16
5.318359625e-16
5.418636024e-16
5.640567387e-16
5.265566703e-16
5.446193021e-16
5.542018298e-16
5.483266041e-16
5.77837254e-16
6.241599163e-16
5.663775123e-16
6.270285155e-16
5.411941979e-16
5.727060048e-16
5.726757777e-16
5.870350956e-16
5.634896545e-16
5.463639642e-16
5.93181635e-16
5.817438809e-16
5.56944575e-16
6.113047859e-16
5.705133099e-16
5.950570613e-16
5.373023341e-16
5.450853285e-16
5.710707187e-16
6.02307598e-16
5.8250552e-16
6.036383172e-16
7.580522843e-16
6.036722831e-16
6.077893826e-16
5.793992655e-16
5.688067328e-16
5.129326292e-16
5.305501835e-16
6.221686976e-16
5.810879768e-16
5.694339193e-16
5.800704969e-16
5.592861689e-16
5.442092112e-16
6.076029649e-16
5.632692679e-16
5.545453362e-16
5.447670168e-16
5.899056122e-16
5.691490892e-16
6.193675055e-16
6.536726033e-16
5.11570438e-16
5.936050436e-16
5.465158944e-16
5.793298125e-16
5.548376421e-16
6.008310439e-16
5.461394422e-16
5.92971917e-16
5.576689947e-16
5.873235709e-16
5.583274839e-16
5.653713635e-16
5.669550882e-16
5.733413829e-16
5.605792011e-16
5.951085734e-16
5.819723137e-16
6.357245465e-16
5.613379042e-16
6.606817556e-16
5.471406274e-16
5.387378088e-16
5.62384953e-16
5.347422532e-16
5.841361435e-16
5.350498111e-16
5.508547694e-16
5.56351843e-16
6.194540633e-16
5.657994679e-16
5.777288678e-16
5.103908816e-16
5.724046211e-16
5.447071287e-16
5.889454008e-16
5.633065015e-16
5.382825825e-16
5.826794098e-16
5.627527428e-16
6.038715411e-16
5.346735625e-16
5.393037455e-16
5.89155326e-16
5.754481612e-16
5.531989091e-16
5.78888465e-16
5.924944273e-16
5.658433674e-16
5.797155741e-16
5.419959828e-16
5.402830304e-16
5.971941533e-16
5.578545807e-16
5.641412495e-16
6.507504451e-16
5.860787822e-16
5.509243239e-16
7.747726076e-16
6.508203091e-16
6.992963555e-16
5.855616063e-16
5.604990777e-16
5.625496934e-16
6.043310183e-16
5.306832469e-16
5.239503064e-16
5.529724557e-16
5.827595384e-16
5.770978698e-16
5.592612374e-16
6.250035093e-16
5.766775735e-16
5.409014918e-16
5.939552373e-16
6.038847435e-16
5.272268034e-16
5.44155175e-16
5.49024983e-16
5.936781842e-16
5.966267629e-16
5.724994122e-16
5.896891849e-16
6.16577326e-16
5.991880108e-16
5.967496861e-16
5.733211842e-16
5.79586704e-16
5.615760989e-16
5.971701167e-16
5.748181364e-16
5.709314741e-16
6.08960017e-16
5.795462522e-16
5.804947601e-16
5.514560298e-16
5.5958894e-16
5.447636507e-16
6.241527131e-16
5.686622478e-16
7.180821195e-16
5.959279166e-16
6.046007135e-16
5.277220617e-16
5.993508183e-16
5.154849128e-16
5.59817812e-16
5.693207568e-16
5.584186199e-16
5.242813711e-16
6.200915456e-16
5.62859483e-16
5.424436665e-16
5.411259366e-16
6.116561695e-16
5.821554468e-16
5.616067574e-16
5.680362216e-16
5.636270426e-16
5.743896165e-16
6.089349647e-16
5.52818543e-16
5.964437168e-16
5.931681763e-16
5.642751006e-16
5.409087507e-16
5.624311201e-16
5.993916071e-16
5.47677661e-16
5.594551349e-16
6.012405463e-16
6.010534001e-16
5.633275072e-16
6.008662765e-16
6.185966893e-16
5.74597782e-16
5.108400158e-16
5.612433483e-16
5.454837722e-16
5.596423258e-16
6.013159235e-16
5.389318816e-16
5.98905922e-16
5.47563195e-16
5.700632996e-16
5.583519833e-16
5.528828244e-16
6.413011598e-16
6.52966149e-16
5.777348175e-16
5.724212043e-16
5.571787912e-16
5.629755562e-16
5.747927414e-16
5.853753708e-16
5.611266093e-16
5.559312656e-16
5.722244804e-16
5.413381988e-16
5.997565411e-16
6.524644509e-16
5.837762195e-16
5.97640947e-16
6.340560697e-16
5.919791185e-16
5.467406318e-16
5.992474504e-16
5.970303268e-16
5.600073352e-16
5.827773763e-16
5.862779615e-16
5.572484891e-16
5.878116175e-16
6.297401664e-16
5.325538191e-16
6.458479216e-16
5.692763332e-16
5.913138054e-16
5.894735652e-16
5.604371355e-16
5.353086601e-16
5.563505704e-16
6.208989938e-16
5.645301949e-16
6.416236076e-16
5.682741052e-16
6.078072226e-16
7.2774407e-16
6.043439621e-16
6.107359234e-16
6.03646315e-16
6.407351408e-16
6.067671065e-16
6.916144382e-16
5.763930039e-16
6.131923146e-16
5.526737603e-16
7.014398544e-16
6.247256991e-16
5.717592137e-16
6.535308365e-16
5.779281547e-16
5.441426884e-16
5.652327171e-16
5.207682667e-16
5.466450312e-16
5.690641449e-16
5.481975355e-16
5.358629059e-16
5.528459869e-16
6.253192382e-16
6.481354606e-16
6.722460073e-16
6.799503866e-16
5.838076742e-16
6.218103493e-16
5.835774555e-16
6.945351853e-16
6.045074483e-16
7.180736373e-16
6.660702921e-16
5.608621409e-16
5.434793485e-16
5.685903857e-16
5.782926834e-16
6.019027324e-16
5.731319522e-16
5.67126461e-16
5.379276503e-16
5.725569403e-16
6.038588426e-16
5.618295081e-16
5.672939058e-16
5.574454598e-16
5.650823295e-16
5.753715415e-16
6.098779137e-16
5.829975524e-16
6.310502128e-16
6.442646256e-16
5.708368465e-16
5.526231579e-16
5.531438796e-16
5.217160498e-16
5.831057093e-16
5.539131435e-16
5.337355191e-16
5.672537043e-16
6.429470829e-16
5.538715893e-16
5.267327803e-16
5.913899535e-16
5.677833188e-16
5.964026911e-16
5.583406822e-16
5.574906951e-16
6.024893883e-16
6.162797291e-16
5.544667671e-16
6.536466694e-16
6.690542254e-16
6.005894228e-16
5.528843104e-16
5.873617286e-16
6.068655573e-16
5.47384152e-16
5.671557787e-16
5.371715715e-16
6.074238353e-16
6.546294388e-16
5.879127136e-16
5.555347652e-16
5.423585486e-16
6.121851755e-16
5.744406524e-16
5.756696164e-16
5.637456749e-16
7.307081859e-16
5.632277166e-16
6.977283547e-16
6.772595577e-16
5.613454685e-16
5.309483647e-16
5.661060734e-16
5.309543966e-16
5.5209002e-16
5.473382153e-16
5.535112662e-16
5.889864708e-16
5.682266289e-16
5.585147132e-16
5.420222707e-16
5.99327631e-16
6.076268433e-16
6.039672439e-16
5.586725483e-16
5.393399068e-16
5.636980328e-16
5.84401112e-16
5.961484328e-16
7.259940002e-16
5.669116713e-16
5.9781269e-16
5.549909053e-16
5.709358791e-16
5.668884008e-16
5.907034544e-16
6.018729457e-16
5.786857384e-16
5.413842027e-16
5.9085678e-16
5.630913869e-16
5.934198262e-16
5.943229348e-16
5.513186865e-16
6.256647275e-16
5.729988047e-16
5.601413621e-16
5.59814965e-16
5.949679818e-16
5.32298404e-16
6.166414226e-16
5.645689392e-16
5.612575468e-16
5.864362853e-16
5.470625113e-16
6.105334072e-16
5.777581109e-16
5.62861853e-16
5.86730952e-16
5.476410029e-16
5.285028227e-16
5.589004715e-16
5.414917715e-16
5.252750842e-16
6.661135989e-16
5.669752673e-16
5.98142898e-16
5.81934919e-16
5.899237659e-16
6.828829776e-16
5.85083982e-16
5.697664542e-16
5.783757446e-16
5.318641601e-16
6.184931811e-16
6.26370356e-16
5.534711879e-16
5.377693165e-16
6.265365378e-16
5.767057526e-16
5.941122817e-16
5.432221504e-16
5.649833383e-16
5.838708332e-16
5.504039936e-16
6.120654754e-16
5.560961546e-16
5.577531862e-16
5.518468627e-16
7.13187719e-16
5.61009937e-16
5.571325733e-16
5.700792061e-16
5.674839107e-16
5.780204821e-16
6.044624725e-16
5.926594064e-16
5.855259026e-16
5.936541549e-16
6.344588611e-16
5.794615875e-16
5.380822977e-16
5.759075639e-16
5.576201406e-16
5.870680573e-16
5.770932647e-16
5.705667797e-16
5.626435099e-16
5.736082896e-16
5.592843203e-16
5.805284072e-16
5.874538973e-16
5.735249823e-16
5.759658523e-16
6.309041123e-16
5.81284955e-16
5.867496267e-16
5.727805815e-16
5.489378515e-16
5.544799545e-16
5.318981623e-16
5.607421293e-16
6.000034092e-16
5.766500738e-16
5.556383648e-16
5.474431941e-16
5.289287083e-16
5.348054336e-16
6.557139779e-16
7.129967207e-16
5.309426469e-16
6.154250362e-16
5.723279734e-16
5.288082696e-16
6.332225098e-16
5.461912865e-16
5.822221086e-16
5.816274543e-16
5.468604291e-16
5.862884912e-16
5.306869513e-16
5.540529085e-16
5.60434568e-16
5.551135071e-16
6.47871747e-16
5.271589944e-16
5.371908721e-16
5.487502892e-16
5.871653268e-16
6.428926999e-16
5.81825734e-16
5.452068508e-16
5.561700485e-16
5.682554126e-16
5.472683271e-16
5.556546592e-16
5.621835494e-16
5.563848704e-16
5.640567595e-16
5.549302437e-16
5.627071754e-16
5.348430713e-16
5.871618297e-16
6.086540976e-16
5.614316351e-16
5.869174694e-16
5.913845943e-16
5.384898022e-16
6.354053717e-16
7.244457239e-16
5.39508692e-16
5.794423433e-16
6.170190907e-16
5.390316691e-16
6.030035407e-16
5.249458686e-16
5.623412558e-16
5.501401782e-16
5.819083738e-16
5.421106351e-16
5.747681743e-16
5.329927943e-16
5.897438388e-16
5.829902175e-16
5.525354505e-16
5.504757777e-16
6.286228515e-16
6.18590953e-16
6.000885397e-16
7.0119465e-16
5.619912763e-16
5.657257786e-16
5.584988868e-16
5.579805743e-16
5.299247283e-16
5.560504005e-16
5.794675744e-16
5.858442219e-16
5.52682128e-16
5.802442026e-16
6.42479044e-16
5.801558856e-16
6.763997125e-16
5.723912427e-16
6.600212617e-16
6.000508712e-16
6.038096283e-16
5.894805195e-16
5.970525845e-16
6.955568114e-16
5.285325398e-16
5.549128748e-16
5.918635657e-16
6.115767325e-16
5.621954845e-16
5.74628816e-16
5.830968565e-16
6.541389564e-16
5.687733913e-16
5.827646368e-16
6.229610339e-16
6.878222846e-16
5.996422455e-16
6.280511669e-16
5.650706548e-16
6.170704519e-16
5.572464482e-16
5.841887424e-16
5.653888222e-16
6.021365901e-16
6.011388987e-16
5.552250272e-16
5.954345991e-16
5.632616537e-16
7.486468411e-16
5.44531776e-16
5.846497405e-16
6.119309789e-16
5.975164496e-16
5.903880586e-16
6.563390999e-16
7.358856078e-16
6.34237353e-16
6.019772789e-16
6.773032221e-16
6.537957377e-16
6.707089323e-16
7.397161535e-16
6.743830033e-16
7.245940159e-16
5.839125657e-16
5.200989466e-16
5.922246727e-16
5.22066927e-16
5.778252333e-16
5.637612643e-16
5.975667741e-16
5.859783733e-16
6.590879807e-16
5.461793866e-16
6.592142396e-16
6.205636944e-16
5.89566178e-16
6.34674661e-16
5.614692438e-16
6.113173892e-16
5.906023027e-16
5.826244428e-16
6.291055987e-16
6.38545586e-16
5.355295963e-16
5.445174763e-16
5.413481224e-16
5.466290808e-16
5.749215982e-16
5.933927e-16
5.423684837e-16
5.776262146e-16
5.531754308e-16
6.022448618e-16
6.164047533e-16
5.514935911e-16
5.591982747e-16
5.517405537e-16
5.628183078e-16
6.677676531e-16
6.829957462e-16
6.339821388e-16
6.129349051e-16
7.727591987e-16
5.828871512e-16
5.447206757e-16
5.452652878e-16
5.615793709e-16
5.771714061e-16
5.404790374e-16
5.460493086e-16
5.771055473e-16
5.313775911e-16
5.583887006e-16
5.585235479e-16
5.917499487e-16
5.733068571e-16
6.119996744e-16
5.650038496e-16
5.454447569e-16
6.093282231e-16
6.215454385e-16
5.496733283e-16
6.30750931e-16
5.498263477e-16
5.762010253e-16
5.140857634e-16
6.087816823e-16
5.382341872e-16
5.744648052e-16
5.769553036e-16
5.664468253e-16
5.720007543e-16
5.588824564e-16
5.574369306e-16
5.802289337e-16
5.923830701e-16
5.742514986e-16
5.758107324e-16
5.519409294e-16
6.369954149e-16
5.771418616e-16
5.781667993e-16
7.175013541e-16
6.014021459e-16
6.176733324e-16
6.237319086e-16
5.679547077e-16
5.352099257e-16
5.516986963e-16
5.62928702e-16
5.63868564e-16
6.459510778e-16
5.478226772e-16
5.897421524e-16
5.466186604e-16
5.712677421e-16
5.719659391e-16
5.966375129e-16
5.739893857e-16
5.724217053e-16
6.058943921e-16
6.357833018e-16
6.634111371e-16
5.754984483e-16
6.253784678e-16
5.382435498e-16
5.569537332e-16
6.032828709e-16
5.430932741e-16
5.271349039e-16
5.484826064e-16
5.634708823e-16
5.533902758e-16
5.643245257e-16
5.403075066e-16
5.336202812e-16
5.421132136e-16
5.536889486e-16
6.072195054e-16
5.856291337e-16
6.247461198e-16
6.511998579e-16
5.428015485e-16
5.479415086e-16
5.476601653e-16
5.292722499e-16
5.751008768e-16
5.550257476e-16
5.551294977e-16
5.21934237e-16
5.662604587e-16
6.346761075e-16
5.494234197e-16
5.74631034e-16
5.837035404e-16
5.542551659e-16
5.483026802e-16
5.443606276e-16
5.812889238e-16
5.568645139e-16
5.457563833e-16
5.786408696e-16
7.324164228e-16
5.48618362e-16
5.803931511e-16
5.707815319e-16
5.653471759e-16
5.619464001e-16
5.642504416e-16
5.463138592e-16
5.624227956e-16
5.487976634e-16
5.258250485e-16
6.161008618e-16
5.699019004e-16
6.042493937e-16
5.687630681e-16
6.395908248e-16
5.564265557e-16
6.689683948e-16
5.658332912e-16
8.022095105e-16
7.227422029e-16
5.479673144e-16
5.728786095e-16
6.394721482e-16
5.936320301e-16
5.824839934e-16
5.598277729e-16
6.080974182e-16
5.618664864e-16
5.34282144e-16
5.595605857e-16
5.869977166e-16
5.998634813e-16
5.192661108e-16
5.687847954e-16
5.861725678e-16
5.890718676e-16
5.768695202e-16
5.311410346e-16
5.748146174e-16
6.594049894e-16
5.872573194e-16
5.602517713e-16
6.212828039e-16
5.545371742e-16
5.795120445e-16
5.861198333e-16
5.95487041e-16
5.676899356e-16
6.083492783e-16
5.948795996e-16
5.361691333e-16
5.832528504e-16
6.089237078e-16
5.704707342e-16
5.484658318e-16
5.506512995e-16
5.900736186e-16
6.215182149e-16
5.774872361e-16
6.939529372e-16
5.641682986e-16
6.252110294e-16
5.832081831e-16
5.44454805e-16
5.580146158e-16
5.649304164e-16
5.684822769e-16
6.121869724e-16
5.602138289e-16
5.811401638e-16
5.600945591e-16
5.967196747e-16
5.8668289e-16
5.449081563e-16
5.453495522e-16
6.1575656e-16
5.644594158e-16
5.442848311e-16
5.19336031e-16
6.276376071e-16
5.82812635e-16
5.689727096e-16
5.740314534e-16
5.200177572e-16
6.320528665e-16
5.2581772e-16
5.93090456e-16
5.582022118e-16
5.624938832e-16
5.922253454e-16
6.110322613e-16
5.780389675e-16
6.014306495e-16
5.808659957e-16
5.909631178e-16
6.477541837e-16
6.783100596e-16
5.463165465e-16
6.601713247e-16
6.675312278e-16
5.559810752e-16
5.710917869e-16
5.658000836e-16
5.48453167e-16
5.330816154e-16
6.010077724e-16
5.6289085e-16
5.532725122e-16
5.622814523e-16
5.61007398e-16
5.915080873e-16
6.405331984e-16
5.776663694e-16
6.206358824e-16
5.708908125e-16
5.843124064e-16
5.669400826e-16
6.140595823e-16
6.243540046e-16
6.565672772e-16
5.661232361e-16
5.855710546e-16
5.271545431e-16
6.020920106e-16
5.563347791e-16
5.502307943e-16
5.500399327e-16
5.583413462e-16
5.496185128e-16
6.382815941e-16
5.850625696e-16
5.464782691e-16
5.533842887e-16
5.314138427e-16
5.844236716e-16
5.894014801e-16
5.927648081e-16
5.597462474e-16
6.190668936e-16
5.468218065e-16
5.425162309e-16
5.276084028e-16
5.603223753e-16
6.085758784e-16
6.234074852e-16
5.909834878e-16
5.840942014e-16
5.078886802e-16
5.245912945e-16
5.463283741e-16
5.800317071e-16
5.37891193e-16
6.167163714e-16
5.663546591e-16
6.167294776e-16
6.697840195e-16
5.868973068e-16
5.662310925e-16
5.884582023e-16
6.06954625e-16
5.800903975e-16
6.471233778e-16
5.475979256e-16
5.588043255e-16
5.713462729e-16
5.777040331e-16
5.791040643e-16
6.562714675e-16
6.591691139e-16
6.039949808e-16
7.233012381e-16
6.041116012e-16
6.249905471e-16
6.205501513e-16
5.765577647e-16
6.751403148e-16
7.155114935e-16
5.974725292e-16
6.253427892e-16
6.696482949e-16
6.094401741e-16
5.943943034e-16
5.352536183e-16
5.788277213e-16
5.724223405e-16
5.794886355e-16
5.796107695e-16
5.959653002e-16
5.264531001e-16
5.37770783e-16
5.382366131e-16
5.53583928e-16
6.112886876e-16
5.834548121e-16
5.895867534e-16
5.938621516e-16
6.676255272e-16
6.274110652e-16
6.596849537e-16
7.2479559e-16
5.911334581e-16
5.993958287e-16
5.473971111e-16
5.509960408e-16
5.828541309e-16
5.375783219e-16
5.383391585e-16
5.365157751e-16
5.642474339e-16
5.643996616e-16
5.684716661e-16
5.771902589e-16
6.088260485e-16
6.409592748e-16
5.38224897e-16
5.38201856e-16
5.636978017e-16
5.916904052e-16
6.392333524e-16
6.719447262e-16
6.012978172e-16
5.839587528e-16
5.692490579e-16
5.463295607e-16
5.732261253e-16
5.738932918e-16
5.634659047e-16
5.940684599e-16
5.492388227e-16
5.920806311e-16
5.574961483e-16
6.146177636e-16
5.831395283e-16
6.111166683e-16
5.946490517e-16
6.191329318e-16
5.670485887e-16
6.514053174e-16
6.529157039e-16
6.628491297e-16
5.742804589e-16
5.784949252e-16
5.459271091e-16
5.474882016e-16
5.128525734e-16
5.975960505e-16
5.72437067e-16
5.474532033e-16
6.374788772e-16
5.294092592e-16
5.458990089e-16
5.496159898e-16
5.559714253e-16
5.681747339e-16
6.100103441e-16
5.648229952e-16
5.403314127e-16
6.433859619e-16
6.234468321e-16
7.594807258e-16
5.576560603e-16
5.975313623e-16
5.8844069e-16
5.506067201e-16
5.879788527e-16
5.309984185e-16
5.443851706e-16
5.834191516e-16
5.360382368e-16
5.883629436e-16
5.732663331e-16
5.695169086e-16
5.424996889e-16
5.554032794e-16
5.801918278e-16
6.424960557e-16
6.174589897e-16
6.412792436e-16
7.573958524e-16
6.462941895e-16
6.181378893e-16
5.878275645e-16
5.369380891e-16
5.829568727e-16
6.121657784e-16
6.136692388e-16
6.10657508e-16
5.678721047e-16
5.589548528e-16
5.866419927e-16
6.014943775e-16
5.686942934e-16
5.841168225e-16
5.715607989e-16
5.865776613e-16
6.223702847e-16
5.656732986e-16
5.373643127e-16
5.640814362e-16
6.598473329e-16
5.954488985e-16
5.833074989e-16
5.870634836e-16
5.709926039e-16
6.146771292e-16
5.738425454e-16
5.970498235e-16
5.722796256e-16
5.776748704e-16
5.588443656e-16
6.074270033e-16
5.55418253e-16
5.862634752e-16
5.818684646e-16
5.760099433e-16
5.373646332e-16
5.558688669e-16
5.476131163e-16
5.973431025e-16
5.992507604e-16
5.622995806e-16
5.511651166e-16
5.715884481e-16
5.590875525e-16
5.648782667e-16
5.37215928e-16
5.928633152e-16
5.791035744e-16
5.67108666e-16
5.939832463e-16
5.213977898e-16
5.654560672e-16
5.647005011e-16
6.35888731e-16
6.020491631e-16
5.561373192e-16
5.661357068e-16
5.672354876e-16
6.692374486e-16
6.923851631e-16
5.431731431e-16
6.625377816e-16
6.520749929e-16
6.068112834e-16
5.825313692e-16
5.929038657e-16
5.401534398e-16
5.56110948e-16
5.572468775e-16
6.288564405e-16
5.703845313e-16
5.953327771e-16
5.953279654e-16
5.356717867e-16
6.433241926e-16
5.717697029e-16
5.744552058e-16
6.061975151e-16
7.204936628e-16
7.427353147e-16
5.333016334e-16
6.297226596e-16
5.445618809e-16
6.002489283e-16
5.384547392e-16
5.451720049e-16
5.942915406e-16
6.300052635e-16
5.595161478e-16
6.754188448e-16
5.519532551e-16
6.397902531e-16
5.953648988e-16
5.646187664e-16
5.881691531e-16
5.495710272e-16
5.656003417e-16
6.245961135e-16
6.16651379e-16
7.173287991e-16
5.561378603e-16
5.461820895e-16
5.722007721e-16
5.953725069e-16
6.316269485e-16
6.063168281e-16
5.588119785e-16
5.391350582e-16
5.702351557e-16
5.987295418e-16
5.836994872e-16
6.351753993e-16
6.18765782e-16
6.228794289e-16
5.454713769e-16
6.632183186e-16
5.809682704e-16
6.668346757e-16
5.325282183e-16
6.221140404e-16
5.489178146e-16
5.591823025e-16
5.569955517e-16
5.625964208e-16
5.603272277e-16
5.728626893e-16
5.910266588e-16
5.463818538e-16
5.746767204e-16
5.491616107e-16
5.798813716e-16
6.296556311e-16
5.297658682e-16
5.729108175e-16
5.926848259e-16
5.209364993e-16
5.502672837e-16
5.57546933e-16
6.72195273e-16
7.834334119e-16
5.362454107e-16
5.588663893e-16
5.979719211e-16
5.473792161e-16
5.841519444e-16
5.089981219e-16
5.457304873e-16
5.696019965e-16
5.861280499e-16
5.704882615e-16
5.571077399e-16
5.557527969e-16
6.410890417e-16
5.755966279e-16
5.869033006e-16
5.691141557e-16
5.850683966e-16
5.736442729e-16
6.629558711e-16
6.804884964e-16
5.689808723e-16
5.831973712e-16
5.624180343e-16
5.463009989e-16
5.533075524e-16
5.418918259e-16
5.31510083e-16
6.164163902e-16
5.567273535e-16
5.7898604e-16
6.126284907e-16
6.485736981e-16
5.447280063e-16
5.778344319e-16
5.695557559e-16
6.014540012e-16
5.306614147e-16
5.591448434e-16
5.544549166e-16
6.135572207e-16
5.596647827e-16
6.089543233e-16
5.731199759e-16
6.171507462e-16
5.972043773e-16
5.435160663e-16
5.853745808e-16
5.714749992e-16
6.875886678e-16
5.839843133e-16
6.170244276e-16
5.744810806e-16
6.004386504e-16
5.793288928e-16
5.96630388e-16
6.212049941e-16
5.666245334e-16
6.513254896e-16
5.866176534e-16
6.698245144e-16
5.629029319e-16
6.318799466e-16
5.578539348e-16
6.3136615e-16
5.358870527e-16
5.596281584e-16
6.447990789e-16
5.582442784e-16
6.135802801e-16
6.970250197e-16
6.363153177e-16
7.246529311e-16
7.944327999e-16
6.089509818e-16
7.182592115e-16
7.389291985e-16
7.083879326e-16
7.439107098e-16
5.720325881e-16
6.765476072e-16
5.308149423e-16
5.703543982e-16
5.726319953e-16
5.519048284e-16
6.286970117e-16
5.708997805e-16
5.432166815e-16
6.369421595e-16
5.993789574e-16
6.675449869e-16
5.413579086e-16
5.974332268e-16
6.195702054e-16
6.017179627e-16
5.816690196e-16
6.263547913e-16
6.283510975e-16
6.517395734e-16
7.13528936e-16
7.048015705e-16
5.845094396e-16
5.878092822e-16
5.904365764e-16
5.628030471e-16
5.741097602e-16
6.30465408e-16
5.641411386e-16
5.581110341e-16
5.632591385e-16
5.526320024e-16
5.945283978e-16
5.676707497e-16
5.32853127e-16
5.993894946e-16
5.517787822e-16
5.721700877e-16
5.845584859e-16
6.385605593e-16
7.89908524e-16
7.401463273e-16
5.875435242e-16
5.74264965e-16
5.581838949e-16
6.186018087e-16
5.323872862e-16
5.255758815e-16
5.75517667e-16
6.220361754e-16
5.828797456e-16
5.505415156e-16
6.048053009e-16
6.671617886e-16
6.990329375e-16
6.011850462e-16
5.856153269e-16
6.149203146e-16
5.444979346e-16
6.820386306e-16
6.430372913e-16
6.869215731e-16
5.484097524e-16
5.540660198e-16
6.214579262e-16
5.664840872e-16
5.800237403e-16
5.640020996e-16
5.894722581e-16
6.058830883e-16
5.637948366e-16
6.268590131e-16
5.792763211e-16
5.723883958e-16
5.795278606e-16
5.930862235e-16
5.592942687e-16
5.81416943e-16
5.819658494e-16
6.981195374e-16
5.481185221e-16
6.758661677e-16
5.682307387e-16
5.857787914e-16
5.60898126e-16
5.202673958e-16
5.400435455e-16
5.719399576e-16
5.37288067e-16
5.844487579e-16
6.592592673e-16
5.541637225e-16
5.518063145e-16
5.22741039e-16
5.66301292e-16
5.398757872e-16
5.364972876e-16
5.688402224e-16
6.586695368e-16
7.417805386e-16
5.920458572e-16
6.645994669e-16
5.927690537e-16
5.354939702e-16
5.764448807e-16
6.020789094e-16
5.3883952e-16
5.852278524e-16
5.350822032e-16
5.739924765e-16
6.338916472e-16
5.591967624e-16
5.471749927e-16
5.708419871e-16
5.46145949e-16
5.720715489e-16
5.246759569e-16
5.755057105e-16
6.795465897e-16
5.558630617e-16
7.337961761e-16
7.092593424e-16
5.409901027e-16
5.743787964e-16
5.504817785e-16
5.821456559e-16
5.660874063e-16
5.727245635e-16
5.566796752e-16
6.04386009e-16
5.513665575e-16
5.351621903e-16
5.184705611e-16
5.566572775e-16
5.918595386e-16
6.120956486e-16
6.377479837e-16
6.165103598e-16
5.563426617e-16
7.492644769e-16
6.349041138e-16
6.087552012e-16
5.509571981e-16
5.766480743e-16
5.701080449e-16
5.456602345e-16
5.515500641e-16
5.774558564e-16
5.708899904e-16
5.626708339e-16
5.622809918e-16
5.86718857e-16
6.380736612e-16
5.799339517e-16
5.540863647e-16
6.021027903e-16
5.771813264e-16
5.702251278e-16
5.653739106e-16
5.856211754e-16
6.517811293e-16
7.250621778e-16
5.278733431e-16
5.512356011e-16
5.079414443e-16
5.687996572e-16
5.913693271e-16
5.707686176e-16
5.413904456e-16
5.747806715e-16
5.646972604e-16
6.018553176e-16
5.898945629e-16
5.888633766e-16
5.652187524e-16
5.612931673e-16
6.448761396e-16
5.49874867e-16
5.7403535e-16
5.789983285e-16
6.652139375e-16
6.947800168e-16
5.708167689e-16
6.183368345e-16
5.657724716e-16
5.589043955e-16
5.777330052e-16
6.009757172e-16
5.421333851e-16
5.901907127e-16
5.453215674e-16
5.426769933e-16
6.178316257e-16
5.574043321e-16
5.529306392e-16
5.360469887e-16
5.703569549e-16
6.244980853e-16
5.544539858e-16
6.417722853e-16
7.32669992e-16
6.546003865e-16
5.591321217e-16
5.649179482e-16
5.405915932e-16
5.688524966e-16
5.703613154e-16
5.469605436e-16
6.31862649e-16
5.791675785e-16
5.597041286e-16
5.64582764e-16
5.71484276e-16
5.39261053e-16
5.371474109e-16
5.408962924e-16
6.103738052e-16
5.688285983e-16
5.772345814e-16
7.039773799e-16
7.504665803e-16
6.789318169e-16
5.54465227e-16
5.788150283e-16
5.660955716e-16
6.007889869e-16
5.738856491e-16
5.434918212e-16
5.553425564e-16
5.644790209e-16
5.62927879e-16
5.856016938e-16
5.776668261e-16
6.455553785e-16
6.688134643e-16
5.673378962e-16
5.799055462e-16
5.792304781e-16
6.272518729e-16
7.002832298e-16
5.619050654e-16
6.791797757e-16
5.808959915e-16
5.825920518e-16
5.195990442e-16
6.065354881e-16
5.864242085e-16
5.785372387e-16
5.553571296e-16
5.307211077e-16
6.088681582e-16
5.891786302e-16
6.315785505e-16
5.718190482e-16
5.935233202e-16
5.237777462e-16
5.723787784e-16
5.666590139e-16
5.744619871e-16
5.543138979e-16
5.623178314e-16
5.833675552e-16
5.978108774e-16
5.707715902e-16
5.564328148e-16
5.982991933e-16
5.683213458e-16
5.761188517e-16
6.187533811e-16
5.851717926e-16
5.556704285e-16
5.776975273e-16
6.548491127e-16
5.950195478e-16
5.479161477e-16
5.821488717e-16
5.944994957e-16
5.644629515e-16
5.697715661e-16
6.66559378e-16
5.659911337e-16
5.886286604e-16
5.783306525e-16
5.43646283e-16
6.137418764e-16
5.955905485e-16
5.373869364e-16
5.71507996e-16
5.304560486e-16
5.920461346e-16
5.518384208e-16
6.117653114e-16
5.570221355e-16
5.537920037e-16
5.971849722e-16
5.872448758e-16
6.321726812e-16
5.664296794e-16
5.882007732e-16
5.468399673e-16
6.328192801e-16
6.653305217e-16
5.535220333e-16
5.596811997e-16
6.239221123e-16
5.418734298e-16
5.406673217e-16
5.146641214e-16
6.16006689e-16
6.53907014e-16
6.816446513e-16
6.078143401e-16
6.622301266e-16
6.062646054e-16
6.666460954e-16
6.456760968e-16
6.773201685e-16
5.89909856e-16
6.575457121e-16
6.475772768e-16
6.588274093e-16
7.371944619e-16
5.999878243e-16
5.604408289e-16
5.327238533e-16
5.767782983e-16
5.473203374e-16
5.769675073e-16
5.888951838e-16
5.855435028e-16
5.7405158e-16
5.646130711e-16
5.467815125e-16
6.431449389e-16
7.169520591e-16
6.087852438e-16
5.481441916e-16
6.870721282e-16
5.860123811e-16
6.788689363e-16
6.788941712e-16
7.536185182e-16
5.586198672e-16
5.841875342e-16
5.506393858e-16
5.998807269e-16
5.167802899e-16
5.572604945e-16
5.474483728e-16
5.466149184e-16
5.69884531e-16
6.224227658e-16
6.070367159e-16
5.771792296e-16
6.017694732e-16
5.532055024e-16
6.026223913e-16
5.725842414e-16
5.975662131e-16
6.216491553e-16
6.67410025e-16
7.329502207e-16
5.527858822e-16
5.559438437e-16
5.895887143e-16
6.008597044e-16
5.670483834e-16
6.077675334e-16
5.75503765e-16
6.050316991e-16
5.427806292e-16
5.714126787e-16
5.579292655e-16
5.382936573e-16
6.305944928e-16
5.703165201e-16
5.550846584e-16
5.814807277e-16
6.742204249e-16
5.524393268e-16
6.170774593e-16
6.600299351e-16
6.049866641e-16
5.538136765e-16
5.547946428e-16
5.639812319e-16
6.25503337e-16
5.854900913e-16
6.440720212e-16
5.469609501e-16
5.645192934e-16
5.909220318e-16
5.610997888e-16
5.525803187e-16
5.390048075e-16
5.655849742e-16
6.024112596e-16
5.694768172e-16
5.475782391e-16
6.289499064e-16
5.443905502e-16
7.081420955e-16
5.622510643e-16
6.125234422e-16
5.603216662e-16
5.384953571e-16
5.798811058e-16
5.471667886e-16
5.268091073e-16
5.521378336e-16
5.329681312e-16
5.439341656e-16
5.807390674e-16
6.105156749e-16
5.592385854e-16
6.277244213e-16
5.626234823e-16
5.727081606e-16
7.624928497e-16
6.52159578e-16
6.186750557e-16
7.424616058e-16
5.519528314e-16
5.495053373e-16
5.918222581e-16
5.583408577e-16
5.292259565e-16
5.632002325e-16
5.780445171e-16
5.823210555e-16
5.34519118e-16
6.60130481e-16
5.722532136e-16
5.55923907e-16
5.627216753e-16
5.942131565e-16
5.66918274e-16
6.199415333e-16
5.762104522e-16
7.663945693e-16
6.969997433e-16
7.227395794e-16
5.753820031e-16
5.522687693e-16
5.242108508e-16
5.493759042e-16
5.813077041e-16
5.914144192e-16
5.671459162e-16
5.702465435e-16
5.735973107e-16
5.376974291e-16
5.629278221e-16
5.57655686e-16
5.852158811e-16
6.071376016e-16
5.977810519e-16
6.233953351e-16
6.067877155e-16
5.726414016e-16
7.174981913e-16
7.558699029e-16
5.855562105e-16
5.685531331e-16
5.722791819e-16
6.362003167e-16
5.421787092e-16
5.796322676e-16
5.634902168e-16
5.654909896e-16
5.965825445e-16
6.258487605e-16
5.435801942e-16
6.100359282e-16
5.4800938e-16
5.816504107e-16
6.377146135e-16
5.474182111e-16
6.313914186e-16
5.889213736e-16
5.348769957e-16
7.500021751e-16
5.47887342e-16
5.374905525e-16
5.509253005e-16
6.053856061e-16
5.748343823e-16
5.855848399e-16
6.538209359e-16
5.388586874e-16
5.707152453e-16
6.272953154e-16
5.832405799e-16
5.582550078e-16
5.961893829e-16
5.658913898e-16
5.832228554e-16
5.786535303e-16
5.525207632e-16
5.27323771e-16
5.77349094e-16
7.418069296e-16
5.808571417e-16
5.366046985e-16
5.917089081e-16
5.888411274e-16
5.768587217e-16
5.671188095e-16
5.511185618e-16
5.64964957e-16
5.618523057e-16
5.667712247e-16
5.654959616e-16
6.170990725e-16
5.731299416e-16
5.079428939e-16
5.438860996e-16
5.427899719e-16
5.618021718e-16
5.845451625e-16
6.499961301e-16
6.38889856e-16
6.085317588e-16
6.076957771e-16
5.41898044e-16
5.635411271e-16
5.385813806e-16
5.212181703e-16
5.953269648e-16
5.446741254e-16
5.59417577e-16
6.092945927e-16
5.601811892e-16
5.642039696e-16
5.442065749e-16
6.263590393e-16
5.947648352e-16
6.657111412e-16
6.277007665e-16
5.900833129e-16
7.255031229e-16
6.703086329e-16
6.069130689e-16
5.623096731e-16
5.958490843e-16
5.914585513e-16
5.519446115e-16
5.40694904e-16
5.720195775e-16
5.460410748e-16
5.485285052e-16
6.052575852e-16
5.540192317e-16
5.730555889e-16
5.952075473e-16
5.573248534e-16
5.230142561e-16
5.792406157e-16
5.72977866e-16
6.715434097e-16
6.013133362e-16
6.946522641e-16
5.475589454e-16
5.884899204e-16
6.175621572e-16
5.777460202e-16
5.755205935e-16
5.655677314e-16
5.718592597e-16
6.020585283e-16
6.096701028e-16
6.634158622e-16
5.556561144e-16
6.13703701e-16
5.437401812e-16
7.748085141e-16
5.849186823e-16
6.108602469e-16
5.401974655e-16
5.572531443e-16
6.766354358e-16
7.208482816e-16
5.349181286e-16
5.909592064e-16
5.239379363e-16
5.534498753e-16
5.801662894e-16
5.67602975e-16
5.508206755e-16
5.909092724e-16
5.83715064e-16
5.895321756e-16
5.784200022e-16
7.252999892e-16
5.80787306e-16
5.80571717e-16
5.37389963e-16
5.735985265e-16
6.405533228e-16
6.810973263e-16
6.618762714e-16
6.003458253e-16
5.535182723e-16
5.612438167e-16
6.064443519e-16
5.564165481e-16
5.874770128e-16
5.762250449e-16
5.278191185e-16
5.63750704e-16
7.815121441e-16
6.679659881e-16
6.10850618e-16
6.184704077e-16
6.692928991e-16
5.464437503e-16
7.135807846e-16
5.979015767e-16
5.758064726e-16
6.246683975e-16
6.065828514e-16
6.027733131e-16
6.155268678e-16
6.150196538e-16
6.278450684e-16
5.760385314e-16
6.373611472e-16
6.713658497e-16
6.425292806e-16
7.258770729e-16
5.918072095e-16
5.948324034e-16
6.658798807e-16
6.682584706e-16
5.706161236e-16
6.554323712e-16
7.187984691e-16
6.911381373e-16
7.208489109e-16
6.296294163e-16
6.625296459e-16
7.054824053e-16
5.936610819e-16
5.518243805e-16
5.654965484e-16
5.94590715e-16
5.825545032e-16
5.689720563e-16
5.70996934e-16
6.595458883e-16
5.805447309e-16
5.80760818e-16
6.658083755e-16
5.910535046e-16
5.954874986e-16
6.106161087e-16
7.020321086e-16
5.914641649e-16
6.561393553e-16
6.827214678e-16
6.895396571e-16
7.032642769e-16
5.019930469e-16
5.366114665e-16
5.566525156e-16
5.654375791e-16
5.882848959e-16
5.517805823e-16
6.978619765e-16
6.37248095e-16
6.044783473e-16
5.432704927e-16
6.271663866e-16
6.005130676e-16
7.201327076e-16
5.696724363e-16
5.667131754e-16
5.630219098e-16
5.466450153e-16
6.218579837e-16
6.935258126e-16
7.04573549e-16
5.811056115e-16
5.821726198e-16
5.64152783e-16
5.645971879e-16
5.906439705e-16
6.284559098e-16
5.637554442e-16
5.69628324e-16
5.678616617e-16
5.445681569e-16
5.688909397e-16
5.837690612e-16
6.197750313e-16
5.964241106e-16
5.788359754e-16
6.126171839e-16
5.687353785e-16
5.685103468e-16
5.627922033e-16
7.25717019e-16
5.435343328e-16
5.633934237e-16
6.090298487e-16
6.050993465e-16
6.000119413e-16
5.804127069e-16
5.756903123e-16
5.196451351e-16
5.515003532e-16
5.849443125e-16
5.665613188e-16
5.934303128e-16
5.537276601e-16
5.984470179e-16
5.460690843e-16
5.354830061e-16
5.791455336e-16
5.942163304e-16
7.601748461e-16
7.20929091e-16
5.515624876e-16
5.802849822e-16
5.569449947e-16
5.418978611e-16
5.714534219e-16
6.057637188e-16
5.501099599e-16
5.680518102e-16
5.605877386e-16
5.706402817e-16
5.672078659e-16
5.786712886e-16
5.770599236e-16
5.809667646e-16
5.899330175e-16
6.222242029e-16
5.815909943e-16
7.112251297e-16
6.105259333e-16
7.36371576e-16
5.520963428e-16
6.352160805e-16
5.539433947e-16
6.112709539e-16
5.920008676e-16
5.344424338e-16
5.493509688e-16
5.610118594e-16
6.073187274e-16
5.557633577e-16
5.833765278e-16
6.13814335e-16
5.887644176e-16
5.443037516e-16
6.249249294e-16
6.225955012e-16
6.116977628e-16
7.140306264e-16
6.376253891e-16
6.56717109e-16
5.364055603e-16
5.299130339e-16
5.785297455e-16
6.525418273e-16
5.828922015e-16
5.530904138e-16
6.048249374e-16
5.789436355e-16
5.355009662e-16
5.959733202e-16
5.483255173e-16
6.117679236e-16
5.743634031e-16
5.58591334e-16
6.308386605e-16
5.799476187e-16
5.796877999e-16
6.866205197e-16
7.402164164e-16
7.585853428e-16
6.375325067e-16
5.466188342e-16
6.101250751e-16
6.196427444e-16
6.089928931e-16
5.867073649e-16
5.419759745e-16
5.945498187e-16
5.55197903e-16
6.027084641e-16
5.73561993e-16
6.060950049e-16
6.033341806e-16
5.593482608e-16
7.157129636e-16
5.472620788e-16
5.990616338e-16
5.531226452e-16
7.373758027e-16
7.305305821e-16
5.440907069e-16
5.72056444e-16
5.65424696e-16
6.016240044e-16
5.722395591e-16
5.796467384e-16
5.713105224e-16
5.667292814e-16
5.854573416e-16
5.882193925e-16
5.719133034e-16
5.695860462e-16
5.524898524e-16
5.627338967e-16
5.679422898e-16
7.442141467e-16
6.087899108e-16
7.42789386e-16
6.822885127e-16
7.105489674e-16
5.456493753e-16
5.754226119e-16
5.569056284e-16
5.804850916e-16
5.567949518e-16
5.855419594e-16
5.799429382e-16
5.436935119e-16
5.406155855e-16
5.53984569e-16
5.550926851e-16
6.326298695e-16
6.21141181e-16
5.390214526e-16
5.743155459e-16
5.471758566e-16
6.036463213e-16
5.672651191e-16
6.554776796e-16
7.489147797e-16
5.536271185e-16
5.688073382e-16
5.489964213e-16
5.579389197e-16
5.490464933e-16
5.649117876e-16
6.014132028e-16
5.95193993e-16
5.683530366e-16
6.095956932e-16
5.73497025e-16
5.746358252e-16
5.37449946e-16
5.424898761e-16
5.998100272e-16
5.661028852e-16
5.651889941e-16
7.049262587e-16
7.292531188e-16
7.319700137e-16
5.700432973e-16
5.80249319e-16
5.313340203e-16
6.198070144e-16
5.635119679e-16
5.713813568e-16
6.14818653e-16
5.930319882e-16
5.964433532e-16
6.016443815e-16
5.953464227e-16
5.641591338e-16
5.454074556e-16
6.265560068e-16
5.785369828e-16
6.168183782e-16
5.508965857e-16
7.389666077e-16
6.083156019e-16
7.527091999e-16
5.437325945e-16
5.767186149e-16
5.484326152e-16
5.27929152e-16
5.798252051e-16
5.101319993e-16
5.79855566e-16
5.9617188e-16
5.47574826e-16
5.845123862e-16
6.039549174e-16
6.342622837e-16
5.880046523e-16
5.96598276e-16
5.719056879e-16
6.308148845e-16
6.346227402e-16
6.687609168e-16
6.269404609e-16
6.290162438e-16
5.339850332e-16
6.005891805e-16
5.837411381e-16
5.345855747e-16
5.536266586e-16
5.341671784e-16
5.924562475e-16
5.70886521e-16
6.809291886e-16
6.06802487e-16
5.751449774e-16
5.925687287e-16
5.442458201e-16
5.772058615e-16
6.21076006e-16
6.015709286e-16
6.340913075e-16
6.251718266e-16
6.015891722e-16
7.295638795e-16
5.736061323e-16
5.843433974e-16
6.483772465e-16
5.3478929e-16
6.775600583e-16
5.706076772e-16
6.112307598e-16
6.224997186e-16
5.642294072e-16
5.591197591e-16
6.155883906e-16
6.715630518e-16
5.870547652e-16
5.703397598e-16
6.462943902e-16
6.548709437e-16
6.17149987e-16
5.603709026e-16
6.468605683e-16
6.483558184e-16
5.377786255e-16
5.962837122e-16
5.798754789e-16
5.64836839e-16
6.299843258e-16
6.157397939e-16
6.989116068e-16
6.592550132e-16
6.979627911e-16
7.127821268e-16
6.397800321e-16
6.531467393e-16
7.009866105e-16
7.120267407e-16
6.241376585e-16
6.51471691e-16
6.426657979e-16
6.722203056e-16
6.639774448e-16
7.351593552e-16
5.90700954e-16
6.008989928e-16
5.551975109e-16
5.717152134e-16
5.471885194e-16
6.226287018e-16
5.619515483e-16
5.999338942e-16
5.68064758e-16
6.095165536e-16
5.554496399e-16
6.78260866e-16
6.669411484e-16
6.454162015e-16
5.652118022e-16
5.812896789e-16
6.637749761e-16
7.247238858e-16
7.013415617e-16
6.818638221e-16
5.879660243e-16
5.539562196e-16
6.046406147e-16
5.281481835e-16
5.96133545e-16
5.550678655e-16
5.695863518e-16
6.303806392e-16
6.48282607e-16
5.982526187e-16
6.980479601e-16
6.329629727e-16
5.982281991e-16
6.891865804e-16
5.734992395e-16
5.950794572e-16
6.306462683e-16
6.324132955e-16
7.224751408e-16
7.092788859e-16
5.540603305e-16
5.756018383e-16
6.184657945e-16
5.577852907e-16
5.478726901e-16
5.858376074e-16
5.978441483e-16
5.996981787e-16
5.490800331e-16
5.551742702e-16
5.369517665e-16
6.14990661e-16
5.988697906e-16
6.249920392e-16
6.345528942e-16
6.210526436e-16
7.477252755e-16
6.176215239e-16
6.265443234e-16
7.081086339e-16
5.553196119e-16
5.34558656e-16
6.040542695e-16
6.431974294e-16
5.55025102e-16
5.756242836e-16
6.128803802e-16
5.917587299e-16
5.623813499e-16
5.409905825e-16
5.437249493e-16
5.331855121e-16
6.122953263e-16
5.631644904e-16
5.422165608e-16
5.277540848e-16
6.725244549e-16
6.72477053e-16
6.81619405e-16
6.652298338e-16
5.661070287e-16
5.704007054e-16
5.353458463e-16
5.424366699e-16
5.697545293e-16
5.697496103e-16
5.830592611e-16
5.80667164e-16
5.981406097e-16
6.327832865e-16
5.509537266e-16
5.600454064e-16
6.15303153e-16
6.060850935e-16
6.630318442e-16
5.533511345e-16
5.876219712e-16
6.271971488e-16
6.179098716e-16
6.935017568e-16
5.635637102e-16
5.665620822e-16
5.396728221e-16
5.484934389e-16
5.926660136e-16
5.80685953e-16
5.930697994e-16
5.490530479e-16
5.763788142e-16
5.731403321e-16
5.791807526e-16
5.459725662e-16
5.893090769e-16
5.211447317e-16
5.168441805e-16
6.807252442e-16
6.422541035e-16
6.794390458e-16
6.809579399e-16
6.870441546e-16
5.772826973e-16
6.468912321e-16
6.057709906e-16
6.541397268e-16
5.725318671e-16
5.357938801e-16
6.091271507e-16
6.007918389e-16
5.796897035e-16
5.692135513e-16
5.61075787e-16
5.510721129e-16
5.740395597e-16
5.881696079e-16
5.663095058e-16
5.715395034e-16
5.743281746e-16
6.983525345e-16
6.808500802e-16
6.674482281e-16
6.145678291e-16
6.004137361e-16
5.562996054e-16
5.52951311e-16
5.551882055e-16
5.655502287e-16
5.622562969e-16
5.579734385e-16
5.659862452e-16
5.741851455e-16
5.49906731e-16
5.428420856e-16
5.549282631e-16
5.194009485e-16
5.741002464e-16
5.863661948e-16
6.675177014e-16
5.897129241e-16
6.467701071e-16
6.943220811e-16
5.67803737e-16
5.557079951e-16
5.36497486e-16
5.69234699e-16
6.125207672e-16
5.882391524e-16
6.022942932e-16
5.762213755e-16
5.546688265e-16
5.531997118e-16
5.517320658e-16
6.256838858e-16
5.456449588e-16
5.700842869e-16
5.749502402e-16
6.59201546e-16
5.892980886e-16
5.880218065e-16
6.526950271e-16
6.596571871e-16
5.801054211e-16
5.589094209e-16
5.56092235e-16
5.758094833e-16
5.789366292e-16
5.613722936e-16
5.422409008e-16
6.269956134e-16
6.197336035e-16
5.572871234e-16
5.846289167e-16
5.613296681e-16
5.304745594e-16
5.424836456e-16
6.005410644e-16
5.485495799e-16
5.778321606e-16
5.688281708e-16
6.823076006e-16
7.842670769e-16
5.439434028e-16
6.185702616e-16
5.493154632e-16
5.386943894e-16
5.591600009e-16
6.13561919e-16
6.704805662e-16
5.525864613e-16
5.950070766e-16
5.222109984e-16
5.974567965e-16
6.171078222e-16
5.739654066e-16
5.910324544e-16
5.976110375e-16
6.123100314e-16
5.53183855e-16
6.716597702e-16
6.559586774e-16
7.150671694e-16
5.848928084e-16
5.741858164e-16
5.821176617e-16
5.737991952e-16
5.839117165e-16
5.761264364e-16
5.472392349e-16
6.011279944e-16
5.60550523e-16
5.686303058e-16
5.529260425e-16
5.722775374e-16
6.429308773e-16
5.177555011e-16
6.413933586e-16
5.671883916e-16
6.564641792e-16
5.744400569e-16
7.545333732e-16
6.653597046e-16
5.46901216e-16
5.641805286e-16
5.7712769e-16
5.356810374e-16
5.769160715e-16
5.454531979e-16
5.559463305e-16
5.793109114e-16
5.958432763e-16
5.923257767e-16
5.813847436e-16
5.810656698e-16
5.458617943e-16
5.749520914e-16
5.439146623e-16
5.529394763e-16
6.912739494e-16
6.052009339e-16
7.144649847e-16
7.332944085e-16
5.430963938e-16
5.541419859e-16
5.239319859e-16
5.630640609e-16
5.421999984e-16
5.471976839e-16
5.598622484e-16
6.234464324e-16
5.929042089e-16
5.492315982e-16
5.512827926e-16
5.563192209e-16
6.086301911e-16
5.886738976e-16
5.401965198e-16
5.835299172e-16
6.581381226e-16
6.055977142e-16
5.96950646e-16
7.525919663e-16
5.543847654e-16
5.666772403e-16
5.400801811e-16
5.315940801e-16
5.771565657e-16
5.597221479e-16
5.397812983e-16
5.989766129e-16
5.938105539e-16
5.58552609e-16
6.131309858e-16
5.485094824e-16
6.036445883e-16
6.607610604e-16
6.375340279e-16
5.965126851e-16
5.91391028e-16
5.986049443e-16
6.634648306e-16
6.031948147e-16
6.258306905e-16
5.853634559e-16
7.156322816e-16
5.77993858e-16
5.261078487e-16
5.796112387e-16
6.452968834e-16
6.312829167e-16
7.438797541e-16
6.692058056e-16
6.46718887e-16
6.632235261e-16
6.075555856e-16
6.473205209e-16
6.92716733e-16
7.184827531e-16
7.42959569e-16
6.057862206e-16
6.939946885e-16
6.991655602e-16
5.751894511e-16
5.015604935e-16
6.173874528e-16
5.430471866e-16
5.663090127e-16
5.875203267e-16
6.096394557e-16
7.047652558e-16
5.799530963e-16
5.716820501e-16
6.39605295e-16
5.827495309e-16
6.76281452e-16
5.730719137e-16
6.526406574e-16
6.079190613e-16
6.927412691e-16
6.609539647e-16
6.805120082e-16
6.387886426e-16
5.554981279e-16
5.999886641e-16
5.503200741e-16
6.148346337e-16
5.8062258e-16
5.256604793e-16
5.22842211e-16
5.780895323e-16
6.73829027e-16
5.422283943e-16
6.048477383e-16
5.991943649e-16
5.629903898e-16
5.460524108e-16
6.337375703e-16
5.439578454e-16
5.462797093e-16
7.106558099e-16
6.40054677e-16
7.213591976e-16
5.744356132e-16
5.774055751e-16
5.401274214e-16
5.849988532e-16
5.974160617e-16
5.816136825e-16
5.626541519e-16
5.632327853e-16
5.591370531e-16
6.269104675e-16
5.375581438e-16
5.719660352e-16
5.778619509e-16
5.97137904e-16
5.823459037e-16
5.562294097e-16
5.710209951e-16
6.947181425e-16
7.153520428e-16
6.607977376e-16
5.355383972e-16
5.526848729e-16
6.217480127e-16
5.655002129e-16
5.605466447e-16
5.258700671e-16
5.653795846e-16
6.051786567e-16
5.496606819e-16
5.749914985e-16
6.004830731e-16
5.776694133e-16
6.097268106e-16
5.706760101e-16
5.785741392e-16
6.837038832e-16
5.645991797e-16
7.456840205e-16
7.907884605e-16
7.072733185e-16
6.759129756e-16
5.797767548e-16
5.923402743e-16
6.215351085e-16
6.355622894e-16
5.700947242e-16
5.492355051e-16
6.114328885e-16
5.528135013e-16
5.754380149e-16
6.081697043e-16
6.63804865e-16
5.625961732e-16
5.775997664e-16
5.577375992e-16
6.207026942e-16
6.764627597e-16
6.687233649e-16
6.600409844e-16
8.00151249e-16
5.659135596e-16
5.550221241e-16
5.879384151e-16
5.48421279e-16
5.783389025e-16
5.619305905e-16
5.586678749e-16
5.928538588e-16
5.965755912e-16
5.210932319e-16
5.746813722e-16
6.16225933e-16
5.385796864e-16
5.411535836e-16
5.740192758e-16
5.83267401e-16
6.201344443e-16
7.114096472e-16
6.799164929e-16
7.067003575e-16
5.562193389e-16
6.406726944e-16
5.690185417e-16
6.381184307e-16
5.47274772e-16
5.501147196e-16
5.328936466e-16
5.636009123e-16
6.102915535e-16
5.734477541e-16
5.626705275e-16
5.589404894e-16
5.613306404e-16
5.526853901e-16
5.665505144e-16
7.542533631e-16
7.335379317e-16
5.454688223e-16
6.200006541e-16
7.433038399e-16
5.933256019e-16
6.003950019e-16
5.930793887e-16
5.77566343e-16
5.160984961e-16
5.295136316e-16
5.713226775e-16
5.701554826e-16
5.400769377e-16
6.043696154e-16
5.578735134e-16
5.957998072e-16
6.590738111e-16
5.402675253e-16
5.405987479e-16
6.091472097e-16
6.673735008e-16
5.67525137e-16
6.276397767e-16
7.206130036e-16
5.708885689e-16
5.709342969e-16
5.470339951e-16
5.912210793e-16
5.293239205e-16
5.463282354e-16
5.99534987e-16
6.422960965e-16
5.994399857e-16
5.570210396e-16
6.030540438e-16
6.263037753e-16
6.21609636e-16
5.574156681e-16
5.952739588e-16
6.620710901e-16
5.55585863e-16
7.370393676e-16
6.773023055e-16
7.004012623e-16
5.485314908e-16
5.887064081e-16
5.754590952e-16
5.974800136e-16
5.970907188e-16
5.991209946e-16
5.957034312e-16
6.040133487e-16
5.615205332e-16
5.336835664e-16
5.389950278e-16
5.76424674e-16
5.899575633e-16
5.377085129e-16
5.487911075e-16
6.036468862e-16
5.90826767e-16
7.043112737e-16
6.680450057e-16
6.740805127e-16
6.129649733e-16
5.447427818e-16
5.802469901e-16
6.13987408e-16
5.633464891e-16
5.675878684e-16
5.467168822e-16
5.573361646e-16
5.729049263e-16
5.541536308e-16
5.74529768e-16
6.302731307e-16
5.962529803e-16
6.206124633e-16
6.143980834e-16
6.257106257e-16
6.48439562e-16
6.494139758e-16
6.306061052e-16
7.018993624e-16
6.167521412e-16
5.621912046e-16
5.633699972e-16
5.75429919e-16
5.996252228e-16
5.692687607e-16
5.70767285e-16
5.750783749e-16
5.401862358e-16
5.381545724e-16
5.609368564e-16
5.41486551e-16
6.458091082e-16
6.170805988e-16
5.818039641e-16
6.579661745e-16
6.297642348e-16
5.857712054e-16
6.726558002e-16
6.382942472e-16
5.690932763e-16
5.376039756e-16
5.570421134e-16
5.596328421e-16
5.21357636e-16
6.119115338e-16
6.298593128e-16
5.417917198e-16
5.489200706e-16
5.886286101e-16
5.586345163e-16
5.942427905e-16
6.153210409e-16
5.746722116e-16
6.097304291e-16
5.623082867e-16
5.998071618e-16
5.412989601e-16
7.53011952e-16
6.358642273e-16
5.682406659e-16
5.436936891e-16
5.67356505e-16
5.477910939e-16
5.745994557e-16
5.561459537e-16
6.051685821e-16
5.585797687e-16
5.520940121e-16
5.783873652e-16
5.62647489e-16
5.815868879e-16
5.952990667e-16
6.714183635e-16
6.109843116e-16
6.606975643e-16
6.113720324e-16
5.731612423e-16
7.47541328e-16
7.17861168e-16
5.274736154e-16
5.906374573e-16
5.91530407e-16
5.462634085e-16
5.88359237e-16
5.726883343e-16
6.432455738e-16
5.50940875e-16
5.889249968e-16
6.010606405e-16
6.22849948e-16
6.015466065e-16
5.519563945e-16
6.704084264e-16
5.828452858e-16
6.205086087e-16
6.722553164e-16
5.877072614e-16
5.328328636e-16
6.240122307e-16
5.243271144e-16
5.49251966e-16
5.390532959e-16
6.903180216e-16
5.588462945e-16
5.924160117e-16
6.092712494e-16
5.844448999e-16
5.768111152e-16
6.975672025e-16
6.67616158e-16
6.743720385e-16
6.735749274e-16
7.908171302e-16
6.170060202e-16
7.611957569e-16
6.568484856e-16
7.16578199e-16
7.436551072e-16
7.226383361e-16
5.593988193e-16
5.977620126e-16
6.040026529e-16
5.601914643e-16
5.813095308e-16
5.709807114e-16
5.788575155e-16
5.29679358e-16
6.456794078e-16
5.755342181e-16
6.360248704e-16
6.395335214e-16
6.8183006e-16
6.664205548e-16
6.754643275e-16
7.26095986e-16
6.693767231e-16
7.643705235e-16
7.875306559e-16
7.06950858e-16
5.723571192e-16
5.480515545e-16
5.505249544e-16
5.55250756e-16
5.690197336e-16
5.437617188e-16
5.154931488e-16
6.235504712e-16
5.935276272e-16
5.701332938e-16
6.708244977e-16
5.70508948e-16
6.427114154e-16
6.187325934e-16
6.132629688e-16
6.329773981e-16
7.023758884e-16
5.948262034e-16
6.688555994e-16
7.354214589e-16
5.576487457e-16
5.45179738e-16
5.62559762e-16
5.612696902e-16
5.801301125e-16
5.381108628e-16
5.33605534e-16
5.666260593e-16
6.004675724e-16
6.378252188e-16
5.259237408e-16
5.830129889e-16
6.234810284e-16
5.746024542e-16
6.209187178e-16
6.474477948e-16
6.578876953e-16
7.109115306e-16
6.294923966e-16
6.516527873e-16
5.370780715e-16
5.361977022e-16
5.589971541e-16
5.770053035e-16
5.612503226e-16
5.225955195e-16
5.367096185e-16
5.946751294e-16
5.553052882e-16
5.961940791e-16
5.800581201e-16
6.647128842e-16
5.561889939e-16
5.326623864e-16
5.970682631e-16
6.462119153e-16
5.844331917e-16
7.032559086e-16
7.034926063e-16
8.182476867e-16
5.332565818e-16
6.187578986e-16
5.984216925e-16
5.392404721e-16
5.488464442e-16
5.376176541e-16
5.966675058e-16
5.547919293e-16
5.351791852e-16
5.571215371e-16
5.95137432e-16
5.686987148e-16
5.623892549e-16
5.624645731e-16
6.485774354e-16
6.028737607e-16
5.761880162e-16
6.317433803e-16
6.733357413e-16
7.362799689e-16
5.847107032e-16
5.399205984e-16
6.053671985e-16
6.046527263e-16
5.889175035e-16
5.56284983e-16
5.262030432e-16
5.514354001e-16
5.485174338e-16
5.96229223e-16
5.567971901e-16
5.813411123e-16
5.438278749e-16
5.227762038e-16
6.019991241e-16
5.894852039e-16
6.065490812e-16
6.555471669e-16
7.48347817e-16
6.931285094e-16
5.524162627e-16
5.890169958e-16
5.584170364e-16
5.478602981e-16
5.405301623e-16
5.433507106e-16
5.330897241e-16
5.760401187e-16
5.444745342e-16
5.863260753e-16
5.964197213e-16
5.818173554e-16
5.748449633e-16
5.651563484e-16
5.435960783e-16
5.680132336e-16
5.50171621e-16
7.36249433e-16
6.476612504e-16
7.262353364e-16
5.815216631e-16
5.926964832e-16
5.830700191e-16
6.178686098e-16
5.347350788e-16
5.819404362e-16
5.904704173e-16
5.671154352e-16
5.475831826e-16
5.55903963e-16
5.245775644e-16
5.36674291e-16
5.626313556e-16
5.4953824e-16
5.601980513e-16
6.093774094e-16
6.54478772e-16
6.536120166e-16
6.796921312e-16
7.112504447e-16
5.69647697e-16
5.524778837e-16
5.307588331e-16
6.012474101e-16
5.368226721e-16
6.351237185e-16
5.56389776e-16
6.132932274e-16
5.47628454e-16
5.251550764e-16
5.803729105e-16
6.017548533e-16
6.760515791e-16
5.625013413e-16
5.890293677e-16
5.802371326e-16
5.522111688e-16
7.152011032e-16
6.681440944e-16
7.135054072e-16
5.420201366e-16
5.276062758e-16
5.349514952e-16
5.978255226e-16
5.995173143e-16
5.851089831e-16
5.979218981e-16
5.143272539e-16
5.49890331e-16
5.830716215e-16
5.870525502e-16
5.713155767e-16
5.846035975e-16
6.041351625e-16
5.863831452e-16
6.203713682e-16
6.403600905e-16
5.570018693e-16
7.08383624e-16
7.181856087e-16
5.610494622e-16
6.24801421e-16
5.681287671e-16
6.090935701e-16
5.569413229e-16
5.530301108e-16
5.459382664e-16
5.428969436e-16
5.458022896e-16
5.557647307e-16
6.119871346e-16
6.293567527e-16
5.593135614e-16
5.509470257e-16
5.628819582e-16
5.938939781e-16
7.146181373e-16
5.47024029e-16
6.407059764e-16
7.374780396e-16
5.447953668e-16
5.225886057e-16
5.664154953e-16
5.852737478e-16
5.954376914e-16
5.653140388e-16
5.214163645e-16
5.181193818e-16
5.364326162e-16
5.641334143e-16
5.689365095e-16
5.517941282e-16
5.779718532e-16
5.39420736e-16
5.663659839e-16
5.694937996e-16
6.318326559e-16
6.019571855e-16
7.833549111e-16
7.100553476e-16
5.963757994e-16
6.206652895e-16
5.886821538e-16
5.367496083e-16
5.720667626e-16
5.493384404e-16
5.496877329e-16
6.056071351e-16
5.311271136e-16
5.911691669e-16
5.821133261e-16
5.779961618e-16
5.868898091e-16
5.585509182e-16
6.275446539e-16
6.009312936e-16
6.576346067e-16
5.603277097e-16
6.675846673e-16
6.898794336e-16
5.710075758e-16
5.433743749e-16
5.714040876e-16
5.913656251e-16
6.12947407e-16
5.517430258e-16
6.241390388e-16
5.843475875e-16
5.819966287e-16
6.849475016e-16
5.551514355e-16
5.859439775e-16
5.470744952e-16
6.016337344e-16
6.109083326e-16
5.68015578e-16
5.721585501e-16
6.013038891e-16
6.782793664e-16
6.597508249e-16
6.123852479e-16
5.68570364e-16
5.884481795e-16
5.632225813e-16
6.267956637e-16
5.68053433e-16
5.682766461e-16
6.204102447e-16
5.665123727e-16
6.229731135e-16
6.124428725e-16
5.616689062e-16
5.942783404e-16
7.261045307e-16
6.394138363e-16
6.199474561e-16
5.653062001e-16
6.168066009e-16
6.593086762e-16
5.977202385e-16
5.888544894e-16
6.356369784e-16
5.588280207e-16
5.774625315e-16
6.08984198e-16
6.628766547e-16
6.67274148e-16
7.55574055e-16
6.752559444e-16
5.741980027e-16
6.910931591e-16
6.494491518e-16
6.736197058e-16
6.511972216e-16
7.073568616e-16
6.891446962e-16
6.989582871e-16
6.595324344e-16
7.034022961e-16
7.528448355e-16
5.543321173e-16
6.371634577e-16
5.641166004e-16
5.640235223e-16
6.582590916e-16
5.401084275e-16
5.356180226e-16
5.663874738e-16
6.769892914e-16
6.250738424e-16
6.000567222e-16
5.772560036e-16
5.84568037e-16
7.257967397e-16
6.962146731e-16
5.800988296e-16
6.783377712e-16
7.250526809e-16
8.367812159e-16
6.76415543e-16
6.327836984e-16
5.661782491e-16
5.567554136e-16
5.701902452e-16
5.678334589e-16
5.637683807e-16
5.568768907e-16
5.303204876e-16
5.355880381e-16
6.126299636e-16
5.707799707e-16
5.226066277e-16
6.237089939e-16
7.090834337e-16
6.073873259e-16
7.250685531e-16
6.734543064e-16
6.231775039e-16
7.032436297e-16
7.318891466e-16
5.618196995e-16
5.900906235e-16
5.968013382e-16
5.605970729e-16
5.647068021e-16
5.548698386e-16
5.558004649e-16
5.777375435e-16
5.561662547e-16
5.678902795e-16
5.738877318e-16
5.54783159e-16
5.692287091e-16
6.13095179e-16
5.443490983e-16
7.007190831e-16
6.680020396e-16
6.808484879e-16
7.141995824e-16
6.879017038e-16
5.398052801e-16
5.199870668e-16
5.608898853e-16
5.532262057e-16
5.468986657e-16
6.512956579e-16
5.843073291e-16
5.721908082e-16
5.369929319e-16
6.13732328e-16
6.135590698e-16
5.745280078e-16
6.154399879e-16
5.636323489e-16
5.929773979e-16
5.715497788e-16
6.46305247e-16
6.102634947e-16
7.514248987e-16
6.504658394e-16
5.859302791e-16
5.884039214e-16
6.450609799e-16
5.377871275e-16
5.617184861e-16
6.100325528e-16
5.921820612e-16
5.434072322e-16
5.989746862e-16
6.008662866e-16
5.818364095e-16
5.692361901e-16
5.898033406e-16
5.679787076e-16
5.60559961e-16
5.533526932e-16
6.409209832e-16
6.527462954e-16
7.440496663e-16
7.905901962e-16
5.953036514e-16
6.017865902e-16
5.406670776e-16
5.504216054e-16
5.815075537e-16
5.495049163e-16
5.726969072e-16
5.611489505e-16
6.15383005e-16
5.739321413e-16
5.882756852e-16
5.529367713e-16
5.797282093e-16
7.693908493e-16
6.939153562e-16
6.232298424e-16
5.965881233e-16
7.577872581e-16
6.776242817e-16
7.153305483e-16
5.940964849e-16
5.851797453e-16
5.709808265e-16
5.912063534e-16
5.724263302e-16
5.807833986e-16
6.093050068e-16
6.041051281e-16
5.854010863e-16
5.570473234e-16
5.696963349e-16
5.758228269e-16
5.427274325e-16
5.504033871e-16
5.704395418e-16
6.951028042e-16
7.110549035e-16
6.422159715e-16
6.995898377e-16
7.072934918e-16
5.816928785e-16
5.32523568e-16
5.434322388e-16
5.867895835e-16
5.889820193e-16
5.310378314e-16
5.44243245e-16
5.738447095e-16
6.194478848e-16
5.604082348e-16
5.814662447e-16
5.693714957e-16
5.567549396e-16
5.497769739e-16
7.141310062e-16
5.6667863e-16
5.940318365e-16
6.12911162e-16
6.321564778e-16
6.707761486e-16
5.671244364e-16
5.761108878e-16
5.597588331e-16
6.058940002e-16
5.999229735e-16
5.874170313e-16
6.159573979e-16
5.802304293e-16
5.344969624e-16
5.399983215e-16
5.465594437e-16
5.989266687e-16
5.468533652e-16
5.74984534e-16
5.847047067e-16
6.000292467e-16
5.718502065e-16
5.575301738e-16
6.865411363e-16
7.157506834e-16
5.382588135e-16
5.713923895e-16
5.874733539e-16
6.53128233e-16
5.677960149e-16
5.478928442e-16
7.124001774e-16
6.03781955e-16
5.851689579e-16
5.547963344e-16
5.452703779e-16
5.300352282e-16
5.3841115e-16
5.964936086e-16
5.633338381e-16
6.054269949e-16
6.2688163e-16
7.207210827e-16
6.703405118e-16
6.763738594e-16
5.605644826e-16
5.289434414e-16
5.411232379e-16
5.677795205e-16
5.568897343e-16
5.940989765e-16
5.396442666e-16
5.613480707e-16
5.58153016e-16
5.502494544e-16
5.659457878e-16
5.612054021e-16
5.767953022e-16
6.156997551e-16
5.610433581e-16
6.140112086e-16
5.904292736e-16
6.420132637e-16
6.540307571e-16
6.94748723e-16
5.643607797e-16
5.488868281e-16
5.604438002e-16
5.787339295e-16
6.502808258e-16
5.687690585e-16
5.987068361e-16
5.505802528e-16
5.815750564e-16
5.844988374e-16
5.642127623e-16
5.760808696e-16
5.484422741e-16
6.743015129e-16
6.341811893e-16
6.583198497e-16
5.572915158e-16
6.619531669e-16
7.481177076e-16
6.827218585e-16
5.552780998e-16
6.012639054e-16
5.608265459e-16
6.439579822e-16
5.835855019e-16
5.690703252e-16
5.305267335e-16
5.660528421e-16
5.645258358e-16
5.32556033e-16
6.347679856e-16
5.557230811e-16
6.044536169e-16
5.650094827e-16
6.252362572e-16
5.726488431e-16
5.78818004e-16
6.687994242e-16
6.577431803e-16
6.809981872e-16
5.793905258e-16
5.638528297e-16
5.706147018e-16
5.811236953e-16
5.455146395e-16
5.630055376e-16
6.182935708e-16
6.114374966e-16
5.376333817e-16
5.738429912e-16
5.590056896e-16
5.681229613e-16
6.163468464e-16
5.98102003e-16
5.805119592e-16
6.320092054e-16
6.657815696e-16
7.063136046e-16
6.633468964e-16
5.946639834e-16
5.738302217e-16
5.573495006e-16
5.430375306e-16
5.451286593e-16
6.163226688e-16
6.353701853e-16
5.638696945e-16
6.392864239e-16
5.840003754e-16
5.877801799e-16
5.702521863e-16
6.015927802e-16
5.747156696e-16
5.789142296e-16
5.526126288e-16
5.936217364e-16
6.132654113e-16
7.591645878e-16
6.211730499e-16
7.733635928e-16
5.6775831e-16
5.833216712e-16
5.197439793e-16
5.821449196e-16
5.754232905e-16
6.513467732e-16
6.633473527e-16
5.656935145e-16
6.965793844e-16
6.304437834e-16
7.071731503e-16
6.65349781e-16
6.531680665e-16
6.523546439e-16
7.029348113e-16
7.224104662e-16
6.618497794e-16
7.36273504e-16
7.257731873e-16
7.16734297e-16
5.410806639e-16
5.5482377e-16
5.448950579e-16
5.960328686e-16
5.968795711e-16
5.833419373e-16
5.725937153e-16
5.715548291e-16
5.380147566e-16
5.35962442e-16
6.101595534e-16
6.942366193e-16
7.778967323e-16
6.532675141e-16
6.206164754e-16
7.507998766e-16
5.774877983e-16
6.745577904e-16
7.369741112e-16
7.009848596e-16
6.054087806e-16
5.708204011e-16
5.875437331e-16
5.62442509e-16
5.36674311e-16
7.392566036e-16
6.42014949e-16
5.766909712e-16
5.797477572e-16
6.491414813e-16
6.151871229e-16
6.725402833e-16
5.695525371e-16
6.667261106e-16
5.732854992e-16
6.528730827e-16
6.230604107e-16
7.654948927e-16
6.919376964e-16
7.691860771e-16
5.825808986e-16
5.46370739e-16
5.903050575e-16
5.459043482e-16
5.364970683e-16
5.561741435e-16
5.935278967e-16
5.442150778e-16
6.867412766e-16
5.872392823e-16
6.701956772e-16
6.040566756e-16
5.882503654e-16
5.649922929e-16
6.108825244e-16
6.550506208e-16
7.508379658e-16
6.955448363e-16
7.002729908e-16
6.762315358e-16
5.368834621e-16
6.044011541e-16
6.120110142e-16
5.802000095e-16
5.869460165e-16
6.079371093e-16
5.50429523e-16
6.048805925e-16
6.026465103e-16
6.865423887e-16
5.414902234e-16
5.783177591e-16
6.274915765e-16
5.579593736e-16
6.512791796e-16
7.171897769e-16
6.006756333e-16
7.193084467e-16
6.964444875e-16
7.214033912e-16
5.653763665e-16
5.83527843e-16
5.697022308e-16
5.519650015e-16
6.063157652e-16
5.988726186e-16
5.982164124e-16
5.89168859e-16
5.846400423e-16
7.036653899e-16
5.681103945e-16
6.535763377e-16
6.166161231e-16
6.290179852e-16
5.571144999e-16
5.829808384e-16
7.157990495e-16
6.211184476e-16
6.664153924e-16
7.623689847e-16
5.523772395e-16
5.761085878e-16
5.374653639e-16
5.541808571e-16
5.877925734e-16
5.267755988e-16
5.611116124e-16
5.987700786e-16
5.390257932e-16
6.218523695e-16
7.905627179e-16
5.553451994e-16
6.069916621e-16
6.796604163e-16
6.977585641e-16
5.63437348e-16
6.010792497e-16
7.497341163e-16
7.104314405e-16
6.900750289e-16
5.504564856e-16
5.458096204e-16
5.707473361e-16
5.696254403e-16
5.95599388e-16
5.744429502e-16
5.468042233e-16
5.931602195e-16
6.492360102e-16
6.053127686e-16
6.819975836e-16
5.396439227e-16
6.694794697e-16
5.961220972e-16
5.451106526e-16
5.449514374e-16
6.355226053e-16
6.104786511e-16
7.538045654e-16
6.898280163e-16
5.405749382e-16
5.762951978e-16
5.737253408e-16
5.755941933e-16
5.34787886e-16
5.45070996e-16
6.284376271e-16
5.547171251e-16
6.004814348e-16
5.490325908e-16
6.112513765e-16
5.758204714e-16
5.936811875e-16
6.725198533e-16
6.630681639e-16
6.152972942e-16
6.582927966e-16
6.484582853e-16
6.853346298e-16
7.08747752e-16
5.474136124e-16
5.839634569e-16
5.239007174e-16
6.159924056e-16
5.416778679e-16
5.630973428e-16
6.400119782e-16
5.747977657e-16
5.831037889e-16
6.581101347e-16
6.393328953e-16
6.402105908e-16
5.551627478e-16
5.982073931e-16
6.467242147e-16
5.557206032e-16
5.593631711e-16
6.494201289e-16
7.086843376e-16
7.368427904e-16
5.528395323e-16
6.055969593e-16
5.487285677e-16
5.526057817e-16
5.88395411e-16
5.750020255e-16
5.317112338e-16
5.379056297e-16
6.140544721e-16
5.537272011e-16
5.761438642e-16
5.463596015e-16
7.437008389e-16
6.659093245e-16
5.790388094e-16
5.752958286e-16
7.991256024e-16
6.420764313e-16
6.182151422e-16
6.922872698e-16
5.745284533e-16
5.589647333e-16
5.093891019e-16
5.309906139e-16
5.388909027e-16
5.564432304e-16
6.027410448e-16
5.880715048e-16
6.43205439e-16
5.96533397e-16
6.149524147e-16
5.490437252e-16
5.819134961e-16
6.404020492e-16
6.106798304e-16
6.336639689e-16
6.178231309e-16
5.618597235e-16
7.300499168e-16
7.166987087e-16
5.896598164e-16
5.916208821e-16
5.559041935e-16
5.764076027e-16
5.855464266e-16
5.72711311e-16
5.682560695e-16
5.77563251e-16
5.866776252e-16
5.381936872e-16
5.578109044e-16
5.856644213e-16
5.423012885e-16
5.584852941e-16
6.423427511e-16
7.252958558e-16
5.957035407e-16
5.538455848e-16
7.099288513e-16
6.728760319e-16
5.478887117e-16
5.369282313e-16
5.642771179e-16
5.72969027e-16
6.145638737e-16
5.431249616e-16
5.570224808e-16
5.642538786e-16
5.618974533e-16
5.882809673e-16
5.864438854e-16
5.817993382e-16
5.944101113e-16
6.007866296e-16
6.24663707e-16
7.070071164e-16
5.909505724e-16
6.446472056e-16
6.700300143e-16
6.382941621e-16
5.40097233e-16
5.729608225e-16
5.871506869e-16
5.758963845e-16
5.874101242e-16
5.542667379e-16
5.392209964e-16
5.624873922e-16
7.039177755e-16
5.699546387e-16
5.844288984e-16
5.822424235e-16
6.127312377e-16
5.69244559e-16
6.708634074e-16
6.493915962e-16
6.234123916e-16
6.463557329e-16
6.033845233e-16
6.18502436e-16
5.588108314e-16
5.8963824e-16
6.089307784e-16
5.86504034e-16
6.089676892e-16
5.475541853e-16
5.499464035e-16
6.458750625e-16
6.516027969e-16
5.844198819e-16
6.929908607e-16
5.461194332e-16
5.65922008e-16
5.517612209e-16
5.510369461e-16
6.42719116e-16
6.296115809e-16
5.64019913e-16
6.426157173e-16
6.717170853e-16
6.161994934e-16
5.721788318e-16
5.864767897e-16
6.594303267e-16
6.274710927e-16
6.319664656e-16
6.923122853e-16
7.015797514e-16
6.329324813e-16
6.520538968e-16
6.851306967e-16
6.392533887e-16
7.653990651e-16
6.584583627e-16
6.758129638e-16
7.046396776e-16
7.180739758e-16
7.564691281e-16
7.432059505e-16
7.141070155e-16
5.502478668e-16
5.613555643e-16
5.838192803e-16
5.526383988e-16
6.957666923e-16
5.726480111e-16
6.000409229e-16
6.045838e-16
5.695556109e-16
6.161233213e-16
6.493050476e-16
6.972769508e-16
6.819999231e-16
7.094520099e-16
6.89597591e-16
6.506833788e-16
7.108507786e-16
7.030118317e-16
6.736196703e-16
7.512193549e-16
5.331141066e-16
5.707035382e-16
5.296865024e-16
5.901926997e-16
5.093734077e-16
5.696022943e-16
6.057663393e-16
6.731092697e-16
6.808067944e-16
5.519208278e-16
6.785651631e-16
6.873873095e-16
6.082271459e-16
6.441346648e-16
7.587064159e-16
6.53333354e-16
6.886794322e-16
6.578031011e-16
6.775025946e-16
7.089333141e-16
5.332025307e-16
5.121086396e-16
5.866531351e-16
5.365600257e-16
5.597454007e-16
5.985347112e-16
5.545781182e-16
5.933784951e-16
5.645726934e-16
6.940397456e-16
6.605546811e-16
6.623517222e-16
7.087004721e-16
5.547249372e-16
6.316221508e-16
7.71041167e-16
7.272545042e-16
7.005446917e-16
7.015644676e-16
6.707518659e-16
5.929310223e-16
5.766991463e-16
5.450296409e-16
5.238915423e-16
5.520232817e-16
5.546178618e-16
5.488300392e-16
7.087449118e-16
7.000003006e-16
6.10891214e-16
5.519010415e-16
6.650433568e-16
6.849357505e-16
6.212866965e-16
6.89216242e-16
7.105648221e-16
7.663809248e-16
7.146002936e-16
6.744850392e-16
7.221770166e-16
5.29278526e-16
5.955224116e-16
5.477875468e-16
5.25373256e-16
5.56437281e-16
6.172075484e-16
5.591121041e-16
6.248050213e-16
6.456171688e-16
6.193080977e-16
5.566210457e-16
6.528654128e-16
5.794247436e-16
6.53836698e-16
6.281108937e-16
7.542872215e-16
6.464798975e-16
7.048339258e-16
6.950126198e-16
7.406443276e-16
5.8047142e-16
5.429119018e-16
5.715543306e-16
6.769141036e-16
6.225158964e-16
5.678123339e-16
5.992659768e-16
5.967926652e-16
6.546495254e-16
7.263906118e-16
6.234659242e-16
6.619765924e-16
6.501816794e-16
6.886434558e-16
6.468691299e-16
7.143917931e-16
6.842698787e-16
7.120022869e-16
7.592823852e-16
7.195530582e-16
5.55543277e-16
6.249642297e-16
5.641391378e-16
5.382414586e-16
5.717423057e-16
6.354875781e-16
5.734104665e-16
7.523735172e-16
6.394442604e-16
6.886141544e-16
6.814006642e-16
6.822017107e-16
6.70008126e-16
6.449945662e-16
6.725676093e-16
7.180912829e-16
7.078497055e-16
6.552237168e-16
6.853040936e-16
7.006277531e-16
5.646887605e-16
5.550923296e-16
5.589077531e-16
5.835144462e-16
5.283159654e-16
5.434325637e-16
6.01507926e-16
5.72308437e-16
6.631445248e-16
6.196573841e-16
5.520361034e-16
6.059227086e-16
6.212926484e-16
6.621812154e-16
6.102385427e-16
6.748415162e-16
6.295716886e-16
6.72247191e-16
7.017579224e-16
7.021994604e-16
5.171844932e-16
5.936382113e-16
5.647750361e-16
5.568485362e-16
6.104675466e-16
5.831383625e-16
5.562934079e-16
6.426793534e-16
6.586828148e-16
6.062506956e-16
5.980751952e-16
7.203859791e-16
6.382974949e-16
6.915573409e-16
5.676308785e-16
5.959259406e-16
7.189726691e-16
7.189672289e-16
6.796473841e-16
7.000453094e-16
5.306932778e-16
5.566111661e-16
5.69014428e-16
5.826472291e-16
5.551018638e-16
5.782585653e-16
5.863836636e-16
6.007258223e-16
6.322104541e-16
5.915067402e-16
6.427553783e-16
6.080362977e-16
5.704902772e-16
7.255075308e-16
6.825452235e-16
6.935061683e-16
6.241612072e-16
6.599966268e-16
7.184752713e-16
6.84850728e-16
5.504729726e-16
6.156318984e-16
5.37609422e-16
5.515214078e-16
5.95571984e-16
6.02008088e-16
5.679882404e-16
5.882363222e-16
5.441193856e-16
6.640798536e-16
5.30453334e-16
7.410886095e-16
6.616375194e-16
6.159507957e-16
5.89687454e-16
5.866170257e-16
7.391560468e-16
7.36973976e-16
6.849660442e-16
7.022331421e-16
5.554819166e-16
5.588536067e-16
5.423655722e-16
5.291946157e-16
5.64706614e-16
5.776956039e-16
6.297626187e-16
6.801651356e-16
7.722811553e-16
6.168034216e-16
5.280778313e-16
5.973469884e-16
5.556328086e-16
6.247640035e-16
6.470581778e-16
6.091226814e-16
6.380083107e-16
6.721533572e-16
6.918256605e-16
7.301799973e-16
5.80045504e-16
5.767134366e-16
5.220610692e-16
5.856152278e-16
5.802291512e-16
5.806540194e-16
5.462627549e-16
6.522781999e-16
5.241210985e-16
5.601792193e-16
7.178487624e-16
5.986070564e-16
5.967395464e-16
7.295212443e-16
5.823255598e-16
6.134473096e-16
6.671266914e-16
5.515754614e-16
6.456643885e-16
6.515601426e-16
5.966106464e-16
5.749125157e-16
5.324061819e-16
6.788459458e-16
6.408612307e-16
5.497991462e-16
5.446780023e-16
5.848609401e-16
6.18489788e-16
6.989033846e-16
5.904523007e-16
5.446093169e-16
6.287961064e-16
6.550545843e-16
5.807063216e-16
7.132399852e-16
6.847605927e-16
6.751031638e-16
6.678306113e-16
7.303412667e-16
5.523716737e-16
5.634375608e-16
5.427072889e-16
5.742558465e-16
6.127465694e-16
6.094591146e-16
5.894724425e-16
6.14767101e-16
5.508851977e-16
5.714778674e-16
5.989841737e-16
6.625242166e-16
6.194974141e-16
5.915479036e-16
5.973875535e-16
5.804105703e-16
5.497226051e-16
5.943965446e-16
6.628128815e-16
6.927002517e-16
5.808596339e-16
5.419366607e-16
7.751660585e-16
6.693278665e-16
6.281162113e-16
6.663786986e-16
6.971417703e-16
7.114878855e-16
6.613185644e-16
6.202898511e-16
6.705552331e-16
7.126735227e-16
6.302041059e-16
6.506435493e-16
6.903372561e-16
6.668025173e-16
6.706070799e-16
7.237150996e-16
7.372998739e-16
7.048965501e-16
5.215399511e-16
5.768411498e-16
5.855912396e-16
6.079498449e-16
5.987700347e-16
6.203222127e-16
6.747365903e-16
6.536541651e-16
5.811487955e-16
6.56816416e-16
6.44559786e-16
7.085964185e-16
7.074725345e-16
6.50072404e-16
6.817544235e-16
6.200170119e-16
6.92239453e-16
7.134720909e-16
7.150799657e-16
6.868756254e-16
5.692893263e-16
5.44688799e-16
5.763301524e-16
5.783273457e-16
5.589862633e-16
6.146337172e-16
5.580256557e-16
7.38733401e-16
6.623558277e-16
6.336002233e-16
6.755771239e-16
6.484285978e-16
6.569937773e-16
6.527567972e-16
7.414852085e-16
7.303507649e-16
7.057445312e-16
7.033557922e-16
7.307767949e-16
7.204669512e-16
5.987031735e-16
5.221985028e-16
5.69434233e-16
5.716923576e-16
6.289274687e-16
7.594060081e-16
6.634509941e-16
7.209401354e-16
6.736937724e-16
6.911953592e-16
7.228129126e-16
6.834133109e-16
6.67867675e-16
6.975444847e-16
6.143144922e-16
6.948110323e-16
6.265816013e-16
7.354717237e-16
7.472863118e-16
6.921029805e-16
5.301044275e-16
5.549038259e-16
5.896235524e-16
6.208031153e-16
7.200866446e-16
5.670466463e-16
6.413193493e-16
6.485916804e-16
6.769363038e-16
6.864034887e-16
7.162783682e-16
7.252243009e-16
6.275131188e-16
6.770494545e-16
7.474080648e-16
6.741096929e-16
6.784171989e-16
7.466763413e-16
7.489247923e-16
6.796890229e-16
5.319813234e-16
5.867265471e-16
6.779455573e-16
6.134943659e-16
6.119934435e-16
5.922480469e-16
7.260003729e-16
5.881881188e-16
6.187835971e-16
5.793280332e-16
7.181143543e-16
6.762733653e-16
6.92118404e-16
6.810092429e-16
7.236854654e-16
7.133291827e-16
7.047546822e-16
6.551831896e-16
7.193358927e-16
6.995511039e-16
5.31512585e-16
5.342097831e-16
5.726962697e-16
5.917311787e-16
6.539755323e-16
6.916241712e-16
6.408077644e-16
6.361602181e-16
7.503172367e-16
7.163771686e-16
6.255446337e-16
6.325014978e-16
7.151648474e-16
6.870379881e-16
6.701136007e-16
7.198728441e-16
7.420856975e-16
6.64291816e-16
7.27398434e-16
7.587321062e-16
5.781386097e-16
5.27886218e-16
5.701417564e-16
5.794875676e-16
5.549409803e-16
6.724056474e-16
5.589684459e-16
6.712921572e-16
6.419695696e-16
6.21928068e-16
6.864880691e-16
7.522193697e-16
6.886884807e-16
6.890805979e-16
7.278038769e-16
6.804495574e-16
7.054316601e-16
7.910584399e-16
7.187252247e-16
7.097847119e-16
5.605009704e-16
5.497313536e-16
6.686342377e-16
5.708191839e-16
6.974902282e-16
5.929582451e-16
5.78128452e-16
5.828520009e-16
6.963867397e-16
6.158583414e-16
7.040328073e-16
6.827102094e-16
7.156487094e-16
6.37307399e-16
7.44165733e-16
6.91925881e-16
6.95278985e-16
7.271835987e-16
7.375721179e-16
7.372092565e-16
5.355379989e-16
6.593677605e-16
5.967734508e-16
5.456257805e-16
5.701769533e-16
6.655202788e-16
5.826873744e-16
7.00916882e-16
6.479040055e-16
6.677252134e-16
6.552941801e-16
6.783908426e-16
7.254277404e-16
6.514734516e-16
6.257991105e-16
6.895511893e-16
6.518177781e-16
7.225791944e-16
6.788098286e-16
7.444275877e-16
5.231588263e-16
5.614384197e-16
5.623769626e-16
6.33449689e-16
6.17999756e-16
6.531752374e-16
6.30389091e-16
6.143915069e-16
6.881161492e-16
6.278693948e-16
7.419340952e-16
7.219886307e-16
7.207515768e-16
6.891399172e-16
7.692481097e-16
7.038911082e-16
6.947735856e-16
7.092059949e-16
7.155092355e-16
6.90696933e-16
6.044212245e-16
5.409509162e-16
5.956121981e-16
5.584297305e-16
6.339254742e-16
5.553620102e-16
5.987357907e-16
7.733623116e-16
6.53146329e-16
7.33160923e-16
6.55584442e-16
6.157331665e-16
6.301926896e-16
7.111237771e-16
7.744677206e-16
6.966782629e-16
7.479794298e-16
7.404846232e-16
6.997098335e-16
7.72066776e-16
5.682416633e-16
5.918632575e-16
6.293079909e-16
5.774457589e-16
6.206853807e-16
5.719312482e-16
7.496909441e-16
6.591126464e-16
6.292560864e-16
7.042168442e-16
6.697649957e-16
5.736148689e-16
7.039956215e-16
6.603649014e-16
6.247072444e-16
6.595034992e-16
7.168398662e-16
5.897906821e-16
6.93908438e-16
6.829052614e-16
5.626450655e-16
5.785084149e-16
6.309256526e-16
8.075402258e-16
7.004374599e-16
6.125544949e-16
6.835496247e-16
7.608311117e-16
5.907414958e-16
6.916194492e-16
6.044931312e-16
5.408526429e-16
6.025945157e-16
6.781999501e-16
7.349407215e-16
6.445721129e-16
6.499853689e-16
7.260323162e-16
6.309164536e-16
7.492224975e-16
6.116819203e-16
5.782224866e-16
5.463292115e-16
6.456316461e-16
5.711889517e-16
5.857670762e-16
6.196651787e-16
6.699553992e-16
6.015391039e-16
7.269760912e-16
6.634974487e-16
6.662998167e-16
7.100599118e-16
6.536042238e-16
7.272627868e-16
6.719758641e-16
7.101649704e-16
6.861136136e-16
6.982743852e-16
6.472822828e-16
5.543085222e-16
5.733601355e-16
5.461756198e-16
5.813175442e-16
7.257449364e-16
5.508073532e-16
7.124582103e-16
7.196744236e-16
6.352515359e-16
7.007831291e-16
5.642908372e-16
6.341362227e-16
5.750660162e-16
6.706599005e-16
5.80337682e-16
6.842355875e-16
6.05053252e-16
5.879119382e-16
6.134391418e-16
6.193934262e-16
)
;

boundaryField
{
    outlet
    {
        type            zeroGradient;
    }
    inlet
    {
        type            zeroGradient;
    }
    sides
    {
        type            zeroGradient;
    }
}


// ************************************************************************* //
