/*--------------------------------*- C++ -*----------------------------------*\
  =========                 |
  \\      /  F ield         | OpenFOAM: The Open Source CFD Toolbox
   \\    /   O peration     | Website:  https://openfoam.org
    \\  /    A nd           | Version:  7
     \\/     M anipulation  |
\*---------------------------------------------------------------------------*/
FoamFile
{
    version     2.0;
    format      ascii;
    class       volVectorField;
    location    "0.35";
    object      U;
}
// * * * * * * * * * * * * * * * * * * * * * * * * * * * * * * * * * * * * * //

dimensions      [0 1 -1 0 0 0 0];

internalField   nonuniform List<vector> 
2268
(
(-0.051966 0.0174191 0)
(-0.0747821 0.00167871 0)
(-0.0488758 -0.0135112 0)
(-0.00489731 -0.0177724 0)
(0.048722 -0.019166 0)
(0.104298 -0.0189779 0)
(0.159398 -0.0182826 0)
(0.21299 -0.0175106 0)
(0.264714 -0.0167491 0)
(0.314381 -0.0159621 0)
(0.361654 -0.015066 0)
(0.405892 -0.0139431 0)
(0.446024 -0.0124374 0)
(0.480415 -0.0102894 0)
(0.506187 -0.00710357 0)
(0.52047 -0.00113914 0)
(0.511472 0.00823743 0)
(0.468622 0.0223226 0)
(0.382625 0.0397304 0)
(0.245257 0.0548076 0)
(0.0749407 0.0608483 0)
(-0.162027 0.013489 0)
(-0.0911062 -0.0735102 0)
(-0.042187 0.0392163 0)
(-0.0333082 0.000398234 0)
(-0.00401775 -0.0255296 0)
(0.0404534 -0.0362664 0)
(0.0924698 -0.0401418 0)
(0.146638 -0.0406825 0)
(0.200617 -0.0399166 0)
(0.253357 -0.0387034 0)
(0.304377 -0.0372921 0)
(0.353348 -0.0356593 0)
(0.399836 -0.0336492 0)
(0.443161 -0.0310117 0)
(0.482267 -0.0273909 0)
(0.515592 -0.022234 0)
(0.540903 -0.0146883 0)
(0.554823 -0.00277184 0)
(0.556272 0.0154794 0)
(0.538599 0.0419494 0)
(0.490915 0.0760477 0)
(0.395342 0.111181 0)
(0.250532 0.133023 0)
(0.0172268 0.0915255 0)
(0.0155812 -0.0861532 0)
(-0.019224 0.0501618 0)
(-0.00425323 -0.00978567 0)
(0.0280741 -0.0430515 0)
(0.072502 -0.0580142 0)
(0.122889 -0.0635749 0)
(0.175091 -0.0645099 0)
(0.227157 -0.0634667 0)
(0.278145 -0.0616481 0)
(0.327548 -0.0594384 0)
(0.374977 -0.0568178 0)
(0.419951 -0.0535569 0)
(0.461774 -0.0492765 0)
(0.499421 -0.0434347 0)
(0.531427 -0.0352482 0)
(0.55582 -0.0235674 0)
(0.569855 -0.00660273 0)
(0.571305 0.0184276 0)
(0.556768 0.054326 0)
(0.521422 0.102299 0)
(0.455465 0.15659 0)
(0.35326 0.197563 0)
(0.17112 0.158213 0)
(0.0996693 -0.0452403 0)
(-0.00128255 0.0502757 0)
(0.0180942 -0.0210777 0)
(0.0538568 -0.0616794 0)
(0.0989128 -0.0803243 0)
(0.14814 -0.0872805 0)
(0.198543 -0.0884635 0)
(0.248677 -0.0870918 0)
(0.297797 -0.0846481 0)
(0.345446 -0.081618 0)
(0.391218 -0.0779755 0)
(0.434613 -0.0734199 0)
(0.474936 -0.0674512 0)
(0.511204 -0.05936 0)
(0.542064 -0.0481605 0)
(0.56578 -0.0324806 0)
(0.580149 -0.0103603 0)
(0.583076 0.02108 0)
(0.572215 0.0649743 0)
(0.544969 0.123308 0)
(0.49607 0.191781 0)
(0.419647 0.251037 0)
(0.277438 0.227665 0)
(0.162707 0.0362544 0)
(0.00866836 0.042416 0)
(0.0347324 -0.0354129 0)
(0.0748819 -0.0815552 0)
(0.121255 -0.102822 0)
(0.169812 -0.110666 0)
(0.21868 -0.111905 0)
(0.266991 -0.110175 0)
(0.31427 -0.107135 0)
(0.360157 -0.103322 0)
(0.404264 -0.0986872 0)
(0.446097 -0.092861 0)
(0.484979 -0.0852355 0)
(0.519986 -0.0749568 0)
(0.549886 -0.0608781 0)
(0.573178 -0.0414775 0)
(0.58813 -0.014695 0)
(0.593102 0.0223361 0)
(0.586538 0.0728505 0)
(0.566904 0.139153 0)
(0.531005 0.218296 0)
(0.471532 0.29402 0)
(0.358653 0.29801 0)
(0.216134 0.153818 0)
(0.0133066 0.0302507 0)
(0.0469333 -0.0531576 0)
(0.0920809 -0.102874 0)
(0.14021 -0.125498 0)
(0.188412 -0.133561 0)
(0.235932 -0.134574 0)
(0.282523 -0.132412 0)
(0.328009 -0.128792 0)
(0.372155 -0.124242 0)
(0.414616 -0.118669 0)
(0.454918 -0.111633 0)
(0.492421 -0.102431 0)
(0.526271 -0.0900887 0)
(0.555361 -0.0733382 0)
(0.578423 -0.0505811 0)
(0.59415 -0.0197416 0)
(0.601438 0.0219693 0)
(0.599458 0.0777582 0)
(0.587469 0.150166 0)
(0.563601 0.237731 0)
(0.518943 0.328498 0)
(0.432782 0.367257 0)
(0.268659 0.299606 0)
(0.0158959 0.0152226 0)
(0.0564274 -0.0740726 0)
(0.106473 -0.125754 0)
(0.156431 -0.148478 0)
(0.204347 -0.156043 0)
(0.250565 -0.156503 0)
(0.295468 -0.153803 0)
(0.339179 -0.1496 0)
(0.381594 -0.14435 0)
(0.422417 -0.137893 0)
(0.461205 -0.129718 0)
(0.49737 -0.119038 0)
(0.530135 -0.104777 0)
(0.558522 -0.0855837 0)
(0.581476 -0.0598478 0)
(0.598088 -0.0255629 0)
(0.607802 0.0199153 0)
(0.610522 0.079686 0)
(0.606351 0.156473 0)
(0.594811 0.250349 0)
(0.566721 0.354121 0)
(0.513715 0.433956 0)
(0.329692 0.473034 0)
(0.0182475 -0.00201062 0)
(0.0646236 -0.0977157 0)
(0.119073 -0.150047 0)
(0.170606 -0.171712 0)
(0.218056 -0.178084 0)
(0.26287 -0.177661 0)
(0.306041 -0.174305 0)
(0.347963 -0.169505 0)
(0.388637 -0.163587 0)
(0.427818 -0.156298 0)
(0.465097 -0.14706 0)
(0.499942 -0.135011 0)
(0.531668 -0.118992 0)
(0.559411 -0.0975936 0)
(0.582316 -0.0692582 0)
(0.599835 -0.0321393 0)
(0.611951 0.0161741 0)
(0.619304 0.0785732 0)
(0.623012 0.157776 0)
(0.624363 0.254955 0)
(0.617057 0.366982 0)
(0.603944 0.484554 0)
(0.416492 0.709785 0)
(0.0134929 0.00366367 0)
(-0.0751011 0.0322337 0)
(-0.196274 0.0242133 0)
(-0.241137 0.00660737 0)
(-0.233524 -0.0070349 0)
(-0.192194 -0.0150535 0)
(-0.132577 -0.0188831 0)
(-0.0639758 -0.0203183 0)
(0.00596417 -0.0194695 0)
(0.0708685 -0.0169961 0)
(0.124598 -0.0129747 0)
(0.163476 -0.0081586 0)
(0.184623 -0.00304689 0)
(0.186895 0.00183048 0)
(0.171251 0.00600836 0)
(0.14142 0.0095187 0)
(0.100768 0.0122419 0)
(0.0569032 0.0122205 0)
(0.0178717 0.00806925 0)
(-0.0262831 0.0207956 0)
(-0.137194 0.0759179 0)
(-0.235751 0.0493039 0)
(-0.25635 0.0111565 0)
(-0.239728 -0.0170218 0)
(-0.197497 -0.0342249 0)
(-0.138336 -0.0432832 0)
(-0.0708083 -0.0466602 0)
(-0.0022695 -0.0452356 0)
(0.0614453 -0.0398065 0)
(0.114896 -0.0310055 0)
(0.154598 -0.0200143 0)
(0.177662 -0.00791775 0)
(0.183365 0.00395461 0)
(0.172336 0.0144599 0)
(0.14618 0.0226312 0)
(0.108001 0.0274133 0)
(0.0639518 0.0274761 0)
(0.0212487 0.0237559 0)
(-0.0613818 0.0622015 0)
(-0.167726 0.120507 0)
(-0.245523 0.0681621 0)
(-0.257592 0.0113426 0)
(-0.238338 -0.0295163 0)
(-0.195318 -0.0547729 0)
(-0.136921 -0.0686507 0)
(-0.0706408 -0.0737187 0)
(-0.0035924 -0.0715858 0)
(0.058565 -0.0632759 0)
(0.110961 -0.049924 0)
(0.150327 -0.0330283 0)
(0.17394 -0.0141906 0)
(0.180687 0.00464199 0)
(0.170685 0.0216671 0)
(0.145941 0.0353991 0)
(0.109688 0.0443273 0)
(0.0672814 0.046602 0)
(0.0235435 0.0424196 0)
(-0.081751 0.109945 0)
(-0.184819 0.16519 0)
(-0.252545 0.0829457 0)
(-0.255975 0.00974568 0)
(-0.233826 -0.0431494 0)
(-0.189994 -0.0761637 0)
(-0.132023 -0.094835 0)
(-0.0664025 -0.101457 0)
(-0.00018235 -0.0984646 0)
(0.0610339 -0.0871103 0)
(0.11265 -0.0690734 0)
(0.151565 -0.0462704 0)
(0.175196 -0.0206939 0)
(0.182361 0.00515896 0)
(0.172875 0.028826 0)
(0.148681 0.0480939 0)
(0.112891 0.0609284 0)
(0.0705704 0.0653947 0)
(0.0255304 0.0619945 0)
(-0.0889033 0.161399 0)
(-0.190529 0.210896 0)
(-0.253482 0.0927783 0)
(-0.246998 0.00598052 0)
(-0.223027 -0.0577632 0)
(-0.179548 -0.0978861 0)
(-0.122685 -0.121364 0)
(-0.0577834 -0.129487 0)
(0.00788591 -0.125567 0)
(0.0686464 -0.111095 0)
(0.11984 -0.0883103 0)
(0.158354 -0.0595789 0)
(0.181677 -0.0272747 0)
(0.188627 0.0056199 0)
(0.178863 0.0359998 0)
(0.15421 0.0608933 0)
(0.117626 0.077743 0)
(0.074128 0.0846671 0)
(0.0272408 0.0826801 0)
(-0.0822183 0.185177 0)
(-0.181346 0.258024 0)
(-0.235734 0.0946683 0)
(-0.219345 -0.000253291 0)
(-0.197493 -0.0726026 0)
(-0.158379 -0.11815 0)
(-0.105594 -0.146884 0)
(-0.0429463 -0.156921 0)
(0.02149 -0.15234 0)
(0.0818075 -0.1348 0)
(0.132778 -0.10725 0)
(0.170946 -0.072597 0)
(0.193713 -0.0335955 0)
(0.19987 0.00634398 0)
(0.188986 0.0434972 0)
(0.162804 0.0741439 0)
(0.124197 0.0951899 0)
(0.0783177 0.104801 0)
(0.028855 0.104491 0)
(-0.0582569 0.3872 0)
(-0.128145 0.317956 0)
(-0.167329 0.0834088 0)
(-0.150325 -0.00938899 0)
(-0.141085 -0.0869933 0)
(-0.115631 -0.135416 0)
(-0.074465 -0.170142 0)
(-0.0181903 -0.182624 0)
(0.042653 -0.178362 0)
(0.101655 -0.158253 0)
(0.152192 -0.125995 0)
(0.189908 -0.0852657 0)
(0.211852 -0.0394173 0)
(0.216646 0.00768129 0)
(0.203796 0.0517524 0)
(0.174995 0.0883398 0)
(0.133122 0.113762 0)
(0.0836198 0.126171 0)
(0.0306277 0.127549 0)
(0.240976 0.168026 0)
(-0.017324 0.435507 0)
(0.0245346 0.066242 0)
(-0.00359315 -0.0128891 0)
(-0.0294132 -0.095511 0)
(-0.0334375 -0.151296 0)
(-0.0184375 -0.193258 0)
(0.0230569 -0.207836 0)
(0.0746668 -0.20424 0)
(0.129908 -0.182018 0)
(0.179174 -0.14518 0)
(0.216175 -0.0981937 0)
(0.236992 -0.0450589 0)
(0.239781 0.00974421 0)
(0.224048 0.0612005 0)
(0.191476 0.104173 0)
(0.145064 0.1343 0)
(0.0906913 0.149588 0)
(0.0329574 0.152148 0)
(0.0226031 -0.0332469 0)
(0.0770714 -0.139589 0)
(0.137462 -0.190318 0)
(0.190441 -0.208198 0)
(0.236448 -0.211582 0)
(0.278734 -0.209303 0)
(0.319118 -0.20478 0)
(0.358272 -0.199052 0)
(0.396298 -0.192152 0)
(0.43299 -0.183659 0)
(0.46799 -0.172892 0)
(0.500866 -0.158902 0)
(0.531078 -0.140414 0)
(0.557929 -0.115959 0)
(0.580825 -0.0841516 0)
(0.59973 -0.0435367 0)
(0.61541 0.00778251 0)
(0.629579 0.0720787 0)
(0.64506 0.151498 0)
(0.666389 0.247297 0)
(0.698838 0.359044 0)
(0.764675 0.492662 0)
(0.865734 0.769547 0)
(0.0288646 -0.084678 0)
(0.0975997 -0.206114 0)
(0.164509 -0.248383 0)
(0.215443 -0.256724 0)
(0.256592 -0.254323 0)
(0.294095 -0.249213 0)
(0.330304 -0.243271 0)
(0.365791 -0.236547 0)
(0.400516 -0.228581 0)
(0.434193 -0.218727 0)
(0.466469 -0.206231 0)
(0.497046 -0.190113 0)
(0.525587 -0.168976 0)
(0.55155 -0.141281 0)
(0.574532 -0.106093 0)
(0.594968 -0.0628215 0)
(0.614354 -0.0105104 0)
(0.635209 0.0519874 0)
(0.661244 0.125256 0)
(0.697999 0.208254 0)
(0.752892 0.297552 0)
(0.832648 0.390291 0)
(0.964017 0.495101 0)
(0.035112 -0.15596 0)
(0.13172 -0.287482 0)
(0.197802 -0.307329 0)
(0.237703 -0.30103 0)
(0.270255 -0.292854 0)
(0.30219 -0.28604 0)
(0.334431 -0.279506 0)
(0.366674 -0.272227 0)
(0.398473 -0.263416 0)
(0.429378 -0.252331 0)
(0.459006 -0.238277 0)
(0.487174 -0.220416 0)
(0.513775 -0.19728 0)
(0.53845 -0.167171 0)
(0.560998 -0.129778 0)
(0.582225 -0.0856254 0)
(0.604016 -0.0346413 0)
(0.628964 0.0235315 0)
(0.660105 0.0881465 0)
(0.701264 0.156896 0)
(0.757523 0.223906 0)
(0.830218 0.283079 0)
(0.930396 0.328639 0)
(0.0632021 -0.248348 0)
(0.191776 -0.384602 0)
(0.231415 -0.360226 0)
(0.248713 -0.335778 0)
(0.272985 -0.323744 0)
(0.301564 -0.3165 0)
(0.331502 -0.309715 0)
(0.361506 -0.301877 0)
(0.390883 -0.292179 0)
(0.419166 -0.279888 0)
(0.446005 -0.264444 0)
(0.471229 -0.245228 0)
(0.494806 -0.220777 0)
(0.516881 -0.189232 0)
(0.538091 -0.150858 0)
(0.559765 -0.107231 0)
(0.583842 -0.0589195 0)
(0.612297 -0.00617456 0)
(0.647053 0.049458 0)
(0.690968 0.104668 0)
(0.747019 0.154342 0)
(0.814525 0.198838 0)
(0.895671 0.234981 0)
(0.17502 -0.373809 0)
(0.272403 -0.4733 0)
(0.245008 -0.362826 0)
(0.240336 -0.338682 0)
(0.265005 -0.334717 0)
(0.294708 -0.331085 0)
(0.324373 -0.325207 0)
(0.353024 -0.317207 0)
(0.38021 -0.306821 0)
(0.405667 -0.293361 0)
(0.429126 -0.276437 0)
(0.450209 -0.255914 0)
(0.468656 -0.230423 0)
(0.485365 -0.197588 0)
(0.5027 -0.158568 0)
(0.523419 -0.116825 0)
(0.550271 -0.0730249 0)
(0.58621 -0.0268157 0)
(0.631644 0.0213591 0)
(0.685313 0.0668192 0)
(0.741895 0.105542 0)
(0.802538 0.138738 0)
(0.872209 0.164402 0)
(0.367948 -0.596852 0)
(0.19618 -0.432566 0)
(0.179691 -0.317834 0)
(0.229 -0.346946 0)
(0.261621 -0.355224 0)
(0.291431 -0.352823 0)
(0.32011 -0.346321 0)
(0.347256 -0.337726 0)
(0.372348 -0.32683 0)
(0.395299 -0.312926 0)
(0.416095 -0.295186 0)
(0.433853 -0.273092 0)
(0.447633 -0.246361 0)
(0.460372 -0.214086 0)
(0.476348 -0.177446 0)
(0.4942 -0.137827 0)
(0.515573 -0.0948236 0)
(0.545559 -0.0489896 0)
(0.592478 -0.00130216 0)
(0.662124 0.0432744 0)
(0.730671 0.0761797 0)
(0.798668 0.0988852 0)
(0.868198 0.115424 0)
(-0.0923283 -0.991061 0)
(-0.0141291 -0.45143 0)
(0.0881424 -0.356455 0)
(0.176006 -0.415781 0)
(0.241012 -0.446345 0)
(0.298132 -0.446804 0)
(0.350893 -0.436724 0)
(0.398998 -0.422827 0)
(0.442948 -0.405781 0)
(0.48366 -0.384897 0)
(0.521964 -0.359141 0)
(0.558523 -0.32863 0)
(0.593591 -0.295798 0)
(0.627463 -0.262911 0)
(0.660619 -0.230904 0)
(0.692465 -0.202186 0)
(0.721686 -0.17989 0)
(0.747851 -0.165663 0)
(0.780194 -0.153464 0)
(0.760345 -0.0929375 0)
(0.737658 -0.00317205 0)
(0.78695 0.0471761 0)
(0.856306 0.0781874 0)
(-0.099834 -0.660767 0)
(-0.0306584 -0.566247 0)
(0.0792558 -0.505432 0)
(0.172412 -0.492814 0)
(0.245177 -0.485378 0)
(0.306898 -0.472606 0)
(0.364125 -0.456872 0)
(0.418232 -0.439808 0)
(0.469539 -0.42128 0)
(0.518642 -0.40046 0)
(0.566368 -0.376413 0)
(0.613584 -0.348715 0)
(0.660824 -0.317868 0)
(0.708146 -0.284464 0)
(0.755375 -0.248742 0)
(0.801931 -0.211291 0)
(0.846535 -0.172841 0)
(0.887222 -0.13302 0)
(0.925015 -0.0906984 0)
(0.955779 -0.0589046 0)
(0.994883 -0.0738965 0)
(1.04187 -0.121612 0)
(1.08073 -0.147432 0)
(-0.00695613 -0.644373 0)
(0.0200704 -0.646559 0)
(0.0997755 -0.598661 0)
(0.174686 -0.570856 0)
(0.2413 -0.551952 0)
(0.301508 -0.533585 0)
(0.358555 -0.514508 0)
(0.41372 -0.494857 0)
(0.467372 -0.474299 0)
(0.519928 -0.452131 0)
(0.572019 -0.427602 0)
(0.624377 -0.40024 0)
(0.677572 -0.370021 0)
(0.731851 -0.337097 0)
(0.787257 -0.301592 0)
(0.843675 -0.26379 0)
(0.90075 -0.224068 0)
(0.958169 -0.182456 0)
(1.01735 -0.138733 0)
(1.08132 -0.0984221 0)
(1.15015 -0.0756486 0)
(1.21326 -0.0683833 0)
(1.26159 -0.0515164 0)
(0.0132669 -0.672779 0)
(0.0480851 -0.70389 0)
(0.107327 -0.665509 0)
(0.167473 -0.635972 0)
(0.225589 -0.613058 0)
(0.281393 -0.592093 0)
(0.335877 -0.571463 0)
(0.389629 -0.550706 0)
(0.442877 -0.529348 0)
(0.495888 -0.506787 0)
(0.549099 -0.482426 0)
(0.603072 -0.455845 0)
(0.658353 -0.426885 0)
(0.715374 -0.395553 0)
(0.774501 -0.361945 0)
(0.836082 -0.326325 0)
(0.900454 -0.289149 0)
(0.968103 -0.251004 0)
(1.04022 -0.212966 0)
(1.11798 -0.178762 0)
(1.1984 -0.15513 0)
(1.27374 -0.139556 0)
(1.33898 -0.117479 0)
(0.0184951 -0.69879 0)
(0.0543143 -0.752007 0)
(0.101273 -0.718838 0)
(0.150806 -0.69045 0)
(0.201109 -0.666924 0)
(0.251418 -0.645364 0)
(0.301781 -0.624433 0)
(0.352324 -0.603541 0)
(0.403122 -0.582213 0)
(0.454323 -0.559958 0)
(0.506229 -0.536324 0)
(0.559279 -0.510984 0)
(0.613983 -0.483787 0)
(0.670876 -0.454724 0)
(0.73052 -0.423913 0)
(0.793516 -0.391644 0)
(0.860491 -0.358423 0)
(0.9321 -0.32502 0)
(1.00905 -0.292672 0)
(1.09141 -0.26371 0)
(1.17671 -0.240603 0)
(1.2608 -0.220513 0)
(1.34133 -0.194221 0)
(0.021374 -0.734564 0)
(0.0521593 -0.791838 0)
(0.088294 -0.762245 0)
(0.129062 -0.736365 0)
(0.172107 -0.714027 0)
(0.216427 -0.693194 0)
(0.261692 -0.672877 0)
(0.307789 -0.652565 0)
(0.354685 -0.631867 0)
(0.402455 -0.610419 0)
(0.451319 -0.587913 0)
(0.501638 -0.564147 0)
(0.553888 -0.539049 0)
(0.608626 -0.512674 0)
(0.666482 -0.485198 0)
(0.728135 -0.45694 0)
(0.794272 -0.428393 0)
(0.865526 -0.400254 0)
(0.942354 -0.373466 0)
(1.02465 -0.349227 0)
(1.11098 -0.328131 0)
(1.1995 -0.30774 0)
(1.28933 -0.281815 0)
(0.019621 -0.768783 0)
(0.0449163 -0.822004 0)
(0.0725071 -0.797039 0)
(0.105874 -0.774733 0)
(0.142153 -0.754571 0)
(0.180346 -0.735243 0)
(0.220015 -0.716137 0)
(0.260953 -0.696901 0)
(0.303076 -0.677263 0)
(0.346425 -0.656993 0)
(0.391176 -0.635924 0)
(0.437644 -0.613989 0)
(0.486266 -0.591229 0)
(0.537581 -0.567789 0)
(0.592205 -0.543912 0)
(0.650804 -0.519942 0)
(0.714038 -0.496334 0)
(0.782493 -0.473644 0)
(0.856579 -0.452503 0)
(0.936338 -0.433457 0)
(1.02119 -0.41637 0)
(1.1106 -0.399222 0)
(1.2045 -0.377334 0)
(0.015714 -0.798166 0)
(0.0358106 -0.844267 0)
(0.0568219 -0.82475 0)
(0.0837836 -0.806375 0)
(0.113781 -0.788784 0)
(0.145973 -0.771359 0)
(0.179938 -0.753825 0)
(0.215459 -0.736 0)
(0.25245 -0.717738 0)
(0.290944 -0.698936 0)
(0.331101 -0.679563 0)
(0.37321 -0.659681 0)
(0.417674 -0.639446 0)
(0.464995 -0.619097 0)
(0.515744 -0.598938 0)
(0.570535 -0.579333 0)
(0.629978 -0.560697 0)
(0.694624 -0.543479 0)
(0.764908 -0.528108 0)
(0.841078 -0.514826 0)
(0.923128 -0.503265 0)
(1.01128 -0.491711 0)
(1.10607 -0.476293 0)
(0.0114783 -0.821364 0)
(0.026843 -0.860555 0)
(0.0428108 -0.8466 0)
(0.0641997 -0.831995 0)
(0.0884766 -0.817036 0)
(0.11502 -0.801688 0)
(0.143487 -0.785943 0)
(0.173701 -0.769765 0)
(0.205601 -0.753125 0)
(0.239237 -0.736039 0)
(0.274774 -0.718598 0)
(0.312488 -0.700981 0)
(0.352755 -0.683449 0)
(0.396037 -0.666325 0)
(0.442854 -0.649966 0)
(0.493762 -0.634751 0)
(0.549314 -0.621069 0)
(0.610031 -0.609305 0)
(0.676375 -0.599797 0)
(0.748746 -0.592684 0)
(0.827479 -0.587598 0)
(0.913227 -0.583091 0)
(1.00696 -0.575814 0)
(0.00772244 -0.838306 0)
(0.0190356 -0.872452 0)
(0.031125 -0.863551 0)
(0.0477066 -0.85229 0)
(0.0669108 -0.839851 0)
(0.0883332 -0.826626 0)
(0.111737 -0.812792 0)
(0.137009 -0.798432 0)
(0.164135 -0.783618 0)
(0.193198 -0.76847 0)
(0.224376 -0.753185 0)
(0.257945 -0.738044 0)
(0.294262 -0.723398 0)
(0.333751 -0.709637 0)
(0.376881 -0.697163 0)
(0.424148 -0.686366 0)
(0.476046 -0.67762 0)
(0.533055 -0.671282 0)
(0.595631 -0.667665 0)
(0.66424 -0.666929 0)
(0.739381 -0.668819 0)
(0.821933 -0.672163 0)
(0.913146 -0.674021 0)
(0.00486862 -0.849899 0)
(0.0128396 -0.881122 0)
(0.0218777 -0.876402 0)
(0.0343845 -0.867979 0)
(0.0492146 -0.857869 0)
(0.0661463 -0.846733 0)
(0.0850516 -0.834868 0)
(0.105892 -0.822444 0)
(0.128709 -0.80962 0)
(0.153624 -0.796604 0)
(0.180839 -0.783679 0)
(0.210629 -0.771211 0)
(0.243335 -0.759621 0)
(0.279342 -0.749354 0)
(0.319068 -0.740839 0)
(0.362941 -0.73447 0)
(0.411389 -0.730612 0)
(0.464823 -0.729609 0)
(0.523649 -0.731786 0)
(0.588315 -0.737384 0)
(0.659346 -0.746331 0)
(0.737696 -0.757757 0)
(0.824779 -0.76909 0)
(0.00296377 -0.8574 0)
(0.0082979 -0.887374 0)
(0.0148841 -0.88585 0)
(0.0240255 -0.879783 0)
(0.0351846 -0.871779 0)
(0.0482864 -0.862647 0)
(0.0633037 -0.852753 0)
(0.0802724 -0.842335 0)
(0.0992899 -0.83162 0)
(0.120517 -0.820885 0)
(0.144173 -0.810484 0)
(0.170535 -0.800844 0)
(0.199919 -0.792438 0)
(0.23267 -0.785743 0)
(0.269144 -0.781204 0)
(0.309694 -0.779207 0)
(0.35466 -0.780096 0)
(0.40436 -0.784204 0)
(0.459104 -0.791882 0)
(0.519245 -0.803475 0)
(0.585234 -0.819131 0)
(0.657988 -0.838316 0)
(0.738979 -0.858832 0)
(0.00184627 -0.862078 0)
(0.0052209 -0.891769 0)
(0.00983413 -0.892536 0)
(0.016276 -0.888395 0)
(0.0244283 -0.882261 0)
(0.0343347 -0.875006 0)
(0.0460559 -0.867039 0)
(0.0596937 -0.858643 0)
(0.0753949 -0.850098 0)
(0.0933512 -0.841733 0)
(0.113796 -0.833952 0)
(0.136993 -0.827222 0)
(0.163231 -0.822045 0)
(0.192802 -0.818914 0)
(0.22599 -0.818265 0)
(0.263063 -0.820463 0)
(0.304259 -0.825818 0)
(0.349779 -0.834638 0)
(0.399802 -0.847296 0)
(0.454535 -0.864243 0)
(0.514278 -0.885862 0)
(0.579832 -0.911986 0)
(0.652635 -0.94083 0)
(0.00130796 -0.865023 0)
(0.00332065 -0.894721 0)
(0.00638375 -0.897044 0)
(0.0107189 -0.894449 0)
(0.0164574 -0.889938 0)
(0.0237397 -0.884401 0)
(0.0326981 -0.878269 0)
(0.043488 -0.871857 0)
(0.0562934 -0.865478 0)
(0.0713255 -0.859496 0)
(0.0888173 -0.854342 0)
(0.109014 -0.850506 0)
(0.132161 -0.848497 0)
(0.158489 -0.848801 0)
(0.188205 -0.851829 0)
(0.221483 -0.857906 0)
(0.258452 -0.86729 0)
(0.299186 -0.880248 0)
(0.343714 -0.897157 0)
(0.39207 -0.918562 0)
(0.444358 -0.945078 0)
(0.501205 -0.976924 0)
(0.563941 -1.0128 0)
(0.00115265 -0.867057 0)
(0.00229335 -0.896587 0)
(0.00418992 -0.899899 0)
(0.00691744 -0.898499 0)
(0.0107482 -0.895354 0)
(0.0158964 -0.891347 0)
(0.0225498 -0.886916 0)
(0.030902 -0.882392 0)
(0.0411593 -0.878104 0)
(0.0535381 -0.874433 0)
(0.068259 -0.871819 0)
(0.0855351 -0.870753 0)
(0.105561 -0.871733 0)
(0.128499 -0.875219 0)
(0.154476 -0.881584 0)
(0.183573 -0.891092 0)
(0.215814 -0.903933 0)
(0.251147 -0.920316 0)
(0.289453 -0.940596 0)
(0.330581 -0.96539 0)
(0.374412 -0.995518 0)
(0.42137 -1.0316 0)
(0.472621 -1.07292 0)
(0.00119395 -0.868702 0)
(0.00185767 -0.897712 0)
(0.00292741 -0.901538 0)
(0.00444616 -0.901003 0)
(0.00678352 -0.898964 0)
(0.0102041 -0.896277 0)
(0.0149327 -0.893377 0)
(0.0211857 -0.890592 0)
(0.0291762 -0.888253 0)
(0.0391121 -0.886737 0)
(0.0511888 -0.88648 0)
(0.0655781 -0.887954 0)
(0.0824166 -0.891633 0)
(0.101798 -0.897938 0)
(0.123768 -0.907186 0)
(0.148324 -0.919573 0)
(0.175395 -0.935206 0)
(0.20482 -0.954214 0)
(0.236338 -0.976907 0)
(0.269622 -1.00393 0)
(0.304325 -1.03627 0)
(0.340649 -1.07494 0)
(0.379552 -1.11993 0)
(0.00133629 -0.870298 0)
(0.00180111 -0.898348 0)
(0.00228722 -0.902312 0)
(0.00290738 -0.902332 0)
(0.00408366 -0.901138 0)
(0.00610494 -0.899549 0)
(0.00921872 -0.897976 0)
(0.0136492 -0.896735 0)
(0.0196024 -0.896142 0)
(0.0272654 -0.896556 0)
(0.0367989 -0.898389 0)
(0.0483259 -0.902085 0)
(0.0619222 -0.908081 0)
(0.0776118 -0.916749 0)
(0.0953688 -0.928346 0)
(0.115116 -0.942989 0)
(0.136704 -0.960694 0)
(0.159881 -0.981494 0)
(0.184266 -1.00562 0)
(0.20937 -1.03369 0)
(0.23463 -1.06683 0)
(0.260021 -1.10641 0)
(0.286255 -1.15321 0)
(0.00149217 -0.871977 0)
(0.00192528 -0.898714 0)
(0.00200115 -0.902484 0)
(0.00196538 -0.902768 0)
(0.0022331 -0.902168 0)
(0.0031131 -0.901446 0)
(0.00486122 -0.900979 0)
(0.00769664 -0.901053 0)
(0.0118065 -0.901955 0)
(0.0173466 -0.904015 0)
(0.0244362 -0.90761 0)
(0.0331458 -0.913144 0)
(0.0434895 -0.921007 0)
(0.0554251 -0.931521 0)
(0.0688619 -0.944878 0)
(0.0836608 -0.961117 0)
(0.0996119 -0.980157 0)
(0.116391 -1.00192 0)
(0.133526 -1.02652 0)
(0.150391 -1.05453 0)
(0.16623 -1.08709 0)
(0.180788 -1.12593 0)
(0.194518 -1.17265 0)
(0.00159859 -0.873784 0)
(0.00208435 -0.898944 0)
(0.00186105 -0.90222 0)
(0.00134334 -0.902515 0)
(0.000889091 -0.902276 0)
(0.000828781 -0.902194 0)
(0.00141365 -0.9026 0)
(0.00284506 -0.903737 0)
(0.00528267 -0.905856 0)
(0.00884579 -0.909242 0)
(0.0136071 -0.914228 0)
(0.0195832 -0.921172 0)
(0.0267283 -0.930414 0)
(0.0349385 -0.942221 0)
(0.0440657 -0.956724 0)
(0.0539201 -0.973889 0)
(0.0642449 -0.993537 0)
(0.0746672 -1.01547 0)
(0.0846442 -1.03966 0)
(0.0934557 -1.06655 0)
(0.10018 -1.09729 0)
(0.104334 -1.13384 0)
(0.106111 -1.17866 0)
(0.00162326 -0.875694 0)
(0.00219137 -0.89909 0)
(0.00172218 -0.901626 0)
(0.000827036 -0.901719 0)
(-0.000211526 -0.90163 0)
(-0.0010546 -0.901971 0)
(-0.00146623 -0.903017 0)
(-0.0012711 -0.90496 0)
(-0.000343769 -0.907999 0)
(0.00139395 -0.912372 0)
(0.00396762 -0.91836 0)
(0.00734104 -0.926267 0)
(0.0114121 -0.936383 0)
(0.016021 -0.948921 0)
(0.020968 -0.963958 0)
(0.0260205 -0.981391 0)
(0.0308866 -1.00095 0)
(0.035161 -1.02231 0)
(0.0382585 -1.04528 0)
(0.0393992 -1.07013 0)
(0.0375437 -1.09794 0)
(0.0319648 -1.13085 0)
(0.0225936 -1.17191 0)
(0.00156886 -0.877647 0)
(0.00219985 -0.899129 0)
(0.0014865 -0.900764 0)
(0.000271565 -0.900481 0)
(-0.00125192 -0.900358 0)
(-0.00275187 -0.900925 0)
(-0.00401683 -0.902387 0)
(-0.00490394 -0.90488 0)
(-0.0053261 -0.908545 0)
(-0.00524818 -0.913563 0)
(-0.00469134 -0.920161 0)
(-0.00374134 -0.928587 0)
(-0.00255156 -0.939078 0)
(-0.00133163 -0.951798 0)
(-0.000326276 -0.966775 0)
(0.000194143 -0.983845 0)
(-9.03942e-05 -1.00266 0)
(-0.00160449 -1.02276 0)
(-0.00494429 -1.0438 0)
(-0.0109397 -1.06582 0)
(-0.0207155 -1.08974 0)
(-0.0350269 -1.11776 0)
(-0.0545716 -1.15348 0)
(0.00145495 -0.879553 0)
(0.00209296 -0.899009 0)
(0.00109599 -0.89966 0)
(-0.000407075 -0.898866 0)
(-0.00234213 -0.89856 0)
(-0.00439349 -0.899178 0)
(-0.00638214 -0.900854 0)
(-0.00820285 -0.903655 0)
(-0.00980946 -0.907662 0)
(-0.0112099 -0.912998 0)
(-0.0124696 -0.919829 0)
(-0.013719 -0.92835 0)
(-0.0151561 -0.938744 0)
(-0.0170331 -0.951129 0)
(-0.0196337 -0.965488 0)
(-0.0232616 -0.981611 0)
(-0.0282605 -0.999078 0)
(-0.0350649 -1.01732 0)
(-0.0442667 -1.03579 0)
(-0.0567071 -1.05431 0)
(-0.0735447 -1.07355 0)
(-0.0956228 -1.09561 0)
(-0.124145 -1.12462 0)
(0.00129516 -0.881323 0)
(0.00186662 -0.898679 0)
(0.000526979 -0.898302 0)
(-0.00124013 -0.896916 0)
(-0.00352949 -0.896318 0)
(-0.00603696 -0.896845 0)
(-0.00862467 -0.898554 0)
(-0.0112297 -0.901443 0)
(-0.0138483 -0.90553 0)
(-0.0165302 -0.910878 0)
(-0.0193809 -0.917595 0)
(-0.0225695 -0.925821 0)
(-0.0263308 -0.935687 0)
(-0.0309512 -0.947267 0)
(-0.0367462 -0.960505 0)
(-0.0440481 -0.975154 0)
(-0.0532221 -0.990736 0)
(-0.0647073 -1.00658 0)
(-0.0790799 -1.02197 0)
(-0.0971651 -1.03645 0)
(-0.12012 -1.05037 0)
(-0.148882 -1.06562 0)
(-0.185087 -1.08653 0)
(0.00109988 -0.882887 0)
(0.00154714 -0.898068 0)
(-0.000204142 -0.896671 0)
(-0.00222615 -0.894664 0)
(-0.00481312 -0.893707 0)
(-0.00768104 -0.894035 0)
(-0.010741 -0.895626 0)
(-0.0139762 -0.898409 0)
(-0.0174257 -0.902342 0)
(-0.0211781 -0.907428 0)
(-0.0253743 -0.91372 0)
(-0.0302151 -0.921304 0)
(-0.0359632 -0.930263 0)
(-0.04293 -0.940628 0)
(-0.0514544 -0.952308 0)
(-0.0618919 -0.965024 0)
(-0.0746253 -0.978258 0)
(-0.0900957 -0.991251 0)
(-0.108857 -1.00312 0)
(-0.131696 -1.01314 0)
(-0.159737 -1.02129 0)
(-0.193981 -1.02908 0)
(-0.236409 -1.04072 0)
(0.000937405 -0.884201 0)
(0.00118745 -0.897083 0)
(-0.00107183 -0.894745 0)
(-0.00332913 -0.892142 0)
(-0.0061537 -0.890806 0)
(-0.0092802 -0.890864 0)
(-0.012679 -0.892215 0)
(-0.0163829 -0.894727 0)
(-0.0204731 -0.8983 0)
(-0.0250737 -0.902885 0)
(-0.0303551 -0.908482 0)
(-0.0365423 -0.915129 0)
(-0.0439167 -0.922861 0)
(-0.0528052 -0.931668 0)
(-0.0635605 -0.941427 0)
(-0.0765532 -0.951835 0)
(-0.0921789 -0.962338 0)
(-0.110876 -0.972113 0)
(-0.133171 -0.980129 0)
(-0.159795 -0.985397 0)
(-0.191801 -0.987496 0)
(-0.230207 -0.987425 0)
(-0.277195 -0.988976 0)
(0.000908961 -0.88527 0)
(0.000857614 -0.895605 0)
(-0.00204445 -0.892497 0)
(-0.004498 -0.889389 0)
(-0.00748933 -0.887701 0)
(-0.010761 -0.887453 0)
(-0.0143555 -0.888473 0)
(-0.0183584 -0.890577 0)
(-0.0228911 -0.893617 0)
(-0.0281086 -0.897496 0)
(-0.0342045 -0.902173 0)
(-0.0414197 -0.907639 0)
(-0.0500462 -0.913886 0)
(-0.0604162 -0.920865 0)
(-0.072887 -0.928423 0)
(-0.0878344 -0.936232 0)
(-0.105658 -0.943717 0)
(-0.126788 -0.950007 0)
(-0.151715 -0.95395 0)
(-0.1811 -0.954317 0)
(-0.215888 -0.950277 0)
(-0.257049 -0.942253 0)
(-0.306788 -0.933402 0)
(0.00108038 -0.886233 0)
(0.000600726 -0.893463 0)
(-0.00312019 -0.889897 0)
(-0.00568504 -0.886458 0)
(-0.00875195 -0.884495 0)
(-0.0120391 -0.883935 0)
(-0.0156749 -0.88456 0)
(-0.019799 -0.886145 0)
(-0.0245694 -0.888507 0)
(-0.030166 -0.891516 0)
(-0.0367978 -0.895091 0)
(-0.0447146 -0.899184 0)
(-0.0542106 -0.903751 0)
(-0.0656156 -0.908703 0)
(-0.079282 -0.913859 0)
(-0.0955812 -0.918872 0)
(-0.114906 -0.923152 0)
(-0.137668 -0.925794 0)
(-0.164316 -0.925563 0)
(-0.195423 -0.921023 0)
(-0.231798 -0.910965 0)
(-0.274304 -0.895219 0)
(-0.325002 -0.876195 0)
(0.00133297 -0.887398 0)
(0.000413075 -0.890457 0)
(-0.00436696 -0.88694 0)
(-0.00686435 -0.883431 0)
(-0.00988203 -0.88131 0)
(-0.0130345 -0.880462 0)
(-0.0165459 -0.880646 0)
(-0.0206072 -0.881624 0)
(-0.0254059 -0.883194 0)
(-0.0311386 -0.885202 0)
(-0.0380225 -0.887537 0)
(-0.0463087 -0.89012 0)
(-0.0562868 -0.892869 0)
(-0.0682777 -0.895665 0)
(-0.0826223 -0.898297 0)
(-0.0996795 -0.900403 0)
(-0.119825 -0.901386 0)
(-0.143444 -0.900326 0)
(-0.170929 -0.895935 0)
(-0.202756 -0.886624 0)
(-0.239575 -0.870855 0)
(-0.282097 -0.847898 0)
(-0.332128 -0.819397 0)
(0.00115923 -0.888895 0)
(0.000295288 -0.886429 0)
(-0.00593296 -0.883705 0)
(-0.00804004 -0.880463 0)
(-0.0108362 -0.878318 0)
(-0.0136821 -0.877209 0)
(-0.0168946 -0.876919 0)
(-0.0207065 -0.877223 0)
(-0.0253234 -0.877914 0)
(-0.0309481 -0.878827 0)
(-0.0377973 -0.879829 0)
(-0.0461162 -0.880813 0)
(-0.0561844 -0.881666 0)
(-0.0683097 -0.882238 0)
(-0.082818 -0.882294 0)
(-0.100051 -0.88146 0)
(-0.120363 -0.879138 0)
(-0.144103 -0.874416 0)
(-0.171604 -0.865984 0)
(-0.203232 -0.852155 0)
(-0.239466 -0.831129 0)
(-0.280836 -0.801681 0)
(-0.328835 -0.764721 0)
(-0.000637856 -0.889963 0)
(0.000225468 -0.881382 0)
(-0.00799877 -0.880432 0)
(-0.00922688 -0.877804 0)
(-0.0115779 -0.87574 0)
(-0.01393 -0.874379 0)
(-0.0166698 -0.873581 0)
(-0.0200527 -0.873157 0)
(-0.0242851 -0.872912 0)
(-0.0295627 -0.872674 0)
(-0.0360918 -0.872297 0)
(-0.0441048 -0.871648 0)
(-0.0538667 -0.870583 0)
(-0.0656698 -0.868923 0)
(-0.0798243 -0.866413 0)
(-0.0966557 -0.862669 0)
(-0.116496 -0.857103 0)
(-0.139661 -0.848827 0)
(-0.166426 -0.836549 0)
(-0.197046 -0.81854 0)
(-0.231822 -0.792812 0)
(-0.271094 -0.757717 0)
(-0.316021 -0.71349 0)
(-0.00624377 -0.888958 0)
(-6.67275e-05 -0.875581 0)
(-0.0106664 -0.877491 0)
(-0.0103879 -0.875738 0)
(-0.0120444 -0.873767 0)
(-0.0137249 -0.872121 0)
(-0.0158395 -0.870775 0)
(-0.0186381 -0.869586 0)
(-0.022305 -0.868379 0)
(-0.0270132 -0.866982 0)
(-0.0329481 -0.865233 0)
(-0.0403218 -0.862973 0)
(-0.0493801 -0.860029 0)
(-0.0603978 -0.856193 0)
(-0.0736704 -0.851187 0)
(-0.0895102 -0.84462 0)
(-0.108235 -0.835922 0)
(-0.13014 -0.824248 0)
(-0.155459 -0.808358 0)
(-0.184352 -0.786542 0)
(-0.216955 -0.756706 0)
(-0.253411 -0.716861 0)
(-0.294554 -0.66661 0)
(-0.0184145 -0.885284 0)
(-0.000891954 -0.869548 0)
(-0.0139124 -0.875274 0)
(-0.0113818 -0.874489 0)
(-0.0121163 -0.872497 0)
(-0.013002 -0.870477 0)
(-0.0143904 -0.86853 0)
(-0.0164942 -0.866558 0)
(-0.0194544 -0.8644 0)
(-0.0234049 -0.86188 0)
(-0.0284986 -0.858821 0)
(-0.0349194 -0.855036 0)
(-0.042888 -0.85032 0)
(-0.0526575 -0.84443 0)
(-0.0645076 -0.837063 0)
(-0.0787405 -0.82782 0)
(-0.0956701 -0.816149 0)
(-0.115589 -0.801256 0)
(-0.138721 -0.781989 0)
(-0.165178 -0.756717 0)
(-0.194968 -0.72333 0)
(-0.228057 -0.679594 0)
(-0.264959 -0.624527 0)
(-0.0398424 -0.879157 0)
(-0.00148143 -0.865643 0)
(-0.0175127 -0.874552 0)
(-0.0120138 -0.87451 0)
(-0.0116345 -0.872231 0)
(-0.0116852 -0.869662 0)
(-0.0123223 -0.867039 0)
(-0.0136868 -0.864275 0)
(-0.0158581 -0.861211 0)
(-0.0189162 -0.857658 0)
(-0.0229706 -0.853412 0)
(-0.0281679 -0.848257 0)
(-0.0346948 -0.841948 0)
(-0.0427752 -0.834207 0)
(-0.0526652 -0.824696 0)
(-0.0646527 -0.812996 0)
(-0.0790497 -0.798562 0)
(-0.0961633 -0.780651 0)
(-0.116244 -0.758208 0)
(-0.139417 -0.729735 0)
(-0.16565 -0.693201 0)
(-0.194794 -0.646241 0)
(-0.227075 -0.587339 0)
(-0.0740988 -0.864651 0)
(0.000419902 -0.870257 0)
(-0.0208014 -0.877444 0)
(-0.0121341 -0.876963 0)
(-0.0104119 -0.873867 0)
(-0.00966504 -0.87047 0)
(-0.00963112 -0.867069 0)
(-0.0103052 -0.863541 0)
(-0.0116866 -0.859682 0)
(-0.0137925 -0.855267 0)
(-0.0166822 -0.850056 0)
(-0.0204569 -0.843794 0)
(-0.0252592 -0.836197 0)
(-0.0312693 -0.826942 0)
(-0.0387028 -0.815648 0)
(-0.0478143 -0.801861 0)
(-0.058897 -0.785018 0)
(-0.0722658 -0.764393 0)
(-0.0882139 -0.739013 0)
(-0.10694 -0.707521 0)
(-0.128474 -0.668043 0)
(-0.152662 -0.618197 0)
(-0.179554 -0.555953 0)
(-0.125117 -0.823769 0)
(0.00423963 -0.892334 0)
(-0.0215353 -0.886153 0)
(-0.0109988 -0.882023 0)
(-0.00800202 -0.877171 0)
(-0.00672953 -0.872638 0)
(-0.00629606 -0.868421 0)
(-0.00646924 -0.864238 0)
(-0.00716736 -0.859785 0)
(-0.00835742 -0.854771 0)
(-0.010054 -0.848914 0)
(-0.0123109 -0.84192 0)
(-0.0152161 -0.833467 0)
(-0.0188879 -0.823189 0)
(-0.0234752 -0.810664 0)
(-0.0291637 -0.795389 0)
(-0.0361824 -0.77676 0)
(-0.0448022 -0.754031 0)
(-0.055315 -0.726251 0)
(-0.0679835 -0.692164 0)
(-0.0829538 -0.65007 0)
(-0.100156 -0.597718 0)
(-0.119537 -0.532729 0)
(-0.155684 -0.751116 0)
(0.00266312 -0.925233 0)
(-0.0129502 -0.893841 0)
(-0.00571702 -0.883662 0)
(-0.0034618 -0.876353 0)
(-0.00262929 -0.870625 0)
(-0.00233039 -0.865692 0)
(-0.00231933 -0.860992 0)
(-0.00251917 -0.856093 0)
(-0.00289856 -0.850641 0)
(-0.00345362 -0.844319 0)
(-0.00419893 -0.836806 0)
(-0.0051632 -0.827756 0)
(-0.00638758 -0.816783 0)
(-0.00792647 -0.803437 0)
(-0.00985159 -0.787183 0)
(-0.0122587 -0.767382 0)
(-0.0152739 -0.74325 0)
(-0.0190557 -0.713816 0)
(-0.0237865 -0.677845 0)
(-0.0296413 -0.633736 0)
(-0.0367245 -0.579422 0)
(-0.0450773 -0.512562 0)
(0.932729 0.65878 0)
(0.744405 0.482423 0)
(0.486212 0.311381 0)
(0.310443 0.16044 0)
(1.0972 0.508473 0)
(1.12326 0.477845 0)
(1.09783 0.431125 0)
(1.04962 0.367444 0)
(1.02531 0.349465 0)
(1.08589 0.358493 0)
(1.13451 0.359558 0)
(1.167 0.345588 0)
(0.962554 0.255189 0)
(1.00525 0.263729 0)
(1.04678 0.26706 0)
(1.0864 0.2632 0)
(0.92662 0.179236 0)
(0.960239 0.1854 0)
(0.993279 0.186147 0)
(1.02611 0.181238 0)
(0.923997 0.127408 0)
(0.962354 0.13398 0)
(0.997582 0.136482 0)
(1.02511 0.134254 0)
(0.91759 0.0911273 0)
(0.967863 0.0939697 0)
(1.01358 0.0968944 0)
(1.04292 0.0964814 0)
(1.10144 -0.159568 0)
(1.11061 -0.131795 0)
(1.1039 -0.0425742 0)
(1.093 0.0280006 0)
(1.28042 -0.0265592 0)
(1.28589 -0.00757516 0)
(1.29672 0.00543466 0)
(1.31787 -0.00252592 0)
(1.38355 -0.088866 0)
(1.41161 -0.0650329 0)
(1.44095 -0.0411281 0)
(1.46995 -0.0238241 0)
(1.40117 -0.163968 0)
(1.43947 -0.140908 0)
(1.47814 -0.118491 0)
(1.51634 -0.0990534 0)
(1.35821 -0.253032 0)
(1.4028 -0.230681 0)
(1.44782 -0.207484 0)
(1.49295 -0.185117 0)
(1.27819 -0.352364 0)
(1.32666 -0.332077 0)
(1.37611 -0.309393 0)
(1.42637 -0.285525 0)
(1.18175 -0.45683 0)
(1.23221 -0.439834 0)
(1.28419 -0.419164 0)
(1.33763 -0.395406 0)
(1.08271 -0.563261 0)
(1.13371 -0.550607 0)
(1.1867 -0.533244 0)
(1.24163 -0.511033 0)
(0.987388 -0.669264 0)
(1.03772 -0.661622 0)
(1.09034 -0.648479 0)
(1.14523 -0.62897 0)
(0.895827 -0.772473 0)
(0.94423 -0.770156 0)
(0.995062 -0.761781 0)
(1.04839 -0.745835 0)
(0.804933 -0.870188 0)
(0.850054 -0.873214 0)
(0.897647 -0.869887 0)
(0.947877 -0.858155 0)
(0.711589 -0.959599 0)
(0.752116 -0.967777 0)
(0.795098 -0.969638 0)
(0.840849 -0.962719 0)
(0.614262 -1.03815 0)
(0.649091 -1.05118 0)
(0.686317 -1.05831 0)
(0.726453 -1.05683 0)
(0.513099 -1.10385 0)
(0.541412 -1.12133 0)
(0.572022 -1.13379 0)
(0.605683 -1.13833 0)
(0.409444 -1.15531 0)
(0.430719 -1.1768 0)
(0.454136 -1.19454 0)
(0.480717 -1.20557 0)
(0.305253 -1.1918 0)
(0.319232 -1.21671 0)
(0.335125 -1.23954 0)
(0.354206 -1.25729 0)
(0.202706 -1.21308 0)
(0.209382 -1.24071 0)
(0.217644 -1.26821 0)
(0.228996 -1.29257 0)
(0.103927 -1.21943 0)
(0.103513 -1.24894 0)
(0.10427 -1.28046 0)
(0.107901 -1.31101 0)
(0.0107085 -1.21148 0)
(0.00354988 -1.2419 0)
(-0.00295557 -1.27661 0)
(-0.00689234 -1.31274 0)
(-0.0753865 -1.19015 0)
(-0.0887991 -1.2204 0)
(-0.102167 -1.25716 0)
(-0.113498 -1.29777 0)
(-0.152828 -1.15671 0)
(-0.17193 -1.18552 0)
(-0.191676 -1.22283 0)
(-0.210247 -1.26607 0)
(-0.220526 -1.11241 0)
(-0.244666 -1.13835 0)
(-0.270209 -1.17437 0)
(-0.295619 -1.21793 0)
(-0.277265 -1.05879 0)
(-0.305567 -1.08037 0)
(-0.336028 -1.11309 0)
(-0.367453 -1.1544 0)
(-0.321823 -0.997987 0)
(-0.353099 -1.01388 0)
(-0.387147 -1.04139 0)
(-0.423159 -1.07793 0)
(-0.353338 -0.932649 0)
(-0.386164 -0.941973 0)
(-0.422126 -0.962855 0)
(-0.460779 -0.99271 0)
(-0.371656 -0.865653 0)
(-0.404612 -0.868096 0)
(-0.440784 -0.881661 0)
(-0.480024 -0.903815 0)
(-0.377312 -0.799637 0)
(-0.409182 -0.795415 0)
(-0.444121 -0.801653 0)
(-0.482185 -0.815949 0)
(-0.371331 -0.736699 0)
(-0.401201 -0.726396 0)
(-0.433849 -0.725793 0)
(-0.469452 -0.732692 0)
(-0.354991 -0.678351 0)
(-0.382265 -0.662733 0)
(-0.411961 -0.65605 0)
(-0.444325 -0.656343 0)
(-0.329537 -0.625551 0)
(-0.353909 -0.605417 0)
(-0.380346 -0.593488 0)
(-0.409134 -0.588071 0)
(-0.295808 -0.578694 0)
(-0.317218 -0.554789 0)
(-0.340386 -0.538397 0)
(-0.365616 -0.528115 0)
(-0.253766 -0.537647 0)
(-0.272252 -0.510557 0)
(-0.292301 -0.490316 0)
(-0.314242 -0.475863 0)
(-0.201793 -0.502645 0)
(-0.217235 -0.472578 0)
(-0.234217 -0.448749 0)
(-0.253199 -0.430487 0)
(-0.136014 -0.476121 0)
(-0.14777 -0.442996 0)
(-0.161179 -0.415203 0)
(-0.176895 -0.392422 0)
(-0.0524126 -0.453833 0)
(-0.0577099 -0.417759 0)
(-0.0640599 -0.38509 0)
(-0.0722077 -0.355639 0)
(0.273706 0.082177 0)
(0.488073 0.133559 0)
(0.716336 0.111483 0)
(0.421792 0.181196 0)
(0.282604 -0.0424348 0)
(0.20416 -0.155808 0)
(0.145573 -0.218706 0)
(0.141056 -0.239042 0)
(0.158399 -0.240029 0)
(0.19473 -0.216405 0)
(0.235214 -0.173413 0)
(0.267983 -0.1168 0)
(0.285496 -0.0518542 0)
(0.284061 0.0155905 0)
(0.262803 0.0793409 0)
(0.223165 0.133087 0)
(0.16831 0.171417 0)
(0.104871 0.191815 0)
(0.0381843 0.19633 0)
(0.967254 0.275009 0)
(0.892768 0.178016 0)
(0.86327 0.107251 0)
(0.903802 0.0797032 0)
(0.990032 0.0662139 0)
(0.875431 0.0706479 0)
(0.599044 -0.0952482 0)
(0.470431 -0.203242 0)
(0.381866 -0.246604 0)
(0.349131 -0.240535 0)
(0.349384 -0.200297 0)
(0.361785 -0.135708 0)
(0.368368 -0.0559022 0)
(0.357787 0.0294389 0)
(0.326316 0.111008 0)
(0.274794 0.180488 0)
(0.206488 0.230991 0)
(0.128453 0.258763 0)
(0.046973 0.265042 0)
(1.1853 0.294297 0)
(1.16457 0.221503 0)
(1.1332 0.173099 0)
(1.10923 0.133924 0)
(1.09048 0.0894437 0)
(1.08412 0.0565537 0)
(1.10147 0.0461831 0)
(0.968094 0.0233755 0)
(0.745443 -0.124106 0)
(0.613563 -0.189969 0)
(0.536284 -0.187413 0)
(0.499531 -0.13411 0)
(0.479327 -0.047192 0)
(0.451944 0.0545915 0)
(0.405176 0.155022 0)
(0.337662 0.241507 0)
(0.252712 0.305324 0)
(0.157288 0.341331 0)
(0.0577042 0.34939 0)
(1.14331 0.24046 0)
(1.1932 0.200067 0)
(1.21515 0.161427 0)
(1.21977 0.13157 0)
(1.21538 0.11808 0)
(1.20292 0.105783 0)
(1.18332 0.0778419 0)
(1.15966 0.0520328 0)
(1.11829 0.0448485 0)
(0.944787 -0.0219049 0)
(0.801947 -0.0936678 0)
(0.700536 -0.0877944 0)
(0.633441 -0.013479 0)
(0.575346 0.0981172 0)
(0.504345 0.216369 0)
(0.413939 0.319974 0)
(0.30738 0.397333 0)
(0.191417 0.442244 0)
(0.0705535 0.452434 0)
(1.07978 0.167555 0)
(1.14642 0.145759 0)
(1.19688 0.123636 0)
(1.23384 0.106666 0)
(1.25817 0.0994506 0)
(1.26745 0.101218 0)
(1.26145 0.108074 0)
(1.24235 0.0994499 0)
(1.21396 0.0753647 0)
(1.16544 0.0578302 0)
(1.04924 0.0522403 0)
(0.936785 0.0236134 0)
(0.83398 0.0649189 0)
(0.735772 0.172931 0)
(0.62844 0.304028 0)
(0.50536 0.422214 0)
(0.370307 0.511249 0)
(0.230213 0.564446 0)
(0.0855009 0.576817 0)
(1.06614 0.125266 0)
(1.12593 0.106018 0)
(1.1794 0.0820148 0)
(1.22573 0.0666459 0)
(1.26384 0.0686877 0)
(1.29016 0.0821322 0)
(1.30142 0.10104 0)
(1.29544 0.118755 0)
(1.27472 0.120256 0)
(1.24548 0.102483 0)
(1.18762 0.0930525 0)
(1.10397 0.121149 0)
(1.02964 0.171084 0)
(0.920087 0.285679 0)
(0.776172 0.428436 0)
(0.611378 0.556384 0)
(0.440184 0.652208 0)
(0.272188 0.71093 0)
(0.102081 0.725012 0)
(1.0825 0.0867098 0)
(1.14038 0.0686333 0)
(1.19073 0.0563937 0)
(1.23308 0.0508295 0)
(1.27154 0.0525588 0)
(1.30423 0.0621532 0)
(1.32442 0.0875946 0)
(1.32754 0.119478 0)
(1.31363 0.14315 0)
(1.28862 0.146113 0)
(1.25755 0.134167 0)
(1.18899 0.159029 0)
(1.13793 0.240452 0)
(1.0766 0.401395 0)
(0.928019 0.585079 0)
(0.724342 0.72758 0)
(0.512826 0.824541 0)
(0.314585 0.883851 0)
(0.119204 0.898424 0)
(1.11084 0.039892 0)
(1.16189 0.0334022 0)
(1.2034 0.0209337 0)
(1.23907 0.0116624 0)
(1.27995 0.0266783 0)
(1.32001 0.0572031 0)
(1.34565 0.0863641 0)
(1.35263 0.120969 0)
(1.34009 0.156332 0)
(1.31569 0.177175 0)
(1.28787 0.17791 0)
(1.25096 0.18346 0)
(1.18431 0.274115 0)
(1.16198 0.483055 0)
(1.05008 0.747774 0)
(0.827835 0.929828 0)
(0.58012 1.02838 0)
(0.353122 1.08313 0)
(0.135165 1.09646 0)
(1.35155 -0.0535135 0)
(1.36362 -0.075261 0)
(1.28818 -0.0406185 0)
(1.26647 -0.0333229 0)
(1.2683 -0.00900892 0)
(1.31709 0.0223649 0)
(1.35928 0.07773 0)
(1.37128 0.131011 0)
(1.35897 0.17244 0)
(1.33158 0.203242 0)
(1.30181 0.21452 0)
(1.2746 0.21982 0)
(1.21398 0.28862 0)
(1.18596 0.534524 0)
(1.11806 0.894134 0)
(0.902485 1.14798 0)
(0.631726 1.25736 0)
(0.382635 1.30504 0)
(0.147943 1.31574 0)
(1.51065 -0.0106711 0)
(1.54265 0.0118587 0)
(1.54525 0.0199153 0)
(1.53667 -0.0218075 0)
(1.52197 -0.075495 0)
(1.47168 -0.0731931 0)
(1.37183 0.0525988 0)
(1.37935 0.135909 0)
(1.36697 0.19434 0)
(1.33714 0.230702 0)
(1.30338 0.249149 0)
(1.27562 0.259172 0)
(1.23122 0.309315 0)
(1.17854 0.565483 0)
(1.13283 1.01647 0)
(0.935838 1.3652 0)
(0.658496 1.49979 0)
(0.398563 1.54193 0)
(0.155729 1.54991 0)
(1.57356 -0.072096 0)
(1.63769 -0.028387 0)
(1.67871 0.0137571 0)
(1.68786 0.0339668 0)
(1.65034 0.0467563 0)
(1.59101 0.0457952 0)
(1.47258 0.0821263 0)
(1.38567 0.151018 0)
(1.36328 0.221483 0)
(1.33178 0.26209 0)
(1.29459 0.283638 0)
(1.26467 0.295088 0)
(1.2308 0.340084 0)
(1.15707 0.608129 0)
(1.11343 1.13625 0)
(0.928269 1.57655 0)
(0.657222 1.74343 0)
(0.398809 1.78367 0)
(0.157541 1.79027 0)
(1.56397 -0.149684 0)
(1.65256 -0.0899554 0)
(1.71657 -0.0230975 0)
(1.74266 0.0389215 0)
(1.71063 0.0969636 0)
(1.6414 0.148905 0)
(1.55454 0.176885 0)
(1.37915 0.215996 0)
(1.34997 0.261999 0)
(1.31535 0.298624 0)
(1.27668 0.319365 0)
(1.24484 0.330898 0)
(1.21661 0.372565 0)
(1.13441 0.646445 0)
(1.0765 1.2598 0)
(0.890533 1.78094 0)
(0.631603 1.97898 0)
(0.38455 2.02028 0)
(0.153534 2.02747 0)
(1.50759 -0.243843 0)
(1.61389 -0.168246 0)
(1.69538 -0.0734245 0)
(1.73684 0.0328827 0)
(1.71688 0.14287 0)
(1.64276 0.243724 0)
(1.56446 0.29553 0)
(1.36302 0.285606 0)
(1.32826 0.31458 0)
(1.28945 0.33977 0)
(1.2494 0.35674 0)
(1.21654 0.368535 0)
(1.19026 0.410731 0)
(1.10872 0.689717 0)
(1.02216 1.3889 0)
(0.827529 1.97798 0)
(0.586496 2.20013 0)
(0.358455 2.2436 0)
(0.14462 2.25315 0)
(1.42568 -0.350206 0)
(1.54456 -0.260112 0)
(1.63996 -0.136168 0)
(1.69473 0.0167742 0)
(1.68566 0.183949 0)
(1.6134 0.336104 0)
(1.54159 0.414097 0)
(1.34468 0.346576 0)
(1.29707 0.3715 0)
(1.2549 0.385552 0)
(1.21463 0.394307 0)
(1.18197 0.403122 0)
(1.15607 0.445779 0)
(1.0725 0.756071 0)
(0.946582 1.54258 0)
(0.743867 2.16963 0)
(0.527583 2.4023 0)
(0.323957 2.44752 0)
(0.132101 2.46079 0)
(1.33352 -0.464854 0)
(1.46063 -0.362539 0)
(1.56634 -0.209732 0)
(1.63137 -0.00883301 0)
(1.63105 0.218314 0)
(1.56277 0.423935 0)
(1.50107 0.525193 0)
(1.32556 0.418139 0)
(1.25766 0.430718 0)
(1.21332 0.433047 0)
(1.17457 0.43171 0)
(1.14336 0.435574 0)
(1.11588 0.481072 0)
(1.01985 0.861566 0)
(0.861883 1.72001 0)
(0.656889 2.35206 0)
(0.464413 2.58229 0)
(0.285565 2.62849 0)
(0.117592 2.64634 0)
(1.23825 -0.584065 0)
(1.36944 -0.472009 0)
(1.48168 -0.290918 0)
(1.55363 -0.0413493 0)
(1.55908 0.247383 0)
(1.49414 0.505998 0)
(1.44253 0.626896 0)
(1.26795 0.481976 0)
(1.20896 0.497956 0)
(1.16872 0.481167 0)
(1.13307 0.467231 0)
(1.10397 0.467139 0)
(1.07525 0.519736 0)
(0.967324 0.992229 0)
(0.79325 1.90095 0)
(0.579798 2.52396 0)
(0.403658 2.74155 0)
(0.246856 2.78627 0)
(0.102474 2.80827 0)
(1.13986 -0.704131 0)
(1.27099 -0.584933 0)
(1.38667 -0.37682 0)
(1.46413 -0.0780523 0)
(1.47459 0.273322 0)
(1.41468 0.585268 0)
(1.36852 0.720729 0)
(1.19485 0.536259 0)
(1.15661 0.556522 0)
(1.12525 0.522266 0)
(1.09422 0.499879 0)
(1.07006 0.50149 0)
(1.04852 0.558443 0)
(0.939125 1.10603 0)
(0.723485 2.09128 0)
(0.500647 2.69165 0)
(0.342909 2.88346 0)
(0.20815 2.922 0)
(0.0872037 2.94659 0)
(1.03517 -0.821417 0)
(1.16251 -0.6981 0)
(1.27941 -0.465791 0)
(1.36346 -0.119583 0)
(1.38304 0.294485 0)
(1.33737 0.659734 0)
(1.29144 0.800426 0)
(1.12773 0.586696 0)
(1.11046 0.605206 0)
(1.08668 0.55491 0)
(1.06246 0.525949 0)
(1.04694 0.530411 0)
(1.02755 0.590113 0)
(0.887439 1.24437 0)
(0.591795 2.30369 0)
(0.399853 2.85058 0)
(0.276825 3.00498 0)
(0.168153 3.03503 0)
(0.0716963 3.06127 0)
(0.921581 -0.932787 0)
(1.04221 -0.809159 0)
(1.15868 -0.558033 0)
(1.25233 -0.170579 0)
(1.28818 0.301962 0)
(1.27304 0.718104 0)
(1.25068 0.864401 0)
(1.08773 0.636055 0)
(1.07693 0.639488 0)
(1.05475 0.581251 0)
(1.03695 0.547144 0)
(1.02583 0.555552 0)
(1.00478 0.664059 0)
(0.705935 1.53541 0)
(0.415954 2.51934 0)
(0.291548 2.97841 0)
(0.209435 3.09734 0)
(0.128656 3.12331 0)
(0.0566009 3.15211 0)
(0.798657 -1.03569 0)
(0.910152 -0.916421 0)
(1.02497 -0.654019 0)
(1.12985 -0.234946 0)
(1.18849 0.287702 0)
(1.20803 0.747682 0)
(1.24922 0.906351 0)
(1.08102 0.700491 0)
(1.05877 0.675836 0)
(1.03302 0.602893 0)
(1.00624 0.557003 0)
(0.97368 0.597505 0)
(0.936249 0.894163 0)
(0.510175 1.82425 0)
(0.289118 2.67716 0)
(0.209996 3.06226 0)
(0.153344 3.15911 0)
(0.0952473 3.18781 0)
(0.0435047 3.2205 0)
(0.667824 -1.12791 0)
(0.767702 -1.01839 0)
(0.87966 -0.754519 0)
(0.995849 -0.316777 0)
(1.08561 0.249757 0)
(1.12635 0.750434 0)
(1.15448 0.851656 0)
(1.08638 0.812726 0)
(1.05535 0.718155 0)
(1.01263 0.604342 0)
(0.93833 0.542831 0)
(0.785616 0.636387 0)
(0.705367 1.1359 0)
(0.40741 1.99923 0)
(0.211851 2.79419 0)
(0.157094 3.11828 0)
(0.115032 3.20057 0)
(0.0715415 3.23438 0)
(0.0336026 3.2708 0)
(0.531592 -1.20743 0)
(0.617274 -1.11329 0)
(0.725217 -0.858991 0)
(0.852062 -0.419695 0)
(0.988242 0.176557 0)
(1.05114 0.732526 0)
(1.06519 0.812812 0)
(1.05392 0.833729 0)
(1.02776 0.792171 0)
(0.968094 0.718744 0)
(0.746682 0.642898 0)
(0.557697 0.767 0)
(0.457935 1.32762 0)
(0.290358 2.17247 0)
(0.151084 2.88257 0)
(0.118786 3.1594 0)
(0.0914646 3.23155 0)
(0.0568109 3.27007 0)
(0.0269485 3.30897 0)
(0.392777 -1.27244 0)
(0.461666 -1.19857 0)
(0.562713 -0.964528 0)
(0.692427 -0.543889 0)
(0.866802 0.0448285 0)
(1.01399 0.718547 0)
(1.0119 0.823739 0)
(1.01512 0.841171 0)
(0.98954 0.851789 0)
(0.939563 0.859757 0)
(0.806608 0.848082 0)
(0.516633 0.93459 0)
(0.376916 1.47789 0)
(0.245735 2.31417 0)
(0.134298 2.93759 0)
(0.105512 3.18645 0)
(0.0825109 3.25676 0)
(0.0501412 3.30033 0)
(0.0232167 3.34049 0)
(0.254457 -1.32118 0)
(0.30429 -1.27042 0)
(0.391005 -1.06455 0)
(0.509555 -0.675099 0)
(0.648469 -0.115816 0)
(0.923229 0.67053 0)
(0.953089 0.805507 0)
(0.965856 0.844112 0)
(0.949469 0.884258 0)
(0.911353 0.943407 0)
(0.860698 0.979622 0)
(0.680074 1.06792 0)
(0.48117 1.64756 0)
(0.323685 2.44569 0)
(0.185708 2.99546 0)
(0.126406 3.21443 0)
(0.0891847 3.28378 0)
(0.0508218 3.33037 0)
(0.0219957 3.36974 0)
(0.119986 -1.35243 0)
(0.149691 -1.32596 0)
(0.21745 -1.15332 0)
(0.327762 -0.799134 0)
(0.469984 -0.280087 0)
(0.751061 0.412933 0)
(0.897274 0.744082 0)
(0.908087 0.839344 0)
(0.905514 0.904062 0)
(0.880168 0.984779 0)
(0.850891 1.05486 0)
(0.76353 1.16233 0)
(0.58839 1.77964 0)
(0.466685 2.6115 0)
(0.278418 3.09596 0)
(0.166024 3.26844 0)
(0.103705 3.32338 0)
(0.0546086 3.36545 0)
(0.0217492 3.40008 0)
(-0.00822661 -1.3657 0)
(0.000746499 -1.36398 0)
(0.047963 -1.22943 0)
(0.1544 -0.915842 0)
(0.300972 -0.437588 0)
(0.544629 0.16691 0)
(0.820807 0.698641 0)
(0.830827 0.826008 0)
(0.849153 0.91034 0)
(0.839763 1.01065 0)
(0.821975 1.11753 0)
(0.785239 1.23502 0)
(0.622543 1.88421 0)
(0.58613 2.81755 0)
(0.356041 3.25393 0)
(0.192287 3.35938 0)
(0.109582 3.38023 0)
(0.0530505 3.40767 0)
(0.0196224 3.43075 0)
(-0.128455 -1.36038 0)
(-0.141859 -1.38268 0)
(-0.119278 -1.28984 0)
(-0.0324506 -1.03034 0)
(0.116976 -0.601609 0)
(0.277525 -0.0812623 0)
(0.678212 0.583727 0)
(0.738315 0.777312 0)
(0.769546 0.898288 0)
(0.777913 1.02228 0)
(0.76317 1.16935 0)
(0.744699 1.31745 0)
(0.646728 1.76843 0)
(0.599008 2.97657 0)
(0.34102 3.44317 0)
(0.169997 3.47331 0)
(0.0893301 3.44558 0)
(0.0361968 3.45102 0)
(0.0114388 3.45746 0)
(-0.238957 -1.33547 0)
(-0.276381 -1.37831 0)
(-0.284133 -1.32739 0)
(-0.23137 -1.12927 0)
(-0.0894451 -0.752164 0)
(0.0666033 -0.270356 0)
(0.322195 0.26846 0)
(0.629832 0.68636 0)
(0.645535 0.87817 0)
(0.67134 1.027 0)
(0.665584 1.19624 0)
(0.648829 1.38447 0)
(0.58135 1.7465 0)
(0.33488 3.20395 0)
(0.177887 3.61952 0)
(0.0760993 3.57188 0)
(0.0322666 3.49824 0)
(-0.00315032 3.48714 0)
(-0.00788409 3.46626 0)
(-0.337832 -1.29005 0)
(-0.400396 -1.34685 0)
(-0.443419 -1.33323 0)
(-0.437232 -1.203 0)
(-0.330857 -0.906906 0)
(-0.107335 -0.452689 0)
(0.0474402 0.0261774 0)
(0.426133 0.524537 0)
(0.46185 0.821531 0)
(0.497422 1.02882 0)
(0.500138 1.22817 0)
(0.482594 1.46286 0)
(0.380477 1.9676 0)
(-0.121549 3.38786 0)
(-0.072873 3.71126 0)
(-0.0766674 3.60993 0)
(-0.0582263 3.51415 0)
(-0.0631287 3.51011 0)
(-0.0377392 3.43445 0)
(-0.422076 -1.22425 0)
(-0.509265 -1.28544 0)
(-0.590561 -1.29695 0)
(-0.642692 -1.22598 0)
(-0.615065 -1.02187 0)
(-0.434573 -0.653367 0)
(-0.296213 -0.168138 0)
(-0.0536885 0.342941 0)
(0.212353 0.725185 0)
(0.272108 0.99719 0)
(0.271146 1.23431 0)
(0.173425 1.59866 0)
(0.014054 2.3166 0)
(-0.558996 3.50372 0)
(-0.340831 3.68299 0)
(-0.250249 3.56532 0)
(-0.165207 3.48067 0)
(-0.133078 3.50719 0)
(-0.0723233 3.35388 0)
(-0.487658 -1.14047 0)
(-0.595417 -1.19533 0)
(-0.711487 -1.21436 0)
(-0.821945 -1.17812 0)
(-0.891122 -1.04233 0)
(-0.858218 -0.759157 0)
(-0.755638 -0.332012 0)
(-0.546866 0.134097 0)
(-0.326215 0.555955 0)
(-0.065593 0.958886 0)
(-0.159549 1.23358 0)
(-0.395229 1.69839 0)
(-0.702814 2.67786 0)
(-0.920441 3.48616 0)
(-0.586061 3.53743 0)
(-0.413666 3.44479 0)
(-0.27014 3.39982 0)
(-0.200034 3.46936 0)
(-0.10371 3.22583 0)
(-0.531271 -1.04403 0)
(-0.651661 -1.08385 0)
(-0.790354 -1.09417 0)
(-0.941361 -1.06572 0)
(-1.08543 -0.969345 0)
(-1.18169 -0.769287 0)
(-1.19401 -0.454102 0)
(-1.11971 -0.0474747 0)
(-1.04834 0.410877 0)
(-0.992787 0.919349 0)
(-0.993021 1.48262 0)
(-1.1535 2.05786 0)
(-1.31916 2.82079 0)
(-1.14008 3.28116 0)
(-0.77219 3.30211 0)
(-0.54001 3.26937 0)
(-0.358349 3.28158 0)
(-0.253309 3.3935 0)
(-0.12517 3.0597 0)
(-0.552245 -0.94185 0)
(-0.676181 -0.962065 0)
(-0.822669 -0.954245 0)
(-0.990177 -0.915221 0)
(-1.16995 -0.826574 0)
(-1.34092 -0.662417 0)
(-1.47315 -0.407003 0)
(-1.54872 -0.0634381 0)
(-1.59331 0.366263 0)
(-1.62788 0.910202 0)
(-1.62206 1.51888 0)
(-1.6437 2.11635 0)
(-1.54526 2.6623 0)
(-1.21692 2.96212 0)
(-0.870073 3.02825 0)
(-0.616418 3.06576 0)
(-0.419818 3.13826 0)
(-0.28608 3.28231 0)
(-0.133194 2.87063 0)
(-0.552486 -0.840394 0)
(-0.672399 -0.840273 0)
(-0.814601 -0.811543 0)
(-0.979354 -0.754461 0)
(-1.16245 -0.657532 0)
(-1.35189 -0.501922 0)
(-1.52913 -0.271677 0)
(-1.677 0.0409193 0)
(-1.78409 0.441547 0)
(-1.83893 0.9286 0)
(-1.82097 1.46207 0)
(-1.72625 1.97716 0)
(-1.51145 2.39476 0)
(-1.19005 2.64374 0)
(-0.889592 2.7644 0)
(-0.646441 2.8594 0)
(-0.451132 2.98179 0)
(-0.296441 3.14323 0)
(-0.127979 2.67571 0)
(-0.535254 -0.744458 0)
(-0.646084 -0.7258 0)
(-0.776253 -0.677641 0)
(-0.926359 -0.602139 0)
(-1.09403 -0.492543 0)
(-1.27107 -0.335917 0)
(-1.44398 -0.118866 0)
(-1.5963 0.168485 0)
(-1.70894 0.529185 0)
(-1.75857 0.951031 0)
(-1.72292 1.3964 0)
(-1.59251 1.81313 0)
(-1.37433 2.15005 0)
(-1.10942 2.37994 0)
(-0.859124 2.53408 0)
(-0.641414 2.66627 0)
(-0.455067 2.82129 0)
(-0.287261 2.98616 0)
(-0.112792 2.48988 0)
(-0.504106 -0.656972 0)
(-0.603188 -0.622825 0)
(-0.717517 -0.558759 0)
(-0.847437 -0.467855 0)
(-0.99148 -0.34678 0)
(-1.14359 -0.187638 0)
(-1.29275 0.0189245 0)
(-1.42363 0.279754 0)
(-1.51726 0.595801 0)
(-1.55221 0.954772 0)
(-1.51186 1.32529 0)
(-1.39338 1.66849 0)
(-1.21357 1.95368 0)
(-1.00577 2.17126 0)
(-0.801124 2.3398 0)
(-0.611821 2.49179 0)
(-0.437506 2.66239 0)
(-0.264225 2.82107 0)
(-0.0924005 2.32324 0)
(-0.462258 -0.579274 0)
(-0.54874 -0.533022 0)
(-0.64619 -0.457122 0)
(-0.754666 -0.354752 0)
(-0.873427 -0.225066 0)
(-0.997839 -0.0643028 0)
(-1.11884 0.132906 0)
(-1.2236 0.370125 0)
(-1.29622 0.64611 0)
(-1.3202 0.950228 0)
(-1.28503 1.26047 0)
(-1.19165 1.55036 0)
(-1.05406 1.80065 0)
(-0.89363 2.00607 0)
(-0.727996 2.17735 0)
(-0.565509 2.33617 0)
(-0.405022 2.50899 0)
(-0.233533 2.65672 0)
(-0.0712751 2.18059 0)
(-0.412177 -0.511487 0)
(-0.486582 -0.456405 0)
(-0.567769 -0.372705 0)
(-0.655807 -0.262503 0)
(-0.751136 -0.126834 0)
(-0.850169 0.0343967 0)
(-0.94544 0.223281 0)
(-1.027 0.440855 0)
(-1.08281 0.684665 0)
(-1.10116 0.94632 0)
(-1.07516 1.21081 0)
(-1.0062 1.461 0)
(-0.903671 1.68403 0)
(-0.780484 1.8758 0)
(-0.647111 2.04236 0)
(-0.508852 2.19871 0)
(-0.363763 2.36464 0)
(-0.200457 2.49992 0)
(-0.052482 2.06235 0)
(-0.35499 -0.452805 0)
(-0.419282 -0.392026 0)
(-0.486052 -0.304741 0)
(-0.555596 -0.189643 0)
(-0.630667 -0.049291 0)
(-0.708724 0.111795 0)
(-0.783054 0.29355 0)
(-0.846116 0.495514 0)
(-0.889446 0.714833 0)
(-0.905094 0.945031 0)
(-0.888278 1.17589 0)
(-0.839528 1.39599 0)
(-0.764317 1.59643 0)
(-0.670223 1.77371 0)
(-0.563469 1.93112 0)
(-0.447152 2.07919 0)
(-0.318939 2.23298 0)
(-0.168801 2.35621 0)
(-0.0374928 1.96691 0)
(-0.28934 -0.401999 0)
(-0.347173 -0.337936 0)
(-0.403126 -0.251459 0)
(-0.45741 -0.133598 0)
(-0.515847 0.0116083 0)
(-0.577901 0.172411 0)
(-0.636085 0.348076 0)
(-0.684799 0.537901 0)
(-0.718593 0.739091 0)
(-0.732384 0.946442 0)
(-0.722848 1.15262 0)
(-0.689681 1.34967 0)
(-0.635552 1.53116 0)
(-0.564585 1.69408 0)
(-0.480269 1.84007 0)
(-0.384178 1.97647 0)
(-0.273948 2.11504 0)
(-0.140503 2.22612 0)
(-0.0266072 1.88823 0)
(-0.208273 -0.356797 0)
(-0.262747 -0.287331 0)
(-0.314386 -0.203186 0)
(-0.365188 -0.0833116 0)
(-0.413021 0.0654059 0)
(-0.464706 0.223266 0)
(-0.51056 0.391869 0)
(-0.547271 0.571105 0)
(-0.572289 0.758352 0)
(-0.582989 0.949079 0)
(-0.577403 1.13745 0)
(-0.554977 1.31741 0)
(-0.516719 1.48401 0)
(-0.464556 1.63468 0)
(-0.400147 1.77012 0)
(-0.323922 1.89563 0)
(-0.233186 2.02085 0)
(-0.118032 2.12329 0)
(-0.0194095 1.83289 0)
(-0.090686 -0.307253 0)
(-0.131266 -0.219656 0)
(-0.181887 -0.135388 0)
(-0.290023 -0.0242121 0)
(-0.341434 0.123027 0)
(-0.388981 0.270746 0)
(-0.425224 0.429083 0)
(-0.450322 0.597132 0)
(-0.464363 0.771597 0)
(-0.466831 0.947913 0)
(-0.45736 1.12082 0)
(-0.436172 1.28521 0)
(-0.404097 1.437 0)
(-0.36226 1.57387 0)
(-0.311531 1.69573 0)
(-0.252139 1.80547 0)
(-0.182663 1.90981 0)
(-0.095351 1.99615 0)
(-0.0177231 1.75509 0)
)
;

boundaryField
{
    leftWall
    {
        type            noSlip;
    }
    rightWall
    {
        type            noSlip;
    }
    lowerWall
    {
        type            noSlip;
    }
    atmosphere
    {
        type            pressureInletOutletVelocity;
        value           nonuniform List<vector> 
46
(
(0 -0.751116 0)
(0 -0.925233 0)
(0 -0.893841 0)
(0 -0.883662 0)
(0 -0.876353 0)
(0 -0.870625 0)
(0 -0.865692 0)
(0 -0.860992 0)
(0 -0.856093 0)
(0 -0.850641 0)
(0 -0.844319 0)
(0 -0.836806 0)
(0 -0.827756 0)
(0 -0.816783 0)
(0 -0.803437 0)
(0 -0.787183 0)
(0 -0.767382 0)
(0 -0.74325 0)
(0 -0.713816 0)
(0 -0.677845 0)
(0 -0.633736 0)
(0 -0.579422 0)
(0 -0.512562 0)
(0 -0.453833 0)
(0 -0.417759 0)
(0 -0.38509 0)
(0 -0.355639 0)
(0 -0.307253 0)
(0 -0.219656 0)
(0 -0.135388 0)
(0 -0.0242121 0)
(-0.341434 0.123027 0)
(-0.388981 0.270746 0)
(-0.425224 0.429083 0)
(-0.450322 0.597132 0)
(-0.464363 0.771597 0)
(-0.466831 0.947913 0)
(-0.45736 1.12082 0)
(-0.436172 1.28521 0)
(-0.404097 1.437 0)
(-0.36226 1.57387 0)
(-0.311531 1.69573 0)
(-0.252139 1.80547 0)
(-0.182663 1.90981 0)
(-0.095351 1.99615 0)
(-0.0177231 1.75509 0)
)
;
    }
    defaultFaces
    {
        type            empty;
    }
}


// ************************************************************************* //
