/*--------------------------------*- C++ -*----------------------------------*\
  =========                 |
  \\      /  F ield         | OpenFOAM: The Open Source CFD Toolbox
   \\    /   O peration     | Website:  https://openfoam.org
    \\  /    A nd           | Version:  7
     \\/     M anipulation  |
\*---------------------------------------------------------------------------*/
FoamFile
{
    version     2.0;
    format      ascii;
    class       surfaceScalarField;
    location    "0.4";
    object      phi;
}
// * * * * * * * * * * * * * * * * * * * * * * * * * * * * * * * * * * * * * //

dimensions      [0 3 -1 0 0 0 0];

internalField   nonuniform List<scalar> 
3782
(
-5.04538e-05
8.03908e-05
-5.55901e-05
7.41953e-05
-6.0476e-05
6.73685e-05
-6.50998e-05
5.99308e-05
-6.94556e-05
5.19242e-05
-7.35574e-05
4.34155e-05
-7.74173e-05
3.44542e-05
-8.10141e-05
2.50508e-05
-8.42756e-05
1.52064e-05
-8.70764e-05
4.94403e-06
-8.92332e-05
-5.66788e-06
-9.0547e-05
-1.64399e-05
-9.08585e-05
-2.70897e-05
-9.00665e-05
-3.7329e-05
-8.81344e-05
-4.68896e-05
-8.50834e-05
-5.55445e-05
-8.10069e-05
-6.30706e-05
-7.60874e-05
-6.92454e-05
-7.05892e-05
-7.38982e-05
-6.48173e-05
-7.69782e-05
-5.90585e-05
-7.85867e-05
-5.35374e-05
-7.89394e-05
-4.83994e-05
-7.82986e-05
-4.37163e-05
-7.69124e-05
-3.95033e-05
-7.49803e-05
-3.57392e-05
-7.26435e-05
-3.23839e-05
-6.99914e-05
-2.93923e-05
-6.70749e-05
-2.67228e-05
-6.39221e-05
-2.43404e-05
-6.05547e-05
-2.22169e-05
-5.69964e-05
-2.03303e-05
-5.32755e-05
-1.86624e-05
-4.94241e-05
-1.71973e-05
-4.5476e-05
-1.59193e-05
-4.14624e-05
-1.48114e-05
-3.74094e-05
-1.38535e-05
-3.33353e-05
-1.30186e-05
-2.92466e-05
-1.22682e-05
-2.51278e-05
-1.15481e-05
-2.09139e-05
-1.07972e-05
-1.6431e-05
-1.0012e-05
-1.12739e-05
-4.63469e-06
8.50821e-05
-4.12569e-05
8.92453e-05
-3.3437e-05
9.26882e-05
-2.42347e-05
-1.39872e-05
9.52827e-05
7.86839e-05
-4.57455e-05
8.26189e-05
-3.7372e-05
8.58076e-05
-2.74235e-05
-1.62882e-05
8.81087e-05
7.16426e-05
-5.00196e-05
7.53618e-05
-4.10913e-05
7.83288e-05
-3.03904e-05
-1.83532e-05
8.03937e-05
6.39948e-05
-5.40836e-05
6.75394e-05
-4.46359e-05
7.03576e-05
-3.32085e-05
-2.02806e-05
7.22849e-05
5.58147e-05
-5.79741e-05
5.92628e-05
-4.8084e-05
6.20475e-05
-3.59932e-05
-2.22266e-05
6.39935e-05
4.7198e-05
-6.17566e-05
5.06738e-05
-5.15598e-05
5.36054e-05
-3.89249e-05
-2.44193e-05
5.57982e-05
3.81999e-05
-6.55023e-05
4.18526e-05
-5.52125e-05
4.5172e-05
-4.22443e-05
-2.71424e-05
4.78951e-05
2.8787e-05
-6.92386e-05
3.27141e-05
-5.91396e-05
3.66034e-05
-4.61336e-05
-3.06668e-05
4.01278e-05
1.88879e-05
-7.29201e-05
2.30891e-05
-6.33408e-05
2.7627e-05
-5.06715e-05
-3.52557e-05
3.22159e-05
8.44299e-06
-7.6419e-05
1.2808e-05
-6.77058e-05
1.79629e-05
-5.58264e-05
-4.09996e-05
2.37068e-05
-2.57569e-06
-7.95112e-05
1.6864e-06
-7.19679e-05
7.14662e-06
-6.12866e-05
-4.74857e-05
1.36327e-05
-1.40375e-05
-8.19136e-05
-1.02595e-05
-7.57459e-05
-4.97695e-06
-6.65691e-05
-5.42492e-05
1.78668e-06
-2.56291e-05
-8.33741e-05
-2.26951e-05
-7.86799e-05
-1.80362e-05
-7.1228e-05
-6.0712e-05
-1.15735e-05
-3.70034e-05
-8.36997e-05
-3.5224e-05
-8.04594e-05
-3.16257e-05
-7.48263e-05
-6.63431e-05
-2.59946e-05
-4.78187e-05
-8.27706e-05
-4.7425e-05
-8.0853e-05
-4.52313e-05
-7.702e-05
-7.07499e-05
-4.08246e-05
-5.77881e-05
-8.0527e-05
-5.89726e-05
-7.96686e-05
-5.85722e-05
-7.74204e-05
-7.33015e-05
-5.60206e-05
-6.65973e-05
-7.70003e-05
-6.94454e-05
-7.68205e-05
-7.11461e-05
-7.57197e-05
-7.33102e-05
-7.11374e-05
-7.38846e-05
-7.23611e-05
-7.82654e-05
-7.24397e-05
-8.20475e-05
-7.19376e-05
-7.05632e-05
-8.47945e-05
-7.93409e-05
-6.69183e-05
-8.48875e-05
-6.6893e-05
-9.03412e-05
-6.6484e-05
-6.54675e-05
-9.54369e-05
-8.28397e-05
-6.10569e-05
-8.90421e-05
-6.06906e-05
-9.54955e-05
-6.00306e-05
-5.88932e-05
-0.00010207
-8.44957e-05
-5.5148e-05
-9.08474e-05
-5.43389e-05
-9.7607e-05
-5.32711e-05
-5.17891e-05
-0.000104711
-8.46073e-05
-4.94801e-05
-9.07178e-05
-4.82283e-05
-9.72556e-05
-4.67332e-05
-4.4866e-05
-0.000104179
-8.3542e-05
-4.42367e-05
-8.91683e-05
-4.2602e-05
-9.51654e-05
-4.07361e-05
-3.85366e-05
-0.000101495
-8.16438e-05
-3.95053e-05
-8.66729e-05
-3.75729e-05
-9.19854e-05
-3.54236e-05
-3.29798e-05
-9.75423e-05
-7.91836e-05
-3.5302e-05
-8.35966e-05
-3.31599e-05
-8.82019e-05
-3.08184e-05
-2.82206e-05
-9.2961e-05
-7.63477e-05
-3.15977e-05
-8.01841e-05
-2.93235e-05
-8.41324e-05
-2.687e-05
-2.41966e-05
-8.81565e-05
-7.32481e-05
-2.83411e-05
-7.65751e-05
-2.59965e-05
-7.99507e-05
-2.34944e-05
-2.08054e-05
-8.33419e-05
-6.99417e-05
-2.54743e-05
-7.28329e-05
-2.31052e-05
-7.5727e-05
-2.06004e-05
-1.79376e-05
-7.85948e-05
-6.64526e-05
-2.29438e-05
-6.89756e-05
-2.05822e-05
-7.14715e-05
-1.81045e-05
-1.54945e-05
-7.39146e-05
-6.27931e-05
-2.07054e-05
-6.50039e-05
-1.83714e-05
-6.71697e-05
-1.59387e-05
-1.3396e-05
-6.92683e-05
-5.8977e-05
-1.87248e-05
-6.09186e-05
-1.64298e-05
-6.28063e-05
-1.4051e-05
-1.15814e-05
-6.46209e-05
-5.50245e-05
-1.69758e-05
-5.67292e-05
-1.4725e-05
-5.83768e-05
-1.24034e-05
-1.00068e-05
-5.99513e-05
-5.09623e-05
-1.54376e-05
-5.24546e-05
-1.32328e-05
-5.38899e-05
-1.0968e-05
-8.6407e-06
-5.5256e-05
-4.68208e-05
-1.40927e-05
-4.81198e-05
-1.19338e-05
-4.93644e-05
-9.72335e-06
-7.45981e-06
-5.05453e-05
-4.26296e-05
-1.29255e-05
-4.37518e-05
-1.08117e-05
-4.4823e-05
-8.6521e-06
-6.44606e-06
-4.58367e-05
-3.84148e-05
-1.19202e-05
-3.93754e-05
-9.85103e-06
-4.02882e-05
-7.73932e-06
-5.58465e-06
-4.11496e-05
-3.41965e-05
-1.10591e-05
-3.50117e-05
-9.03583e-06
-3.57801e-05
-6.97089e-06
-4.86273e-06
-3.6502e-05
-2.99871e-05
-1.03186e-05
-3.0677e-05
-8.34593e-06
-3.13169e-05
-6.331e-06
-4.26795e-06
-3.19117e-05
-2.57835e-05
-9.6628e-06
-2.63794e-05
-7.75008e-06
-2.69138e-05
-5.79658e-06
-3.7852e-06
-2.73966e-05
-2.15434e-05
-9.03323e-06
-2.21027e-05
-7.19081e-06
-2.25767e-05
-5.32256e-06
-3.38787e-06
-2.2974e-05
-1.71233e-05
-8.34093e-06
-1.77582e-05
-6.55583e-06
-1.82795e-05
-4.80122e-06
-3.01743e-06
-1.865e-05
-1.21047e-05
-7.51009e-06
-1.29875e-05
-5.67298e-06
-1.38164e-05
-3.97232e-06
-2.5304e-06
-1.43034e-05
-5.33914e-06
-6.28558e-06
-7.55538e-06
-9.07286e-06
9.71022e-05
-2.82625e-06
9.77834e-05
1.09212e-05
9.74136e-05
2.41835e-05
9.61721e-05
3.61823e-05
9.43389e-05
4.61821e-05
9.22574e-05
5.36723e-05
9.02595e-05
5.85014e-05
8.86081e-05
6.08889e-05
8.74235e-05
6.14159e-05
8.65137e-05
6.08657e-05
8.56884e-05
5.98391e-05
8.45683e-05
5.89794e-05
8.31408e-05
5.8136e-05
8.15994e-05
6.00724e-05
8.06387e-05
6.16282e-05
7.98525e-05
6.2993e-05
7.92732e-05
6.49201e-05
7.88921e-05
6.68035e-05
7.86456e-05
6.8459e-05
7.84125e-05
6.99355e-05
7.77828e-05
7.20643e-05
7.57859e-05
7.73759e-05
7.14212e-05
8.68291e-05
6.42503e-05
0.000100716
5.62872e-05
0.000116063
5.00803e-05
0.000124738
4.55746e-05
0.000125097
4.18634e-05
0.000121036
3.84035e-05
0.000115867
3.50054e-05
0.000111099
3.16194e-05
0.000107231
2.82339e-05
0.000104375
2.48435e-05
0.000102527
2.14414e-05
0.000101645
1.80169e-05
0.000101686
1.45556e-05
0.000102615
1.10394e-05
0.000104402
7.44609e-06
0.000107012
3.75031e-06
0.000110317
0.000112432
8.95612e-05
-4.27876e-06
8.9861e-05
1.06214e-05
8.91195e-05
2.4925e-05
8.75407e-05
3.77612e-05
8.54657e-05
4.82571e-05
8.33202e-05
5.58178e-05
8.15099e-05
6.03116e-05
8.03598e-05
6.2039e-05
7.99755e-05
6.18001e-05
7.99702e-05
6.08711e-05
7.96849e-05
6.01244e-05
7.90988e-05
5.95655e-05
7.77818e-05
5.9453e-05
7.67696e-05
6.10845e-05
7.62618e-05
6.2136e-05
7.57728e-05
6.3482e-05
7.54664e-05
6.52264e-05
7.53296e-05
6.69404e-05
7.53011e-05
6.84874e-05
7.51834e-05
7.00532e-05
7.43348e-05
7.29128e-05
7.12905e-05
8.04203e-05
6.51141e-05
9.30056e-05
5.66828e-05
0.000109148
4.90271e-05
0.000123719
4.38849e-05
0.00012988
4.04211e-05
0.000128561
3.75683e-05
0.000123889
3.48131e-05
0.000118622
3.1999e-05
0.000113914
2.90997e-05
0.00011013
2.61228e-05
0.000107352
2.30794e-05
0.00010557
1.99767e-05
0.000104747
1.68168e-05
0.000104846
1.35967e-05
0.000105835
1.03089e-05
0.00010769
6.94197e-06
0.000110379
3.4832e-06
0.000113775
0.000115915
8.15697e-05
-5.45472e-06
8.16007e-05
1.05904e-05
8.0588e-05
2.59377e-05
7.87511e-05
3.95981e-05
7.6498e-05
5.05102e-05
7.43368e-05
5.7979e-05
7.27332e-05
6.19153e-05
7.21041e-05
6.26681e-05
7.25337e-05
6.13705e-05
7.32997e-05
6.01051e-05
7.3532e-05
5.98922e-05
7.3192e-05
5.99055e-05
7.22537e-05
6.03913e-05
7.19659e-05
6.13724e-05
7.1822e-05
6.228e-05
7.16532e-05
6.36508e-05
7.16248e-05
6.52548e-05
7.17351e-05
6.68302e-05
7.19206e-05
6.83019e-05
7.17587e-05
7.0215e-05
6.99507e-05
7.47209e-05
6.50305e-05
8.53404e-05
5.71794e-05
0.000100857
4.82638e-05
0.000118063
4.15993e-05
0.000130383
3.77243e-05
0.000133755
3.52915e-05
0.000130994
3.3243e-05
0.000125937
3.11437e-05
0.000120721
2.88823e-05
0.000116175
2.64547e-05
0.000112558
2.38833e-05
0.000109924
2.11919e-05
0.000108262
1.83993e-05
0.00010754
1.5518e-05
0.000107727
1.25548e-05
0.000108798
9.51211e-06
0.000110733
6.38906e-06
0.000113502
3.18848e-06
0.000116976
0.000119103
7.33244e-05
-6.49419e-06
7.3256e-05
1.06588e-05
7.21663e-05
2.70274e-05
7.02555e-05
4.15088e-05
6.79939e-05
5.27718e-05
6.59858e-05
5.99872e-05
6.47014e-05
6.31996e-05
6.46297e-05
6.27399e-05
6.56187e-05
6.03815e-05
6.66597e-05
5.90641e-05
6.70716e-05
5.94802e-05
6.71539e-05
5.98233e-05
6.7142e-05
6.04032e-05
6.73762e-05
6.11382e-05
6.75049e-05
6.21513e-05
6.76392e-05
6.35165e-05
6.78747e-05
6.50193e-05
6.82259e-05
6.6479e-05
6.85054e-05
6.80225e-05
6.78831e-05
7.08373e-05
6.41138e-05
7.84902e-05
5.71435e-05
9.23108e-05
4.80404e-05
0.00010996
3.95234e-05
0.00012658
3.42971e-05
0.000135609
3.17339e-05
0.000136318
3.02655e-05
0.000132462
2.89526e-05
0.00012725
2.74595e-05
0.000122214
2.57168e-05
0.000117918
2.3739e-05
0.000114535
2.15606e-05
0.000112102
1.92162e-05
0.000110606
1.67349e-05
0.000110021
1.41393e-05
0.000110323
1.14455e-05
0.000111492
8.66463e-06
0.000113514
5.80549e-06
0.000116361
2.88274e-06
0.000119899
0.000121986
6.51224e-05
-7.62311e-06
6.52003e-05
1.05809e-05
6.42688e-05
2.79589e-05
6.25326e-05
4.32451e-05
6.0557e-05
5.47474e-05
5.91116e-05
6.14326e-05
5.85762e-05
6.37351e-05
5.94614e-05
6.18546e-05
6.0755e-05
5.90879e-05
6.12851e-05
5.8534e-05
6.18583e-05
5.8907e-05
6.22873e-05
5.93943e-05
6.27402e-05
5.99503e-05
6.31788e-05
6.06997e-05
6.35251e-05
6.1805e-05
6.38984e-05
6.31432e-05
6.4371e-05
6.45467e-05
6.48934e-05
6.59565e-05
6.48771e-05
6.80388e-05
6.24364e-05
7.32779e-05
5.65669e-05
8.43597e-05
4.76318e-05
0.000101246
3.7833e-05
0.000119759
3.06991e-05
0.000133714
2.72609e-05
0.000139048
2.60113e-05
0.000137568
2.54219e-05
0.000133052
2.47655e-05
0.000127907
2.38176e-05
0.000123162
2.25488e-05
0.000119186
2.09901e-05
0.000116094
1.91859e-05
0.000113906
1.71794e-05
0.000112612
1.50079e-05
0.000112193
1.27016e-05
0.000112629
1.02846e-05
0.000113909
7.77608e-06
0.000116022
5.19391e-06
0.000118943
2.56316e-06
0.000122529
0.000124549
5.73268e-05
-9.1517e-06
5.78855e-05
1.00222e-05
5.73705e-05
2.84739e-05
5.60149e-05
4.46006e-05
5.46208e-05
5.61416e-05
5.43327e-05
6.17207e-05
5.54256e-05
6.26422e-05
5.73528e-05
5.99274e-05
5.80251e-05
5.84156e-05
5.80411e-05
5.8518e-05
5.81708e-05
5.87773e-05
5.85706e-05
5.89945e-05
5.90881e-05
5.94328e-05
5.95643e-05
6.02235e-05
6.00396e-05
6.13297e-05
6.0582e-05
6.26008e-05
6.12329e-05
6.38958e-05
6.16104e-05
6.5579e-05
6.00321e-05
6.96171e-05
5.51803e-05
7.81297e-05
4.68198e-05
9.27202e-05
3.64167e-05
0.000111649
2.73957e-05
0.00012878
2.23637e-05
0.000138746
2.07448e-05
0.000140667
2.0652e-05
0.000137661
2.08131e-05
0.000132891
2.0725e-05
0.000127995
2.02573e-05
0.00012363
1.94143e-05
0.000120029
1.82405e-05
0.000117268
1.67882e-05
0.000115359
1.51067e-05
0.000114294
1.32393e-05
0.00011406
1.1222e-05
0.000114646
9.08525e-06
0.000116046
6.85568e-06
0.000118252
4.55937e-06
0.00012124
2.23154e-06
0.000124857
0.000126781
5.01443e-05
-1.14009e-05
5.15671e-05
8.5994e-06
5.18301e-05
2.82109e-05
5.1032e-05
4.53988e-05
5.02995e-05
5.68741e-05
5.12944e-05
6.07258e-05
5.39732e-05
5.99634e-05
5.57166e-05
5.8184e-05
5.55612e-05
5.8571e-05
5.52716e-05
5.88076e-05
5.53848e-05
5.86641e-05
5.56824e-05
5.86968e-05
5.60941e-05
5.90211e-05
5.65707e-05
5.97468e-05
5.71216e-05
6.07788e-05
5.77868e-05
6.19356e-05
5.83457e-05
6.33369e-05
5.73031e-05
6.66216e-05
5.31726e-05
7.37476e-05
4.53795e-05
8.59228e-05
3.47376e-05
0.000103362
2.42173e-05
0.000122169
1.73381e-05
0.000135659
1.4773e-05
0.000141311
1.48277e-05
0.000140612
1.56964e-05
0.000136792
1.64775e-05
0.000132109
1.68677e-05
0.000127605
1.68135e-05
0.000123684
1.63461e-05
0.000120497
1.55203e-05
0.000118094
1.4394e-05
0.000116485
1.30209e-05
0.000115667
1.1448e-05
0.000115633
9.71588e-06
0.000116378
7.86023e-06
0.000117901
5.91375e-06
0.000120198
3.9099e-06
0.000123243
1.89316e-06
0.000126874
0.000128674
4.33567e-05
-1.46298e-05
4.61078e-05
5.84825e-06
4.78276e-05
2.64911e-05
4.8044e-05
4.51824e-05
4.80042e-05
5.69139e-05
5.01583e-05
5.85718e-05
5.24959e-05
5.76257e-05
5.32342e-05
5.74456e-05
5.32918e-05
5.85134e-05
5.31092e-05
5.89902e-05
5.30915e-05
5.86818e-05
5.32695e-05
5.85189e-05
5.36386e-05
5.8652e-05
5.41555e-05
5.923e-05
5.48018e-05
6.01325e-05
5.53588e-05
6.13785e-05
5.44843e-05
6.42114e-05
5.06971e-05
7.04088e-05
4.3379e-05
8.10657e-05
3.27495e-05
9.65523e-05
2.10835e-05
0.000115028
1.23761e-05
0.000130877
8.44845e-06
0.000139587
8.22338e-06
0.000141536
9.59212e-06
0.000139243
1.11851e-05
0.000135199
1.24447e-05
0.00013085
1.32196e-05
0.00012683
1.35107e-05
0.000123393
1.33675e-05
0.00012064
1.28517e-05
0.000118609
1.20241e-05
0.000117312
1.09406e-05
0.000116751
9.65044e-06
0.000116923
8.19748e-06
0.000117831
6.62125e-06
0.000119477
4.95958e-06
0.00012186
3.25222e-06
0.000124951
1.5515e-06
0.000128575
0.000130225
3.68637e-05
-1.92776e-05
4.13176e-05
1.39435e-06
4.51679e-05
2.26407e-05
4.7216e-05
4.31343e-05
4.81534e-05
5.59764e-05
5.07386e-05
5.59867e-05
5.21949e-05
5.61694e-05
5.20282e-05
5.76123e-05
5.18472e-05
5.86944e-05
5.15922e-05
5.92451e-05
5.11208e-05
5.91533e-05
5.11308e-05
5.85089e-05
5.15279e-05
5.82549e-05
5.21445e-05
5.86134e-05
5.27656e-05
5.95114e-05
5.20216e-05
6.21225e-05
4.80244e-05
6.82087e-05
4.05746e-05
7.78586e-05
2.99657e-05
9.16745e-05
1.77768e-05
0.000108741
7.60025e-06
0.000125205
2.233e-06
0.000136244
1.2965e-06
0.000140523
2.82445e-06
0.000140008
5.06437e-06
0.000137003
7.13363e-06
0.00013313
8.72862e-06
0.000129255
9.79427e-06
0.000125764
1.03629e-05
0.000122824
1.04936e-05
0.000120509
1.02502e-05
0.000118853
9.69383e-06
0.000117869
8.88042e-06
0.000117564
7.86023e-06
0.000117943
6.67877e-06
0.000119013
5.3785e-06
0.000120778
4.00124e-06
0.000123237
2.59179e-06
0.00012636
1.20906e-06
0.000129957
0.000131434
3.00817e-05
-2.56525e-05
3.60137e-05
-4.53769e-06
4.22694e-05
1.63851e-05
4.72392e-05
3.81646e-05
4.90733e-05
5.41423e-05
5.02498e-05
5.48101e-05
5.056e-05
5.58592e-05
5.08676e-05
5.73047e-05
5.09834e-05
5.85786e-05
5.07203e-05
5.95083e-05
4.97371e-05
6.01364e-05
4.89236e-05
5.93224e-05
4.92338e-05
5.79447e-05
4.97117e-05
5.81355e-05
4.88817e-05
6.03414e-05
4.47878e-05
6.62164e-05
3.71989e-05
7.57976e-05
2.633e-05
8.87274e-05
1.38197e-05
0.000104185
2.85438e-06
0.000119707
-3.71699e-06
0.000131776
-5.467e-06
0.000137994
-4.13086e-06
0.000139187
-1.53178e-06
0.000137409
1.18446e-06
0.000134287
3.5162e-06
0.000130798
5.31887e-06
0.000127452
6.58919e-06
0.000124494
7.37312e-06
0.00012204
7.73101e-06
0.000120152
7.72485e-06
0.000118859
7.41353e-06
0.00011818
6.85135e-06
0.000118126
6.08804e-06
0.000118707
5.16978e-06
0.000119931
4.14085e-06
0.000121807
3.0459e-06
0.000124332
1.93347e-06
0.000127473
8.67855e-07
0.000131023
0.000132302
2.15517e-05
-3.35716e-05
2.91597e-05
-1.21457e-05
3.76067e-05
7.93807e-06
4.56739e-05
3.00973e-05
4.78061e-05
5.20101e-05
4.84611e-05
5.41551e-05
4.90418e-05
5.52786e-05
4.9588e-05
5.67585e-05
4.97808e-05
5.83858e-05
4.92612e-05
6.0028e-05
4.78784e-05
6.15192e-05
4.5441e-05
6.17598e-05
4.43674e-05
5.90183e-05
4.28859e-05
5.9617e-05
3.87877e-05
6.44395e-05
3.13382e-05
7.3666e-05
2.09944e-05
8.61413e-05
8.99746e-06
0.000100724
-1.93519e-06
0.000115117
-9.19045e-06
0.000126962
-1.17545e-05
0.00013434
-1.0821e-05
0.00013706
-8.16949e-06
0.000136536
-5.06463e-06
0.000134304
-2.16477e-06
0.000131387
2.70795e-07
0.000128363
2.18115e-06
0.000125542
3.58588e-06
0.000123089
4.53272e-06
0.000121093
5.07787e-06
0.000119606
5.27836e-06
0.000118658
5.18887e-06
0.00011827
4.86073e-06
0.000118454
4.34208e-06
0.000119225
3.67884e-06
0.000120594
2.91615e-06
0.000122569
2.10035e-06
0.000125148
1.28196e-06
0.000128291
5.28374e-07
0.000131776
0.000132831
1.08544e-05
-4.26392e-05
2.0175e-05
-2.14663e-05
2.94704e-05
-1.35737e-06
3.99601e-05
1.96076e-05
4.47614e-05
4.72087e-05
4.62307e-05
5.26859e-05
4.71407e-05
5.43685e-05
4.77688e-05
5.61304e-05
4.7959e-05
5.81956e-05
4.73668e-05
6.06202e-05
4.55698e-05
6.33162e-05
4.16062e-05
6.57234e-05
3.61398e-05
6.44847e-05
3.22206e-05
6.35363e-05
2.53279e-05
7.13322e-05
1.54202e-05
8.35736e-05
4.06852e-06
9.74931e-05
-6.3439e-06
0.000111137
-1.37572e-05
0.000122531
-1.70693e-05
0.000130274
-1.6797e-05
0.000134068
-1.44177e-05
0.000134681
-1.12337e-05
0.000133352
-8.01318e-06
0.000131084
-5.11878e-06
0.000128493
-2.68502e-06
0.000125929
-7.35382e-07
0.000123592
7.53575e-07
0.0001216
1.82419e-06
0.000120023
2.52568e-06
0.000118905
2.90842e-06
0.000118276
3.02174e-06
0.000118156
2.91319e-06
0.000118563
2.62867e-06
0.00011951
2.21309e-06
0.00012101
1.71165e-06
0.000123071
1.17139e-06
0.000125688
6.42842e-07
0.000128819
1.87198e-07
0.000132232
0.000133018
-2.44123e-06
-5.17715e-05
7.55941e-06
-3.14669e-05
1.71925e-05
-1.09905e-05
2.83942e-05
8.40584e-06
4.01772e-05
3.54258e-05
4.28883e-05
4.99748e-05
4.41996e-05
5.30573e-05
4.49723e-05
5.53576e-05
4.5195e-05
5.79728e-05
4.46912e-05
6.11241e-05
4.31991e-05
6.48083e-05
4.02979e-05
6.86246e-05
3.37288e-05
7.10538e-05
2.57305e-05
7.15346e-05
1.49522e-05
8.21105e-05
2.75849e-06
9.57673e-05
-8.35485e-06
0.000108606
-1.64848e-05
0.000119267
-2.07703e-05
0.000126816
-2.1518e-05
0.000131022
-1.9837e-05
0.000132387
-1.69521e-05
0.000131796
-1.372e-05
0.00013012
-1.0603e-05
0.000127967
-7.8156e-06
0.000125705
-5.43956e-06
0.000123553
-3.4892e-06
0.000121642
-1.9459e-06
0.000120057
-7.75774e-07
0.000118853
6.15907e-08
0.000118067
6.09429e-07
0.000117728
9.11583e-07
0.000117854
1.01167e-06
0.000118463
9.52997e-07
0.000119568
7.79051e-07
0.000121184
5.34481e-07
0.000123315
2.66462e-07
0.000125956
2.6097e-08
0.00012906
-1.52395e-07
0.000132411
0.000132865
-1.7404e-05
-6.03622e-05
-7.17456e-06
-4.16964e-05
2.34365e-06
-2.05086e-05
1.17576e-05
-1.00811e-06
2.84846e-05
1.86988e-05
3.78544e-05
4.0605e-05
3.97108e-05
5.12008e-05
4.07695e-05
5.4299e-05
4.11605e-05
5.75818e-05
4.08356e-05
6.1449e-05
3.96634e-05
6.59804e-05
3.7387e-05
7.0901e-05
3.22367e-05
7.62041e-05
2.10511e-05
8.27202e-05
6.82695e-06
9.63347e-05
-6.35281e-06
0.000108947
-1.63779e-05
0.000118632
-2.23799e-05
0.000125269
-2.46409e-05
0.000129077
-2.41261e-05
0.000130507
-2.19601e-05
0.000130221
-1.90543e-05
0.000128891
-1.59789e-05
0.000127044
-1.30394e-05
0.000125027
-1.03854e-05
0.000123051
-8.07965e-06
0.000121247
-6.13804e-06
0.0001197
-4.55023e-06
0.000118469
-3.29142e-06
0.000117594
-2.32881e-06
0.000117105
-1.62569e-06
0.000117025
-1.14322e-06
0.000117372
-8.4159e-07
0.000118161
-6.80153e-07
0.000119407
-6.17136e-07
0.000121121
-6.09053e-07
0.000123307
-6.10486e-07
0.000125957
-5.7933e-07
0.000129029
-5.41973e-07
0.000132373
0.000132323
-3.30444e-05
-6.81424e-05
-2.23667e-05
-5.2374e-05
-1.01966e-05
-3.26787e-05
8.95364e-07
-1.21001e-05
1.34688e-05
6.12541e-06
2.73517e-05
2.6722e-05
3.30088e-05
4.55438e-05
3.47488e-05
5.2559e-05
3.53447e-05
5.69859e-05
3.52849e-05
6.15088e-05
3.45396e-05
6.67257e-05
3.22065e-05
7.32342e-05
2.62813e-05
8.21293e-05
1.25675e-05
9.64339e-05
-2.37587e-06
0.000111278
-1.44769e-05
0.000121048
-2.25038e-05
0.000126658
-2.65594e-05
0.000129324
-2.74791e-05
0.000129997
-2.63193e-05
0.000129347
-2.40058e-05
0.000127907
-2.11935e-05
0.000126078
-1.82807e-05
0.000124131
-1.54898e-05
0.000122237
-1.29378e-05
0.000120499
-1.06795e-05
0.000118989
-8.73326e-06
0.000117754
-7.09448e-06
0.00011683
-5.74496e-06
0.000116244
-4.65813e-06
0.000116018
-3.80235e-06
0.000116169
-3.14298e-06
0.000116712
-2.64343e-06
0.000117662
-2.2655e-06
0.000119029
-1.96936e-06
0.000120824
-1.71337e-06
0.000123051
-1.455e-06
0.000125699
-1.16186e-06
0.000128735
-9.01705e-07
0.000132113
0.000131422
-5.00251e-05
-7.41378e-05
-4.02759e-05
-6.21232e-05
-2.69886e-05
-4.59661e-05
-1.30181e-05
-2.60707e-05
-6.05406e-07
-6.28731e-06
1.34449e-05
1.26717e-05
2.33107e-05
3.5678e-05
2.61722e-05
4.96975e-05
2.71283e-05
5.60298e-05
2.72614e-05
6.13757e-05
2.69518e-05
6.70353e-05
2.47871e-05
7.53989e-05
1.59962e-05
9.09202e-05
6.36428e-07
0.000111794
-1.32811e-05
0.000125196
-2.3151e-05
0.000130918
-2.874e-05
0.000132247
-3.09018e-05
0.000131486
-3.06664e-05
0.000129762
-2.89564e-05
0.000127637
-2.64641e-05
0.000125415
-2.365e-05
0.000123264
-2.07956e-05
0.000121277
-1.80648e-05
0.000119506
-1.55486e-05
0.000117983
-1.32921e-05
0.000116732
-1.13113e-05
0.000115773
-9.60304e-06
0.000115122
-8.15216e-06
0.000114793
-6.93544e-06
0.000114801
-5.92456e-06
0.000115158
-5.08786e-06
0.000115875
-4.3913e-06
0.000116965
-3.79888e-06
0.000118437
-3.2728e-06
0.000120298
-2.77384e-06
0.000122552
-2.26374e-06
0.000125189
-1.72186e-06
0.000128194
-1.2365e-06
0.000131628
0.000130185
-6.83824e-05
-7.68928e-05
-6.19845e-05
-6.85211e-05
-5.14828e-05
-5.64677e-05
-3.7425e-05
-4.01285e-05
-2.30401e-05
-2.06722e-05
-9.38814e-06
-9.80273e-07
6.23959e-06
2.00503e-05
1.50599e-05
4.08772e-05
1.66186e-05
5.44711e-05
1.671e-05
6.12843e-05
1.53487e-05
6.83966e-05
1.23567e-05
7.83909e-05
1.4282e-06
0.000101849
-1.46117e-05
0.000127834
-2.69267e-05
0.000137511
-3.36218e-05
0.000137613
-3.62865e-05
0.000134912
-3.63467e-05
0.000131546
-3.48114e-05
0.000128226
-3.23793e-05
0.000125205
-2.95186e-05
0.000122554
-2.65274e-05
0.000120273
-2.35883e-05
0.000118338
-2.08093e-05
0.000116727
-1.82507e-05
0.000115424
-1.59412e-05
0.000114423
-1.38886e-05
0.00011372
-1.20864e-05
0.00011332
-1.05184e-05
0.000113225
-9.16205e-06
0.000113445
-7.99053e-06
0.000113986
-6.97387e-06
0.000114859
-6.07986e-06
0.000116071
-5.27444e-06
0.000117631
-4.522e-06
0.000119546
-3.78618e-06
0.000121816
-3.03374e-06
0.000124436
-2.25492e-06
0.000127415
-1.53981e-06
0.000130913
0.000128645
-8.60178e-05
-7.56696e-05
-8.45312e-05
-7.00077e-05
-7.95202e-05
-6.14787e-05
-7.01884e-05
-4.94603e-05
-5.74744e-05
-3.33863e-05
-4.43153e-05
-1.41394e-05
-2.97448e-05
5.47984e-06
-1.19992e-05
2.31316e-05
-9.57865e-07
4.34297e-05
-1.15462e-07
6.04419e-05
-6.5725e-06
7.48536e-05
-1.9044e-05
9.08624e-05
-3.34143e-05
0.000116219
-4.29222e-05
0.000137341
-4.66444e-05
0.000141233
-4.71139e-05
0.000138083
-4.56607e-05
0.000133459
-4.31004e-05
0.000128986
-3.99498e-05
0.000125076
-3.65486e-05
0.000121804
-3.31134e-05
0.000119119
-2.97787e-05
0.000116938
-2.66262e-05
0.000115185
-2.37029e-05
0.000113803
-2.10316e-05
0.000112753
-1.86189e-05
0.00011201
-1.64591e-05
0.000111561
-1.45384e-05
0.000111399
-1.28368e-05
0.000111524
-1.13303e-05
0.000111938
-9.99188e-06
0.000112648
-8.79226e-06
0.000113659
-7.7005e-06
0.000114979
-6.68425e-06
0.000116615
-5.71019e-06
0.000118572
-4.74513e-06
0.000120851
-3.76091e-06
0.000123452
-2.75645e-06
0.00012641
-1.80959e-06
0.000129966
0.000126836
-0.000100303
-7.08039e-05
-0.000103759
-6.65511e-05
-0.000105151
-6.00872e-05
-0.000103725
-5.08862e-05
-9.88105e-05
-3.83004e-05
-9.10734e-05
-2.18765e-05
-8.17096e-05
-3.88398e-06
-7.29187e-05
1.43406e-05
-6.41667e-05
3.46778e-05
-6.04678e-05
5.67431e-05
-6.39503e-05
7.83361e-05
-7.27757e-05
9.96877e-05
-7.73332e-05
0.000120777
-7.35772e-05
0.000133585
-6.74387e-05
0.000135094
-6.13204e-05
0.000131964
-5.5641e-05
0.000127779
-5.03988e-05
0.000123744
-4.55619e-05
0.000120239
-4.11026e-05
0.000117344
-3.69986e-05
0.000115015
-3.32336e-05
0.000113173
-2.97945e-05
0.000111746
-2.66676e-05
0.000110677
-2.38377e-05
0.000109923
-2.12867e-05
0.000109459
-1.89938e-05
0.000109268
-1.6936e-05
0.000109341
-1.50881e-05
0.000109676
-1.34233e-05
0.000110274
-1.19134e-05
0.000111138
-1.05294e-05
0.000112275
-9.24124e-06
0.000113691
-8.01826e-06
0.000115392
-6.82941e-06
0.000117383
-5.6447e-06
0.000119666
-4.44066e-06
0.000122248
-3.22168e-06
0.000125191
-2.04328e-06
0.000128787
0.000124793
-0.000109344
-6.35292e-05
-0.000116257
-5.96381e-05
-0.000122436
-5.39087e-05
-0.000127369
-4.59529e-05
-0.000130363
-3.53065e-05
-0.000130617
-2.16227e-05
-0.000128864
-5.63707e-06
-0.000126592
1.20692e-05
-0.000123884
3.19689e-05
-0.000121233
5.40921e-05
-0.000119225
7.6328e-05
-0.000116149
9.66122e-05
-0.000107716
0.000112344
-9.50895e-05
0.000120958
-8.29798e-05
0.000122985
-7.27183e-05
0.000121703
-6.41765e-05
0.000119238
-5.69903e-05
0.000116558
-5.08492e-05
0.000114098
-4.55155e-05
0.000112011
-4.08221e-05
0.000110322
-3.66534e-05
0.000109005
-3.29286e-05
0.000108021
-2.95882e-05
0.000107336
-2.65859e-05
0.000106921
-2.38832e-05
0.000106756
-2.14459e-05
0.000106831
-1.92423e-05
0.000107137
-1.72421e-05
0.000107676
-1.54156e-05
0.000108447
-1.37338e-05
0.000109456
-1.21674e-05
0.000110709
-1.06874e-05
0.000112211
-9.26478e-06
0.000113969
-7.87076e-06
0.000115989
-6.47838e-06
0.000118274
-5.06791e-06
0.000120838
-3.64561e-06
0.000123769
-2.23895e-06
0.000127381
0.000122554
-0.000112931
-5.53089e-05
-0.000121271
-5.12984e-05
-0.000129479
-4.57007e-05
-0.000137196
-3.82362e-05
-0.000143907
-2.85958e-05
-0.000148915
-1.66138e-05
-0.000152064
-2.48823e-06
-0.000153519
1.35242e-05
-0.000152936
3.13858e-05
-0.000149529
5.06847e-05
-0.000143004
6.9803e-05
-0.000132885
8.64938e-05
-0.000119414
9.88725e-05
-0.000104732
0.000106276
-9.12475e-05
0.0001095
-7.97358e-05
0.000110191
-7.00963e-05
0.000109598
-6.20228e-05
0.000108484
-5.51941e-05
0.000107269
-4.93427e-05
0.000106159
-4.42638e-05
0.000105243
-3.98064e-05
0.000104547
-3.58591e-05
0.000104074
-3.23388e-05
0.000103816
-2.91815e-05
0.000103764
-2.63355e-05
0.000103911
-2.37578e-05
0.000104253
-2.14109e-05
0.000104791
-1.92609e-05
0.000105526
-1.72764e-05
0.000106463
-1.54275e-05
0.000107607
-1.36855e-05
0.000108967
-1.20225e-05
0.000110548
-1.04111e-05
0.000112358
-8.82486e-06
0.000114403
-7.23926e-06
0.000116688
-5.63719e-06
0.000119236
-4.02332e-06
0.000122155
-2.39566e-06
0.000125753
0.000120158
-0.00011227
-4.72181e-05
-0.000120575
-4.29926e-05
-0.00012887
-3.74065e-05
-0.00013683
-3.02757e-05
-0.000144013
-2.14124e-05
-0.000149895
-1.07319e-05
-0.000154064
1.68055e-06
-0.000156159
1.56197e-05
-0.0001556
3.08262e-05
-0.000151622
4.67073e-05
-0.000143912
6.20928e-05
-0.000132923
7.55041e-05
-0.00011989
8.58396e-05
-0.000106453
9.284e-05
-9.39498e-05
9.69969e-05
-8.29224e-05
9.91637e-05
-7.34262e-05
0.000100102
-6.53077e-05
0.000100366
-5.83509e-05
0.000100312
-5.23468e-05
0.000100155
-4.71178e-05
0.000100014
-4.25219e-05
9.99512e-05
-3.84477e-05
9.99999e-05
-3.48081e-05
0.000100176
-3.15342e-05
0.00010049
-2.85703e-05
0.000100947
-2.58697e-05
0.000101552
-2.33927e-05
0.000102314
-2.11042e-05
0.000103237
-1.89722e-05
0.000104331
-1.69674e-05
0.000105603
-1.50621e-05
0.000107061
-1.32297e-05
0.000108716
-1.14447e-05
0.000110573
-9.68232e-06
0.00011264
-7.92038e-06
0.000114926
-6.14299e-06
0.000117458
-4.35053e-06
0.000120363
-2.51383e-06
0.000123916
0.000117644
-0.000108865
-3.98474e-05
-0.000116391
-3.54665e-05
-0.000123853
-2.99446e-05
-0.000130954
-2.31747e-05
-0.00013731
-1.50569e-05
-0.00014248
-5.56183e-06
-0.00014604
5.24058e-06
-0.000147559
1.71388e-05
-0.000146554
2.98207e-05
-0.000142595
4.27485e-05
-0.000135618
5.51166e-05
-0.000126166
6.60513e-05
-0.000115252
7.49255e-05
-0.000103986
8.15748e-05
-9.32231e-05
8.62337e-05
-8.34093e-05
8.935e-05
-7.46905e-05
9.13832e-05
-6.70372e-05
9.27123e-05
-6.03408e-05
9.36157e-05
-5.44687e-05
9.4283e-05
-4.92931e-05
9.48381e-05
-4.47017e-05
9.53598e-05
-4.06002e-05
9.58984e-05
-3.69109e-05
9.64871e-05
-3.35697e-05
9.71486e-05
-3.05232e-05
9.79002e-05
-2.77267e-05
9.87558e-05
-2.51413e-05
9.97281e-05
-2.27329e-05
0.000100829
-2.04711e-05
0.000102069
-1.83278e-05
0.000103459
-1.62768e-05
0.00010501
-1.42933e-05
0.000106732
-1.23534e-05
0.000108633
-1.04343e-05
0.000110721
-8.51516e-06
0.000113007
-6.58025e-06
0.000115523
-4.62414e-06
0.000118407
-2.59564e-06
0.000121888
0.000115048
-0.00010395
-3.34397e-05
-0.000110415
-2.90015e-05
-0.000116735
-2.36244e-05
-0.000122651
-1.72587e-05
-0.000127844
-9.86449e-06
-0.000131958
-1.44774e-06
-0.000134625
7.90777e-06
-0.000135498
1.80119e-05
-0.000134257
2.85798e-05
-0.000130705
3.91962e-05
-0.000124921
4.93331e-05
-0.000117332
5.84618e-05
-0.000108618
6.62117e-05
-9.94985e-05
7.24554e-05
-9.05539e-05
7.72891e-05
-8.2148e-05
8.0944e-05
-7.44549e-05
8.369e-05
-6.75184e-05
8.57758e-05
-6.13071e-05
8.74044e-05
-5.57537e-05
8.87297e-05
-5.07795e-05
8.98638e-05
-4.63068e-05
9.0887e-05
-4.22648e-05
9.18564e-05
-3.85915e-05
9.28138e-05
-3.52333e-05
9.37904e-05
-3.2144e-05
9.48109e-05
-2.92837e-05
9.58955e-05
-2.66174e-05
9.70618e-05
-2.4114e-05
9.83253e-05
-2.17455e-05
9.97003e-05
-1.94862e-05
0.0001012
-1.7312e-05
0.000102836
-1.51997e-05
0.00010462
-1.31273e-05
0.000106561
-1.10733e-05
0.000108667
-9.01791e-06
0.000110952
-6.94495e-06
0.00011345
-4.84269e-06
0.000116304
-2.64454e-06
0.00011969
0.000112404
-9.83776e-05
-2.80231e-05
-0.000103761
-2.36176e-05
-0.000108937
-1.84488e-05
-0.00011369
-1.25053e-05
-0.000117769
-5.78583e-06
-0.000120899
1.68222e-06
-0.0001228
9.80916e-06
-0.000123224
1.84358e-05
-0.000121977
2.73327e-05
-0.000118982
3.62012e-05
-0.000114345
4.4696e-05
-0.000108373
5.24894e-05
-0.000101507
5.93456e-05
-9.42153e-05
6.51639e-05
-8.68974e-05
6.99712e-05
-7.98353e-05
7.3882e-05
-7.3196e-05
7.70507e-05
-6.70555e-05
7.96354e-05
-6.14288e-05
8.17777e-05
-5.62946e-05
8.35955e-05
-5.16134e-05
8.51826e-05
-4.73384e-05
8.6612e-05
-4.34223e-05
8.79403e-05
-3.98202e-05
8.92117e-05
-3.64911e-05
9.04614e-05
-3.33982e-05
9.1718e-05
-3.05085e-05
9.30058e-05
-2.77922e-05
9.43455e-05
-2.52226e-05
9.57556e-05
-2.27749e-05
9.72526e-05
-2.04261e-05
9.88512e-05
-1.81545e-05
0.000100565
-1.59389e-05
0.000102404
-1.37585e-05
0.00010438
-1.15934e-05
0.000106502
-9.42439e-06
0.000108783
-7.23449e-06
0.00011126
-5.00618e-06
0.000114076
-2.66417e-06
0.000117348
0.00010974
-9.26693e-05
-2.35102e-05
-9.70814e-05
-1.92055e-05
-0.000101247
-1.42827e-05
-0.000104998
-8.75439e-06
-0.000108143
-2.64105e-06
-0.000110478
4.01748e-06
-0.000111806
1.11366e-05
-0.000111957
1.85869e-05
-0.000110819
2.61946e-05
-0.000108367
3.37495e-05
-0.000104695
4.10237e-05
-0.000100011
4.78059e-05
-9.46046e-05
5.39391e-05
-8.87831e-05
5.93423e-05
-8.28223e-05
6.40104e-05
-7.69353e-05
6.79951e-05
-7.12665e-05
7.13819e-05
-6.58998e-05
7.42686e-05
-6.08734e-05
7.67513e-05
-5.61946e-05
7.89167e-05
-5.18514e-05
8.08394e-05
-4.78213e-05
8.25819e-05
-4.40766e-05
8.41956e-05
-4.05883e-05
8.57234e-05
-3.73277e-05
8.72008e-05
-3.42676e-05
8.86579e-05
-3.13824e-05
9.01206e-05
-2.86485e-05
9.16115e-05
-2.60434e-05
9.31506e-05
-2.35464e-05
9.47556e-05
-2.11371e-05
9.6442e-05
-1.87962e-05
9.82236e-05
-1.65042e-05
0.000100112
-1.42421e-05
0.000102118
-1.19909e-05
0.000104251
-9.73209e-06
0.000106524
-7.44788e-06
0.000108976
-5.11596e-06
0.000111744
-2.65824e-06
0.00011489
0.000107082
-8.70871e-05
-1.97649e-05
-9.0687e-05
-1.56057e-05
-9.40249e-05
-1.09448e-05
-9.69711e-05
-5.80817e-06
-9.93854e-05
-2.26841e-07
-0.000101121
5.7533e-06
-0.000102042
1.20577e-05
-0.000102039
1.85831e-05
-0.000101044
2.52005e-05
-9.9057e-05
3.17621e-05
-9.61471e-05
3.81138e-05
-9.24556e-05
4.41143e-05
-8.81712e-05
4.96547e-05
-8.3499e-05
5.46701e-05
-7.86305e-05
5.91419e-05
-7.37243e-05
6.3089e-05
-6.88987e-05
6.65563e-05
-6.42332e-05
6.96031e-05
-5.97749e-05
7.2293e-05
-5.55466e-05
7.46884e-05
-5.1554e-05
7.68468e-05
-4.77914e-05
7.88192e-05
-4.42464e-05
8.06507e-05
-4.09029e-05
8.23799e-05
-3.7743e-05
8.40409e-05
-3.47482e-05
8.56631e-05
-3.19e-05
8.72724e-05
-2.91803e-05
8.88918e-05
-2.65712e-05
9.05415e-05
-2.40553e-05
9.22396e-05
-2.16152e-05
9.40019e-05
-1.92336e-05
9.58421e-05
-1.68931e-05
9.77718e-05
-1.4576e-05
9.98011e-05
-1.22643e-05
0.000101939
-9.94032e-06
0.0001042
-7.58559e-06
0.000106621
-5.17429e-06
0.000109333
-2.63008e-06
0.000112346
0.000104452
-8.17154e-05
-1.66444e-05
-8.46663e-05
-1.26547e-05
-8.73556e-05
-8.25552e-06
-8.96849e-05
-3.47888e-06
-9.15522e-05
1.6404e-06
-9.28541e-05
7.05522e-06
-9.34981e-05
1.27017e-05
-9.34133e-05
1.84983e-05
-9.25617e-05
2.43489e-05
-9.09476e-05
3.01481e-05
-8.86225e-05
3.57886e-05
-8.56806e-05
4.11725e-05
-8.22472e-05
4.62212e-05
-7.84603e-05
5.08833e-05
-7.4454e-05
5.51356e-05
-7.03456e-05
5.89805e-05
-6.62292e-05
6.244e-05
-6.2175e-05
6.55489e-05
-5.82308e-05
6.83488e-05
-5.44263e-05
7.08839e-05
-5.07772e-05
7.31976e-05
-4.72889e-05
7.53309e-05
-4.39597e-05
7.73215e-05
-4.07833e-05
7.92035e-05
-3.77502e-05
8.10078e-05
-3.48491e-05
8.2762e-05
-3.20676e-05
8.44908e-05
-2.93922e-05
8.62164e-05
-2.68091e-05
8.79585e-05
-2.43041e-05
8.97346e-05
-2.18623e-05
9.15601e-05
-1.94684e-05
9.34482e-05
-1.71067e-05
9.54101e-05
-1.4761e-05
9.74553e-05
-1.24145e-05
9.95927e-05
-1.00502e-05
0.000101836
-7.64941e-06
0.000104221
-5.184e-06
0.000106867
-2.58261e-06
0.000109744
0.000101869
-7.6538e-05
-1.40209e-05
-7.89832e-05
-1.02096e-05
-8.11773e-05
-6.06142e-06
-8.30462e-05
-1.60995e-06
-8.45151e-05
3.10932e-06
-8.55115e-05
8.0516e-06
-8.59725e-05
1.31627e-05
-8.58525e-05
1.83782e-05
-8.51292e-05
2.36256e-05
-8.38089e-05
2.88278e-05
-8.19281e-05
3.39079e-05
-7.95507e-05
3.87951e-05
-7.6761e-05
4.34316e-05
-7.36537e-05
4.77759e-05
-7.03233e-05
5.18053e-05
-6.6857e-05
5.55143e-05
-6.33289e-05
5.89119e-05
-5.9798e-05
6.20181e-05
-5.63091e-05
6.48599e-05
-5.28935e-05
6.74683e-05
-4.95718e-05
6.98759e-05
-4.63559e-05
7.21149e-05
-4.3251e-05
7.42166e-05
-4.02575e-05
7.62101e-05
-3.73722e-05
7.81226e-05
-3.45892e-05
7.9979e-05
-3.19006e-05
8.18023e-05
-2.92971e-05
8.36128e-05
-2.67679e-05
8.54293e-05
-2.43015e-05
8.72682e-05
-2.18853e-05
8.91439e-05
-1.95059e-05
9.10688e-05
-1.71492e-05
9.30534e-05
-1.48005e-05
9.51066e-05
-1.24443e-05
9.72365e-05
-1.00644e-05
9.94557e-05
-7.6422e-06
0.000101798
-5.14834e-06
0.000104373
-2.5184e-06
0.000107114
9.93505e-05
-7.14974e-05
-1.17917e-05
-7.35502e-05
-8.1568e-06
-7.5369e-05
-4.24259e-06
-7.68975e-05
-8.14969e-08
-7.80797e-05
4.29159e-06
-7.88644e-05
8.83621e-06
-7.92083e-05
1.35066e-05
-7.90815e-05
1.82515e-05
-7.8471e-05
2.30151e-05
-7.73826e-05
2.77395e-05
-7.58423e-05
3.23676e-05
-7.38943e-05
3.68471e-05
-7.15966e-05
4.11338e-05
-6.90151e-05
4.51944e-05
-6.6218e-05
4.90083e-05
-6.32704e-05
5.25666e-05
-6.02302e-05
5.58717e-05
-5.71465e-05
5.89344e-05
-5.40589e-05
6.17723e-05
-5.09977e-05
6.44071e-05
-4.7985e-05
6.68632e-05
-4.50357e-05
6.91657e-05
-4.21592e-05
7.13402e-05
-3.93602e-05
7.3411e-05
-3.66394e-05
7.54018e-05
-3.39947e-05
7.73344e-05
-3.14218e-05
7.92293e-05
-2.8914e-05
8.11051e-05
-2.64634e-05
8.29787e-05
-2.40606e-05
8.48653e-05
-2.16949e-05
8.67782e-05
-1.93548e-05
8.87287e-05
-1.70277e-05
9.07263e-05
-1.47003e-05
9.27792e-05
-1.23585e-05
9.48947e-05
-9.98706e-06
9.70842e-05
-7.56771e-06
9.9379e-05
-5.07081e-06
0.000101877
-2.4398e-06
0.000104483
9.69107e-05
-6.65327e-05
-9.87987e-06
-6.82773e-05
-6.41224e-06
-6.98086e-05
-2.7113e-06
-7.10828e-05
1.19274e-06
-7.20577e-05
5.26652e-06
-7.26959e-05
9.47441e-06
-7.29672e-05
1.37779e-05
-7.28513e-05
1.81356e-05
-7.234e-05
2.25038e-05
-7.14384e-05
2.68379e-05
-7.01651e-05
3.10944e-05
-6.85512e-05
3.52332e-05
-6.66375e-05
3.92201e-05
-6.44713e-05
4.30283e-05
-6.21025e-05
4.66395e-05
-5.95802e-05
5.00443e-05
-5.695e-05
5.32415e-05
-5.42523e-05
5.62366e-05
-5.1521e-05
5.90411e-05
-4.8784e-05
6.16701e-05
-4.60628e-05
6.4142e-05
-4.33734e-05
6.64764e-05
-4.07269e-05
6.86937e-05
-3.81302e-05
7.08143e-05
-3.55867e-05
7.28582e-05
-3.30966e-05
7.48443e-05
-3.06577e-05
7.67905e-05
-2.82659e-05
7.87133e-05
-2.59151e-05
8.06279e-05
-2.35976e-05
8.25479e-05
-2.13047e-05
8.44852e-05
-1.90262e-05
8.64502e-05
-1.67513e-05
8.84514e-05
-1.44679e-05
9.04958e-05
-1.21633e-05
9.25901e-05
-9.82332e-06
9.47442e-05
-7.43034e-06
9.6986e-05
-4.95506e-06
9.94012e-05
-2.34888e-06
0.000101877
9.45618e-05
-6.16007e-05
-8.23047e-06
-6.30965e-05
-4.9164e-06
-6.44016e-05
-1.40619e-06
-6.54812e-05
2.27228e-06
-6.63027e-05
6.08804e-06
-6.68382e-05
1.00099e-05
-6.70657e-05
1.40054e-05
-6.69709e-05
1.80407e-05
-6.6548e-05
2.20809e-05
-6.58011e-05
2.6091e-05
-6.47436e-05
3.00369e-05
-6.33978e-05
3.38874e-05
-6.17932e-05
3.76155e-05
-5.99643e-05
4.11994e-05
-5.79485e-05
4.46236e-05
-5.57832e-05
4.78791e-05
-5.35045e-05
5.09628e-05
-5.11453e-05
5.38775e-05
-4.87346e-05
5.66303e-05
-4.62967e-05
5.92323e-05
-4.38516e-05
6.16969e-05
-4.14148e-05
6.40396e-05
-3.89977e-05
6.62766e-05
-3.66083e-05
6.84249e-05
-3.4251e-05
7.05009e-05
-3.19276e-05
7.2521e-05
-2.96375e-05
7.45004e-05
-2.7378e-05
7.64538e-05
-2.51445e-05
7.83944e-05
-2.2931e-05
8.03344e-05
-2.07301e-05
8.22843e-05
-1.85332e-05
8.42533e-05
-1.63307e-05
8.6249e-05
-1.41122e-05
8.82773e-05
-1.18661e-05
9.03439e-05
-9.57927e-06
9.24574e-05
-7.23498e-06
9.46417e-05
-4.80477e-06
9.6971e-05
-2.24743e-06
9.932e-05
9.23144e-05
-5.66815e-05
-6.80497e-06
-5.79697e-05
-3.62822e-06
-5.90904e-05
-2.85488e-07
-6.00154e-05
3.19729e-06
-6.07193e-05
6.79195e-06
-6.11806e-05
1.04711e-05
-6.13824e-05
1.42072e-05
-6.13139e-05
1.79723e-05
-6.09708e-05
2.17379e-05
-6.03558e-05
2.5476e-05
-5.94785e-05
2.91596e-05
-5.83552e-05
3.27641e-05
-5.70075e-05
3.62678e-05
-5.54612e-05
3.96531e-05
-5.37445e-05
4.29069e-05
-5.18865e-05
4.6021e-05
-4.99156e-05
4.8992e-05
-4.78586e-05
5.18206e-05
-4.57397e-05
5.45115e-05
-4.35799e-05
5.70725e-05
-4.13969e-05
5.95139e-05
-3.92049e-05
6.18475e-05
-3.70148e-05
6.40865e-05
-3.48344e-05
6.62445e-05
-3.26689e-05
6.83354e-05
-3.05207e-05
7.03728e-05
-2.83901e-05
7.23699e-05
-2.62756e-05
7.43393e-05
-2.41738e-05
7.62926e-05
-2.20798e-05
7.82404e-05
-1.99876e-05
8.0192e-05
-1.78897e-05
8.21555e-05
-1.57781e-05
8.41373e-05
-1.36433e-05
8.61426e-05
-1.14751e-05
8.81757e-05
-9.26158e-06
9.02438e-05
-6.98681e-06
9.2367e-05
-4.62353e-06
9.46078e-05
-2.13696e-06
9.68334e-05
9.01775e-05
-5.17746e-05
-5.5757e-06
-5.28839e-05
-2.51892e-06
-5.38489e-05
6.79508e-07
-5.46466e-05
3.99505e-06
-5.52568e-05
7.40214e-06
-5.56623e-05
1.08765e-05
-5.58495e-05
1.43945e-05
-5.58098e-05
1.79326e-05
-5.55393e-05
2.14673e-05
-5.50394e-05
2.49761e-05
-5.43171e-05
2.84373e-05
-5.3384e-05
3.1831e-05
-5.22561e-05
3.514e-05
-5.0953e-05
3.835e-05
-4.94961e-05
4.145e-05
-4.7908e-05
4.44329e-05
-4.62112e-05
4.72952e-05
-4.44275e-05
5.00368e-05
-4.25767e-05
5.26607e-05
-4.06765e-05
5.51723e-05
-3.87421e-05
5.75795e-05
-3.67861e-05
5.98915e-05
-3.48184e-05
6.21188e-05
-3.28464e-05
6.42725e-05
-3.08751e-05
6.63641e-05
-2.89073e-05
6.8405e-05
-2.69439e-05
7.04065e-05
-2.49841e-05
7.23794e-05
-2.30253e-05
7.43338e-05
-2.10637e-05
7.62788e-05
-1.90942e-05
7.82226e-05
-1.71107e-05
8.0172e-05
-1.51059e-05
8.21326e-05
-1.30719e-05
8.41085e-05
-1.09993e-05
8.61032e-05
-8.87735e-06
8.81218e-05
-6.69118e-06
9.01808e-05
-4.41485e-06
9.23315e-05
-2.01874e-06
9.44374e-05
8.81588e-05
-4.68906e-05
-4.52182e-06
-4.78423e-05
-1.56724e-06
-4.86724e-05
1.50963e-06
-4.93625e-05
4.68509e-06
-4.98958e-05
7.93545e-06
-5.02581e-05
1.12389e-05
-5.04381e-05
1.45746e-05
-5.0428e-05
1.79225e-05
-5.02241e-05
2.12634e-05
-4.98267e-05
2.45787e-05
-4.92402e-05
2.78508e-05
-4.84732e-05
3.1064e-05
-4.75375e-05
3.42043e-05
-4.64475e-05
3.72601e-05
-4.52199e-05
4.02224e-05
-4.38722e-05
4.30852e-05
-4.24222e-05
4.58452e-05
-4.08872e-05
4.85018e-05
-3.92834e-05
5.10569e-05
-3.76255e-05
5.35144e-05
-3.59263e-05
5.58803e-05
-3.41966e-05
5.81618e-05
-3.24451e-05
6.03674e-05
-3.06784e-05
6.25059e-05
-2.89013e-05
6.45871e-05
-2.71166e-05
6.66204e-05
-2.53255e-05
6.86154e-05
-2.35274e-05
7.05813e-05
-2.17206e-05
7.25269e-05
-1.99019e-05
7.44601e-05
-1.80671e-05
7.63878e-05
-1.6211e-05
7.83159e-05
-1.43273e-05
8.0249e-05
-1.2409e-05
8.21902e-05
-1.04478e-05
8.4142e-05
-8.43393e-06
8.61079e-05
-6.35353e-06
8.81004e-05
-4.18208e-06
9.01601e-05
-1.89386e-06
9.21492e-05
8.62649e-05
-4.20447e-05
-3.62668e-06
-4.28557e-05
-7.5626e-07
-4.35676e-05
2.22159e-06
-4.41655e-05
5.28298e-06
-4.46352e-05
8.40516e-06
-4.49643e-05
1.15679e-05
-4.51424e-05
1.47528e-05
-4.51625e-05
1.79426e-05
-4.50202e-05
2.11211e-05
-4.47149e-05
2.42733e-05
-4.42492e-05
2.73851e-05
-4.36289e-05
3.04438e-05
-4.28628e-05
3.34381e-05
-4.19617e-05
3.63589e-05
-4.09381e-05
3.91989e-05
-3.98058e-05
4.19529e-05
-3.85786e-05
4.46181e-05
-3.72703e-05
4.71935e-05
-3.5894e-05
4.96806e-05
-3.44617e-05
5.20821e-05
-3.2984e-05
5.44026e-05
-3.14699e-05
5.66478e-05
-2.9927e-05
5.88245e-05
-2.83611e-05
6.094e-05
-2.67763e-05
6.30023e-05
-2.51753e-05
6.50194e-05
-2.35593e-05
6.69993e-05
-2.19281e-05
6.89501e-05
-2.02802e-05
7.0879e-05
-1.8613e-05
7.2793e-05
-1.6923e-05
7.46978e-05
-1.52056e-05
7.65985e-05
-1.34554e-05
7.84987e-05
-1.1666e-05
8.04008e-05
-9.83017e-06
8.23061e-05
-7.93888e-06
8.42167e-05
-5.97937e-06
8.61409e-05
-3.92854e-06
8.81092e-05
-1.76339e-06
8.9984e-05
8.45015e-05
-3.72524e-05
-2.87622e-06
-3.79375e-05
-7.12042e-08
-3.85465e-05
2.83053e-06
-3.90666e-05
5.80314e-06
-3.94851e-05
8.82364e-06
-3.979e-05
1.18728e-05
-3.99714e-05
1.49342e-05
-4.0022e-05
1.79931e-05
-3.9937e-05
2.10361e-05
-3.97148e-05
2.40512e-05
-3.93567e-05
2.7027e-05
-3.88665e-05
2.99536e-05
-3.82504e-05
3.28221e-05
-3.75167e-05
3.56252e-05
-3.66748e-05
3.8357e-05
-3.57353e-05
4.10134e-05
-3.4709e-05
4.35918e-05
-3.3607e-05
4.60915e-05
-3.24395e-05
4.85131e-05
-3.12163e-05
5.08589e-05
-2.99461e-05
5.31324e-05
-2.86364e-05
5.53381e-05
-2.72934e-05
5.74816e-05
-2.59222e-05
5.95688e-05
-2.45264e-05
6.16064e-05
-2.31081e-05
6.36011e-05
-2.16686e-05
6.55598e-05
-2.02076e-05
6.74891e-05
-1.87239e-05
6.93954e-05
-1.72153e-05
7.12844e-05
-1.56785e-05
7.31611e-05
-1.41095e-05
7.50296e-05
-1.25034e-05
7.68927e-05
-1.08545e-05
7.87519e-05
-9.15618e-06
8.06078e-05
-7.40013e-06
8.24606e-05
-5.57453e-06
8.43153e-05
-3.65775e-06
8.61925e-05
-1.62863e-06
8.79549e-05
8.28729e-05
-3.25305e-05
-2.25738e-06
-3.31045e-05
5.02793e-07
-3.36269e-05
3.35288e-06
-3.40854e-05
6.26162e-06
-3.44663e-05
9.20459e-06
-3.47571e-05
1.21636e-05
-3.49472e-05
1.51243e-05
-3.50289e-05
1.80747e-05
-3.4997e-05
2.10043e-05
-3.48495e-05
2.39036e-05
-3.45864e-05
2.67639e-05
-3.42104e-05
2.95776e-05
-3.37261e-05
3.23378e-05
-3.31396e-05
3.50387e-05
-3.24582e-05
3.76756e-05
-3.169e-05
4.02453e-05
-3.08437e-05
4.27455e-05
-2.99278e-05
4.51756e-05
-2.89506e-05
4.75359e-05
-2.79199e-05
4.98282e-05
-2.68427e-05
5.20552e-05
-2.57252e-05
5.42207e-05
-2.45726e-05
5.6329e-05
-2.33889e-05
5.83851e-05
-2.21771e-05
6.03946e-05
-2.09391e-05
6.23631e-05
-1.96757e-05
6.42964e-05
-1.83868e-05
6.62002e-05
-1.70711e-05
6.80797e-05
-1.57265e-05
6.99398e-05
-1.43499e-05
7.17846e-05
-1.29376e-05
7.36173e-05
-1.1485e-05
7.544e-05
-9.98666e-06
7.72536e-05
-8.43636e-06
7.90575e-05
-6.8264e-06
8.08507e-05
-5.14571e-06
8.26347e-05
-3.37412e-06
8.44209e-05
-1.49174e-06
8.60725e-05
8.13812e-05
-2.78988e-05
-1.75515e-06
-2.83814e-05
9.85402e-07
-2.88401e-05
3.81157e-06
-2.9259e-05
6.68047e-06
-2.96204e-05
9.56605e-06
-2.99095e-05
1.24527e-05
-3.01147e-05
1.53296e-05
-3.0228e-05
1.81881e-05
-3.02446e-05
2.10209e-05
-3.01622e-05
2.38212e-05
-2.99809e-05
2.65826e-05
-2.97027e-05
2.92994e-05
-2.93312e-05
3.19663e-05
-2.88714e-05
3.45788e-05
-2.8329e-05
3.71332e-05
-2.77105e-05
3.96268e-05
-2.70227e-05
4.20577e-05
-2.62723e-05
4.44252e-05
-2.5466e-05
4.67296e-05
-2.46101e-05
4.89723e-05
-2.37101e-05
5.11553e-05
-2.27711e-05
5.32817e-05
-2.17973e-05
5.53551e-05
-2.07918e-05
5.73797e-05
-1.97572e-05
5.936e-05
-1.86949e-05
6.13008e-05
-1.76054e-05
6.32069e-05
-1.64884e-05
6.50831e-05
-1.53424e-05
6.69338e-05
-1.41655e-05
6.87628e-05
-1.29545e-05
7.05736e-05
-1.17057e-05
7.23685e-05
-1.04145e-05
7.41488e-05
-9.07543e-06
7.59146e-05
-7.68238e-06
7.76645e-05
-6.22772e-06
7.9396e-05
-4.70081e-06
8.11078e-05
-3.08286e-06
8.2803e-05
-1.35571e-06
8.43454e-05
8.00254e-05
-2.33834e-05
-1.34578e-06
-2.38104e-05
1.41241e-06
-2.42463e-05
4.24747e-06
-2.46618e-05
7.09594e-06
-2.50306e-05
9.93492e-06
-2.53347e-05
1.27568e-05
-2.55626e-05
1.55574e-05
-2.57073e-05
1.83328e-05
-2.57655e-05
2.10791e-05
-2.57364e-05
2.3792e-05
-2.56208e-05
2.64671e-05
-2.54214e-05
2.90999e-05
-2.51415e-05
3.16864e-05
-2.47855e-05
3.42228e-05
-2.43584e-05
3.67061e-05
-2.38655e-05
3.91339e-05
-2.33123e-05
4.15045e-05
-2.27044e-05
4.38172e-05
-2.2047e-05
4.60722e-05
-2.13451e-05
4.82704e-05
-2.06034e-05
5.04136e-05
-1.98258e-05
5.25041e-05
-1.90156e-05
5.45449e-05
-1.81756e-05
5.65396e-05
-1.73075e-05
5.84919e-05
-1.64125e-05
6.04057e-05
-1.54907e-05
6.22852e-05
-1.45418e-05
6.41342e-05
-1.35641e-05
6.59562e-05
-1.25555e-05
6.77543e-05
-1.15129e-05
6.9531e-05
-1.04322e-05
7.12878e-05
-9.30862e-06
7.30253e-05
-8.13643e-06
7.47424e-05
-6.9089e-06
7.6437e-05
-5.61797e-06
7.81051e-05
-4.25283e-06
7.97427e-05
-2.79571e-06
8.13458e-05
-1.22924e-06
8.27789e-05
7.87962e-05
-1.90111e-05
-9.84643e-07
-1.94648e-05
1.86611e-06
-1.99625e-05
4.74519e-06
-2.04394e-05
7.57283e-06
-2.08575e-05
1.03531e-05
-2.11995e-05
1.30988e-05
-2.14582e-05
1.58161e-05
-2.16319e-05
1.85064e-05
-2.17215e-05
2.11687e-05
-2.17295e-05
2.38001e-05
-2.16595e-05
2.6397e-05
-2.15153e-05
2.89557e-05
-2.13011e-05
3.14723e-05
-2.10216e-05
3.39434e-05
-2.06814e-05
3.6366e-05
-2.02853e-05
3.87378e-05
-1.98379e-05
4.10571e-05
-1.93439e-05
4.33232e-05
-1.88077e-05
4.5536e-05
-1.82333e-05
4.7696e-05
-1.76244e-05
4.98047e-05
-1.69843e-05
5.1864e-05
-1.63158e-05
5.38764e-05
-1.56209e-05
5.58447e-05
-1.49012e-05
5.77722e-05
-1.41576e-05
5.96621e-05
-1.33901e-05
6.15177e-05
-1.25981e-05
6.33422e-05
-1.17803e-05
6.51383e-05
-1.09343e-05
6.69083e-05
-1.0057e-05
6.86537e-05
-9.14421e-06
7.0375e-05
-8.1906e-06
7.20716e-05
-7.18963e-06
7.37415e-05
-6.13327e-06
7.53806e-05
-5.01153e-06
7.69834e-05
-3.81162e-06
7.85428e-05
-2.51612e-06
8.00503e-05
-1.11547e-06
8.13783e-05
7.76807e-05
-1.47782e-05
-5.09812e-07
-1.54904e-05
2.57829e-06
-1.62278e-05
5.48254e-06
-1.6873e-05
8.21812e-06
-1.73992e-05
1.08793e-05
-1.78067e-05
1.35063e-05
-1.81039e-05
1.61133e-05
-1.83011e-05
1.87036e-05
-1.8408e-05
2.12756e-05
-1.84331e-05
2.38251e-05
-1.83837e-05
2.63477e-05
-1.82664e-05
2.88384e-05
-1.8087e-05
3.12929e-05
-1.78508e-05
3.37071e-05
-1.75627e-05
3.60778e-05
-1.72272e-05
3.84023e-05
-1.68488e-05
4.06787e-05
-1.64314e-05
4.29059e-05
-1.59789e-05
4.50835e-05
-1.54947e-05
4.72119e-05
-1.49821e-05
4.9292e-05
-1.44436e-05
5.13256e-05
-1.38818e-05
5.33145e-05
-1.32984e-05
5.52613e-05
-1.26949e-05
5.71687e-05
-1.20722e-05
5.90393e-05
-1.14304e-05
6.0876e-05
-1.07695e-05
6.26812e-05
-1.00883e-05
6.44571e-05
-9.38504e-06
6.62051e-05
-8.6572e-06
6.79259e-05
-7.90107e-06
6.96189e-05
-7.11166e-06
7.12822e-05
-6.28227e-06
7.29121e-05
-5.40377e-06
7.45021e-05
-4.46341e-06
7.60431e-05
-3.44245e-06
7.75218e-05
-2.31378e-06
7.89217e-05
-1.06264e-06
8.01271e-05
7.66181e-05
-1.08984e-05
-1.24923e-05
-1.36852e-05
-1.45799e-05
-1.52427e-05
-1.572e-05
-1.60483e-05
-1.62552e-05
-1.63608e-05
-1.63803e-05
-1.63251e-05
-1.62045e-05
-1.60258e-05
-1.57952e-05
-1.55182e-05
-1.51993e-05
-1.4843e-05
-1.4453e-05
-1.40329e-05
-1.35857e-05
-1.31144e-05
-1.26215e-05
-1.2109e-05
-1.15789e-05
-1.10324e-05
-1.04708e-05
-9.89467e-06
-9.3042e-06
-8.69921e-06
-8.07903e-06
-7.44242e-06
-6.78745e-06
-6.11134e-06
-5.41001e-06
-4.67731e-06
-3.90351e-06
-3.07159e-06
-2.1498e-06
-1.09783e-06
)
;

boundaryField
{
    leftWall
    {
        type            calculated;
        value           nonuniform 0();
    }
    rightWall
    {
        type            calculated;
        value           uniform 0;
    }
    lowerWall
    {
        type            calculated;
        value           nonuniform 0();
    }
    atmosphere
    {
        type            calculated;
        value           nonuniform List<scalar> 
45
(
-9.45756e-06
-6.80563e-06
-4.72652e-06
-2.70251e-06
-1.01292e-06
1.31573e-06
4.17216e-06
6.6755e-06
9.11282e-06
1.1542e-05
1.39836e-05
1.64416e-05
1.89105e-05
2.13812e-05
2.38446e-05
2.62925e-05
2.87178e-05
3.11142e-05
3.34766e-05
3.58008e-05
3.80835e-05
4.03224e-05
4.25159e-05
4.46634e-05
4.67647e-05
4.88207e-05
5.08326e-05
5.2802e-05
5.47312e-05
5.66223e-05
5.84777e-05
6.02999e-05
6.20908e-05
6.38521e-05
6.55849e-05
6.72892e-05
6.89639e-05
7.06061e-05
7.22107e-05
7.37694e-05
7.52693e-05
7.66899e-05
7.79999e-05
7.90751e-05
7.55203e-05
)
;
    }
    defaultFaces
    {
        type            empty;
        value           nonuniform 0();
    }
    procBoundary3to1
    {
        type            processor;
        value           nonuniform List<scalar> 
45
(
4.51211e-05
3.65656e-05
2.92739e-05
2.07918e-05
1.13926e-05
1.00656e-06
-1.16022e-05
-2.38136e-05
-3.49409e-05
-4.4349e-05
-5.15908e-05
-5.65035e-05
-5.92375e-05
-6.02312e-05
-5.99559e-05
-5.90137e-05
-5.78594e-05
-5.67085e-05
-5.8531e-05
-6.06674e-05
-6.22069e-05
-6.43407e-05
-6.64224e-05
-6.82125e-05
-6.97023e-05
-7.14346e-05
-7.5379e-05
-8.24645e-05
-9.35456e-05
-0.0001081
-0.000118531
-0.000120592
-0.000117325
-0.000112407
-0.000107701
-0.000103845
-0.00010099
-9.91363e-05
-9.82425e-05
-9.82616e-05
-9.91536e-05
-0.000100886
-0.000103419
-0.000106621
-0.000108681
)
;
    }
    procBoundary3to2
    {
        type            processor;
        value           nonuniform List<scalar> 
43
(
-7.50582e-05
-6.90589e-05
-6.24827e-05
-5.5307e-05
-4.75683e-05
-3.93137e-05
-3.05943e-05
-2.1454e-05
-1.19448e-05
-2.1433e-06
7.82465e-06
1.77536e-05
2.74011e-05
3.6537e-05
4.49575e-05
5.24936e-05
5.89941e-05
6.43258e-05
6.83999e-05
7.12063e-05
7.28279e-05
7.34183e-05
7.31606e-05
7.22293e-05
7.07674e-05
6.88793e-05
6.6636e-05
6.40834e-05
6.12528e-05
5.81723e-05
5.48729e-05
5.13887e-05
4.77562e-05
4.40109e-05
4.01843e-05
3.63015e-05
3.23774e-05
2.84118e-05
2.43774e-05
2.01938e-05
1.568e-05
1.04886e-05
4.08021e-06
)
;
    }
}


// ************************************************************************* //
