/*--------------------------------*- C++ -*----------------------------------*\
  =========                 |
  \\      /  F ield         | OpenFOAM: The Open Source CFD Toolbox
   \\    /   O peration     | Website:  https://openfoam.org
    \\  /    A nd           | Version:  7
     \\/     M anipulation  |
\*---------------------------------------------------------------------------*/
FoamFile
{
    version     2.0;
    format      ascii;
    class       scalarField;
    location    "0.007/lagrangian/dsmc";
    object      Ei;
}
// * * * * * * * * * * * * * * * * * * * * * * * * * * * * * * * * * * * * * //


6200
(
1.940697942e-21
3.831768825e-21
3.989784751e-21
4.148191867e-21
6.889638965e-21
1.0710951e-22
1.912945919e-21
2.200210746e-21
9.239179249e-21
1.329775013e-20
5.643715217e-21
9.446349531e-21
7.397120933e-21
1.65348601e-20
8.437194426e-21
2.789192906e-22
1.062090329e-21
3.608454989e-21
1.325843176e-21
1.345750772e-21
1.108315251e-21
2.578313646e-21
6.9145835e-21
5.253033246e-21
7.717711025e-21
5.427049809e-21
3.686332413e-21
1.169506016e-20
3.909763323e-23
9.495287493e-21
4.412222206e-22
4.347788176e-21
5.41795133e-21
3.542878443e-21
2.086556815e-22
1.227255076e-20
2.563505756e-23
3.686842806e-21
1.085447042e-21
1.504888092e-20
3.772619155e-21
2.13865486e-21
5.967153867e-21
8.089753981e-21
1.770624855e-22
4.15641143e-22
2.325346363e-21
1.185993467e-20
8.752221019e-21
5.428818121e-21
1.383277397e-21
4.153075853e-21
2.587069588e-21
4.551592403e-21
6.531604722e-21
3.709902989e-22
1.668166807e-20
1.265987213e-22
9.26855159e-22
1.426796407e-21
1.030068902e-21
1.345264993e-21
7.641825023e-21
7.073896484e-22
2.031476561e-21
1.174872588e-20
1.166232392e-20
8.125868249e-22
3.544441481e-21
1.19324574e-20
1.304861054e-20
9.856498277e-22
1.07376137e-21
1.00633088e-21
4.075906554e-21
2.966263158e-21
9.628285988e-22
4.611196349e-21
1.22456188e-20
5.115984927e-21
3.998134856e-21
2.286211696e-21
2.07837315e-21
6.533960268e-21
2.589534672e-21
4.836527888e-21
4.282424364e-21
4.32781188e-21
1.784773287e-21
3.720544228e-21
6.411010558e-23
2.38571013e-21
2.316306523e-21
3.287529403e-21
4.253130797e-21
5.138951924e-21
2.851176476e-22
4.422026132e-21
1.026033829e-20
2.984569325e-21
1.624779603e-21
2.995024208e-21
5.872135038e-22
6.292088059e-21
1.281539848e-21
6.720437639e-21
3.633277996e-21
4.148959436e-21
4.928209022e-22
9.874381083e-21
3.842732608e-21
1.701128797e-21
4.725518672e-22
8.637878527e-21
3.388783621e-21
5.834917206e-21
2.162560434e-21
2.36807958e-21
1.000556729e-22
5.601765571e-21
2.691303315e-21
1.345637367e-21
3.347407952e-21
1.033071824e-20
1.270569552e-21
3.764787838e-21
2.805135254e-20
3.470675599e-21
6.36386609e-22
3.35778506e-21
3.543761418e-23
1.391959882e-21
1.038344567e-21
1.25305385e-21
1.411037167e-21
3.579794007e-21
1.683799587e-21
1.402471097e-21
5.518145976e-21
2.687830609e-21
2.461708583e-21
6.575446697e-21
3.655252695e-21
3.217317079e-20
7.572411616e-21
7.889132555e-21
1.897439989e-20
2.531105352e-20
2.855019099e-21
2.956201293e-21
1.318591017e-20
5.128220165e-21
2.42827669e-21
3.714883882e-22
1.932809213e-20
8.927138367e-21
1.057889305e-20
1.473277672e-21
3.876633687e-21
5.510618294e-21
2.894754259e-21
5.033329524e-21
4.585144977e-21
2.2886632e-21
1.24722367e-21
1.719513923e-20
1.510096353e-20
1.350676334e-21
2.419389528e-21
9.375623179e-21
1.233024135e-22
1.084550767e-20
2.719622729e-21
1.94499736e-21
4.904116769e-21
3.449309792e-21
1.891932736e-20
9.852050415e-21
2.017802082e-21
4.051835424e-21
1.329767242e-21
9.622863243e-21
1.400590199e-21
9.539058726e-21
4.09007016e-21
4.027586697e-22
1.384569563e-21
8.037245087e-21
3.039192375e-21
5.92050907e-21
9.683983603e-22
2.424673981e-21
3.150777965e-21
8.434932998e-21
2.06377925e-20
4.488712246e-21
3.906351844e-22
9.36992029e-21
3.606297808e-21
3.24978064e-21
3.129784409e-21
5.263092639e-21
1.666542811e-21
1.643656026e-22
1.744007605e-20
7.169433272e-22
3.118171096e-22
2.089925666e-21
2.660004807e-21
2.547722185e-21
7.515269669e-21
6.932737412e-22
3.282247143e-21
2.580542935e-21
3.361083549e-21
2.248457137e-20
1.769794765e-21
4.007124076e-22
4.860424873e-22
1.854163512e-21
1.214965274e-20
1.548480607e-21
1.276144889e-20
2.554857235e-21
6.302158325e-21
5.780654879e-21
4.477871468e-22
3.842666552e-21
3.235773755e-21
1.92385787e-21
1.48167589e-20
4.408517074e-21
6.582725197e-21
5.060683916e-21
3.337367703e-21
2.816210817e-21
5.745535629e-21
1.125426795e-20
1.819042174e-21
3.640633992e-21
3.584078923e-21
6.180578232e-21
6.110437078e-22
1.997188761e-21
3.401917724e-21
6.991954711e-21
3.064736043e-21
5.543175937e-21
3.276675918e-21
4.250627223e-21
7.265229187e-21
2.461806781e-22
2.331423265e-21
1.495159813e-21
1.001089724e-20
1.369550961e-21
1.302477547e-21
1.10208073e-20
1.136575022e-20
5.66222819e-21
1.342625429e-21
1.699056544e-23
1.611328224e-20
4.318994231e-21
3.940954958e-21
1.850134995e-21
1.153622353e-20
8.390680212e-21
3.747567021e-21
9.312873596e-22
7.666791934e-22
3.289186809e-20
2.208635751e-21
4.251006806e-22
3.808518182e-21
1.604831938e-23
1.980438251e-21
8.492549579e-22
6.909734933e-22
5.905127827e-21
1.987324906e-20
9.128674996e-21
1.284614106e-22
5.647823355e-21
1.218450011e-22
1.612850961e-20
9.927893676e-21
1.949929129e-21
4.700647422e-21
4.783506819e-21
7.623972659e-21
5.854527213e-23
2.158535922e-20
3.047015609e-21
2.358093115e-21
1.458230225e-23
1.86598176e-21
1.942418766e-21
9.747927776e-22
1.724155684e-21
1.536885117e-22
1.906119036e-21
3.356007169e-21
2.391150471e-21
3.45192653e-21
5.698401169e-21
3.289090002e-21
4.40230696e-22
7.097746964e-21
1.167167179e-21
2.676159418e-21
2.025976015e-20
2.134218676e-21
2.270364289e-21
5.01593581e-25
6.328005957e-22
2.194753255e-21
1.609862698e-21
3.727680773e-22
7.124875579e-21
1.511392988e-20
2.503348085e-21
2.786333629e-21
5.270134478e-21
9.732560393e-21
1.492757636e-21
4.38005249e-22
2.07748057e-22
4.138594517e-21
1.081717961e-20
2.665391444e-21
1.635781982e-21
4.669370369e-21
1.355875134e-21
1.373195073e-21
5.622130724e-21
3.276703472e-21
2.632062717e-21
5.99015938e-21
3.859220758e-23
3.305141599e-21
3.791823291e-21
3.308245171e-22
1.813249495e-21
4.987345276e-21
1.65411502e-21
1.508795126e-21
2.110050408e-21
2.163494312e-21
4.160065179e-21
1.675376961e-21
3.854224783e-21
7.075709478e-21
5.673024194e-21
3.360313197e-21
4.760577293e-21
2.331009853e-21
3.711226985e-21
1.208823015e-21
5.009522128e-21
1.664752027e-20
1.145429559e-21
1.104424932e-20
6.387911628e-21
3.707639201e-21
1.499100046e-21
1.916324595e-21
4.245392488e-21
3.649951374e-21
5.021573525e-21
3.230925245e-21
1.19173701e-20
1.469398726e-21
1.222441029e-21
1.295267398e-20
1.250540112e-21
5.472551509e-21
9.215076627e-22
5.59166918e-21
9.503462317e-21
1.215980107e-21
3.288336052e-21
6.558569916e-22
5.657361541e-22
5.890377409e-21
6.719184919e-21
2.096691971e-21
8.810227024e-21
9.597592377e-22
6.765425642e-21
1.644583275e-22
5.381183569e-21
3.369739192e-23
5.383340595e-21
2.303545203e-21
2.173744513e-21
5.828684201e-21
2.203941591e-21
1.606661809e-21
8.465515605e-22
7.687973916e-22
4.307803772e-20
2.653091213e-21
3.132838193e-21
9.805678284e-21
1.377608879e-21
1.58145974e-20
3.542945457e-22
1.236530117e-21
1.018658711e-20
3.352938997e-22
5.940209822e-21
4.328247305e-21
1.532803321e-20
4.726803575e-21
1.837860292e-21
4.25008713e-21
1.747352897e-21
1.080659261e-21
1.173398574e-21
1.484602042e-21
1.077144461e-21
8.978385997e-21
3.730330116e-21
3.580420566e-21
3.550325479e-21
3.018756295e-21
1.063305541e-21
5.941810924e-21
4.560064907e-21
1.433224463e-20
1.007970306e-20
2.361651502e-23
4.234434114e-21
2.740338197e-21
1.614552995e-20
2.106408381e-21
4.318893367e-21
8.306652271e-22
5.144382971e-21
1.524721976e-20
3.673657147e-21
9.173647849e-21
2.012669005e-22
2.022866753e-21
3.726552473e-20
2.162404171e-21
1.543149787e-21
1.019901575e-21
6.988101545e-21
4.115212384e-21
2.076429437e-20
8.393974024e-22
1.101884592e-20
5.480701686e-21
8.705484957e-21
2.72513939e-21
2.187516654e-21
4.915422386e-21
1.057173247e-20
1.495760934e-20
3.438733224e-22
8.009377099e-22
1.579664952e-21
3.584750943e-22
8.578928816e-21
2.132207243e-22
3.406364645e-21
8.676216484e-22
2.637954285e-20
9.902449391e-21
1.088141738e-20
2.638917051e-21
4.803020637e-21
2.117072629e-21
2.63457715e-21
2.508965736e-21
5.53086144e-22
1.194216061e-21
6.138793035e-21
5.427490574e-21
5.41734968e-21
2.093249713e-21
1.609445391e-21
5.075987596e-21
1.275257659e-21
5.965702691e-21
1.560479585e-22
1.551432354e-21
3.185483019e-21
2.315763888e-20
3.138360828e-21
2.679555458e-22
4.391657208e-21
8.82681571e-22
1.760380967e-21
1.882571319e-22
4.776960391e-21
2.059201636e-20
4.549543733e-21
1.686478443e-20
1.031412375e-20
5.331580545e-22
6.561407366e-22
2.970748034e-21
3.080316736e-21
2.008566499e-21
7.720769932e-21
3.211142219e-21
4.326958657e-21
1.216204851e-21
3.894550915e-21
4.391036014e-23
1.749668156e-20
2.545307737e-21
5.542060567e-22
6.830935772e-21
8.31027137e-21
9.172074184e-21
2.410744433e-21
4.84363371e-21
1.026895558e-21
1.879211238e-21
8.093734037e-22
8.575175674e-21
5.483643643e-21
1.932173742e-21
2.93988053e-20
7.192308166e-23
6.889594336e-22
9.109825329e-21
4.123778402e-22
1.628386318e-20
7.827546471e-21
2.465237973e-20
1.392011549e-22
7.573446833e-21
2.053836862e-21
2.983563728e-21
4.508187238e-21
9.860205435e-22
3.461203721e-21
2.868267303e-21
1.401098098e-21
4.228307603e-22
1.877924813e-21
9.921147909e-21
5.246367229e-22
7.521132612e-21
4.55887618e-21
1.195593642e-20
1.175643634e-20
8.092264409e-21
2.869279657e-21
8.143169195e-22
1.16784311e-21
8.123804337e-21
9.530356738e-21
1.707665231e-21
4.648717764e-21
2.083197897e-21
5.050197301e-21
4.05194691e-21
3.419458924e-21
1.845862783e-21
2.298342402e-21
1.465318138e-21
5.928488753e-21
4.56275615e-21
1.271967921e-20
5.725175314e-21
2.363128298e-21
7.622617694e-21
6.466431955e-21
1.646525674e-22
1.03585768e-22
9.769370484e-21
7.188985887e-21
9.714027821e-21
4.191196967e-22
7.286439943e-21
2.292047314e-21
3.057143712e-21
5.949523619e-22
1.582562605e-21
4.335834878e-22
4.568282445e-21
5.376273412e-21
7.118949021e-22
4.089535374e-21
5.753460665e-21
1.47072526e-21
5.965653188e-22
3.493505882e-21
1.983211635e-21
1.144812862e-21
3.595307123e-21
2.240513809e-21
8.448846888e-21
6.02750625e-21
3.637330129e-21
1.386036288e-21
3.237010958e-21
5.461271555e-21
3.964535366e-21
6.670158246e-21
1.737794108e-22
3.367599016e-22
1.542408335e-22
4.847114614e-21
1.245914476e-21
6.215884945e-22
4.282588079e-21
5.089159317e-21
6.347606387e-21
3.051226113e-22
8.397446224e-22
6.85660072e-21
2.783513288e-20
7.990600866e-21
1.07017228e-21
6.967558187e-21
7.742088339e-21
1.10108141e-20
5.300413863e-21
6.052056894e-21
4.690040336e-21
2.165156953e-20
1.006963908e-20
9.941434634e-21
8.876689226e-21
4.261867733e-22
1.266313255e-20
3.115231837e-21
6.635898485e-21
2.98755658e-21
9.041371414e-22
1.13669734e-20
5.795900843e-22
2.16131997e-22
3.107462842e-21
1.180522867e-20
6.778224769e-21
2.736385951e-21
5.388799215e-22
8.487712778e-21
1.448246698e-20
7.561637422e-21
1.747500104e-21
1.287903005e-20
1.634811401e-21
1.950242654e-21
5.460360773e-22
4.114260925e-21
8.25866788e-22
5.980989915e-21
7.696139936e-22
3.717415491e-21
1.888063729e-20
3.140407122e-21
5.047341688e-21
8.572516126e-21
7.500886458e-21
2.356347517e-21
1.763516702e-21
4.560520828e-22
1.885896789e-20
3.951068899e-21
6.264683331e-22
4.450099311e-21
8.47515492e-21
1.626586296e-20
1.990428574e-20
4.313920886e-23
4.472686456e-21
1.93188427e-21
7.124304535e-21
4.567712247e-21
2.543116245e-20
5.072261226e-21
1.368046034e-20
3.943867285e-21
1.391040463e-22
1.268265917e-21
5.092510679e-21
4.532710461e-21
1.965449847e-20
2.73779093e-21
6.829862965e-21
1.342856286e-21
3.795952369e-22
1.333837665e-21
2.743597324e-21
4.150069183e-21
7.659148847e-21
1.030791962e-20
1.252797622e-21
3.424395788e-21
3.224095276e-21
2.176504054e-21
1.633023113e-21
2.236813074e-21
2.452034938e-21
4.855711349e-21
2.285675286e-20
2.914379089e-21
1.441057511e-22
6.761250206e-22
6.389737536e-21
2.186504056e-22
3.975473833e-21
2.304728114e-21
2.223230258e-21
1.34613504e-20
9.323465435e-22
3.937225948e-21
2.365751359e-21
1.639261938e-21
1.122701467e-21
9.985077236e-21
8.599549835e-21
3.962858179e-21
8.741362724e-21
7.626274193e-22
1.350951038e-20
8.003231541e-21
3.584083508e-22
2.089533139e-21
1.349622089e-24
5.17991169e-21
4.951069509e-22
1.548246363e-21
6.590847029e-22
5.405705336e-21
1.588760296e-21
4.750103846e-21
8.345531627e-22
4.20446533e-21
7.564092911e-21
1.223958493e-20
1.233006366e-21
8.282751128e-21
7.638748319e-21
3.113065646e-21
4.036193435e-21
1.212184521e-21
1.104388191e-21
3.423619014e-21
1.425982085e-20
8.299941307e-21
2.209553113e-21
4.530276314e-21
3.263414356e-21
3.427044347e-20
2.069522863e-21
7.073864046e-21
3.454202532e-21
1.406072868e-20
4.140645388e-21
5.062669459e-21
6.492445641e-21
1.801174228e-22
3.331774561e-21
8.165043181e-23
3.980992288e-21
2.462742516e-21
3.275030386e-21
9.345819873e-22
1.575605371e-22
7.610991409e-24
7.512061382e-21
6.255511644e-21
2.153205721e-21
3.787722613e-21
1.905614902e-20
5.098327246e-21
4.419476358e-21
5.860751606e-21
1.826160754e-21
8.864613988e-21
8.61663555e-21
9.042044487e-22
6.872155717e-21
1.061834631e-20
4.790295772e-21
3.725619792e-21
9.329167664e-22
1.620081437e-21
1.262791124e-21
3.468790897e-21
8.102056536e-21
5.80038932e-22
5.511340796e-21
6.86034057e-22
4.534197817e-21
2.542836097e-21
6.088494192e-21
6.319494711e-21
2.770051749e-21
5.781857627e-22
1.477801285e-20
1.856095571e-22
7.710772256e-22
5.566280314e-21
1.304346371e-20
2.047910335e-22
1.848907758e-21
9.702975985e-21
5.286159181e-21
1.375635959e-20
1.104134447e-20
1.005651064e-21
2.830626967e-21
9.245660459e-22
1.159299894e-22
2.769684509e-21
2.089144088e-21
4.491358787e-21
2.418794243e-22
1.22894345e-21
1.08608654e-20
3.602290321e-21
5.825052316e-21
3.90368405e-21
1.315520747e-21
3.293790001e-21
3.589233002e-20
2.772126522e-21
9.059895288e-21
3.131771029e-22
6.995694748e-21
1.588374061e-21
5.681180642e-21
6.238196392e-22
1.983786884e-21
1.466664222e-21
1.206419742e-20
1.333729477e-21
1.610959435e-21
6.622865931e-21
3.274182301e-21
1.464916382e-21
3.505697187e-21
7.344011303e-22
5.350048507e-21
4.261301913e-21
3.675480862e-22
9.180422843e-21
2.530136998e-21
2.511202241e-21
4.046743586e-21
8.442663872e-21
2.408334694e-21
2.280403293e-21
3.850237787e-22
2.649688477e-21
4.918643632e-21
8.659291875e-21
6.250411247e-21
5.028042976e-21
1.700060661e-21
3.621840209e-21
3.519492426e-21
8.853288322e-21
2.378545131e-21
2.670637868e-21
3.452947282e-22
6.331551785e-22
1.462151517e-23
7.149672334e-21
1.636418537e-21
2.574366959e-21
2.670499644e-21
1.867525416e-20
1.885197015e-21
7.795827798e-21
4.218914653e-22
2.079491175e-23
2.60506583e-21
8.164310085e-21
2.878014361e-21
5.48924003e-21
2.885844733e-24
7.195702663e-21
2.445600614e-23
4.994341208e-21
1.692888022e-20
2.221276531e-21
1.722597853e-22
1.256376251e-20
2.45796263e-22
9.25069845e-23
7.457853101e-21
3.892884378e-21
5.473939735e-20
4.338993076e-21
1.878080095e-21
2.789032264e-21
4.981829899e-21
1.488597231e-20
7.719766561e-22
5.416260448e-21
5.945049089e-21
1.808517704e-20
1.472853916e-21
1.624423653e-21
1.453524334e-20
8.474203677e-22
7.98722091e-21
3.471601329e-21
5.906089377e-21
8.274725138e-22
1.342174374e-21
1.787223542e-21
1.607078958e-21
5.723732446e-21
2.288457153e-21
4.252307003e-21
3.627962569e-21
3.249852128e-21
1.124452789e-20
1.722950798e-20
1.034007431e-21
2.413129625e-22
3.77902094e-21
2.111977491e-21
1.815616113e-21
7.996183248e-21
7.986713952e-21
1.01536899e-20
4.032390811e-21
3.00327588e-21
3.976977416e-21
1.695629672e-21
2.612639379e-21
3.999652065e-21
2.293948379e-21
7.364392652e-21
1.585722383e-22
4.102806187e-22
6.410544482e-21
1.389208551e-22
9.068106723e-22
1.726746367e-22
2.460262365e-20
1.792569691e-21
2.052191291e-21
4.060729028e-21
2.695961354e-21
2.075289304e-20
7.658781295e-22
1.756499724e-21
8.427183872e-21
2.602082966e-21
5.269049539e-21
2.904440653e-21
5.276552995e-23
1.730873239e-21
4.601022046e-21
6.921604196e-21
5.840793246e-22
2.850829735e-21
2.838089573e-21
1.067914909e-21
2.523486959e-20
1.555354342e-22
3.836944005e-23
1.094654312e-21
3.74952108e-21
8.055156304e-21
1.680816298e-20
5.347671094e-21
7.706376605e-21
1.967933748e-21
8.007566866e-22
1.822338619e-21
1.695027852e-21
7.455722185e-21
2.906728888e-21
2.125749424e-21
6.753037084e-21
4.652230892e-21
6.541574689e-21
5.952488577e-22
1.329900053e-21
5.909063285e-21
5.470332699e-21
2.341619617e-21
1.490716794e-20
1.483040405e-21
1.981935839e-20
8.763439619e-23
9.989101758e-22
1.309948274e-20
6.516124013e-22
2.396831799e-21
3.873639737e-21
4.631210706e-22
6.473277791e-21
1.697768387e-21
3.51577434e-21
1.873767973e-21
1.720520917e-21
8.697883223e-21
1.360844535e-21
2.262210756e-21
3.454974825e-22
5.158637948e-21
1.796142849e-22
1.382388502e-21
7.003622859e-24
1.303738209e-20
7.892333377e-22
1.566784549e-21
6.067756055e-22
1.11076604e-20
1.252202703e-20
9.682242914e-22
2.214387261e-21
3.006067173e-21
4.985211469e-22
2.478512831e-21
7.190598546e-21
3.518917359e-21
1.419156351e-21
1.296003367e-21
4.314336505e-22
3.748525056e-21
7.55125081e-22
1.050336648e-20
2.68564137e-22
2.893956925e-21
4.381520287e-21
5.39879005e-21
3.012214606e-21
4.35988564e-21
5.05626856e-21
2.747561197e-21
2.223739813e-21
1.35680293e-21
3.51739611e-20
8.199120312e-21
3.034274761e-21
2.077824034e-20
1.426410531e-21
6.035464644e-21
8.598048861e-22
2.881923214e-22
7.871486739e-22
8.092243381e-22
3.956078704e-21
7.977182055e-21
3.344862034e-21
2.514883188e-21
9.472692445e-21
9.882592204e-21
6.349252341e-21
1.898330475e-21
1.448981465e-20
8.764894468e-21
1.220329093e-20
2.20674153e-21
9.627669136e-22
9.349037108e-21
4.469765543e-22
3.116501179e-22
7.604949989e-22
7.461717447e-21
5.302121095e-21
2.295711048e-21
3.521213252e-21
5.910708748e-21
7.097103708e-21
1.43401214e-20
1.039048848e-21
1.348468987e-20
4.559592571e-21
3.755723518e-21
4.400146555e-21
9.292762961e-21
1.829630046e-22
5.393020273e-21
7.230320653e-21
4.538312863e-21
1.452428298e-21
1.169617978e-22
1.32843573e-21
4.206555666e-21
1.295823068e-21
4.907134033e-21
1.15721117e-21
3.950585598e-21
9.420435468e-21
2.029487298e-21
1.869032948e-21
4.165146152e-22
1.884111095e-21
3.762944754e-21
5.070464901e-21
7.100418422e-21
6.417693627e-21
3.459435599e-21
3.457211428e-21
5.595367577e-21
2.358031222e-21
2.321344235e-21
6.197300005e-21
1.413171079e-20
2.930714039e-22
1.305022027e-20
8.200091741e-21
1.874408909e-22
1.199796455e-20
2.396250578e-22
2.58379404e-21
8.137988273e-21
1.17436362e-23
6.7955063e-21
6.580166456e-22
2.111462757e-20
2.335765884e-21
1.700612169e-21
3.158075663e-21
4.474581308e-21
2.30901019e-21
2.884729259e-21
5.957567941e-21
2.746225702e-21
5.517036317e-21
3.938921595e-21
3.672503709e-21
4.750874797e-22
1.533599861e-21
6.892496795e-21
7.293568927e-22
1.278419839e-20
2.521563907e-21
5.90678078e-21
9.149951939e-21
1.972302275e-20
1.725278046e-20
1.44831204e-21
2.444531197e-21
1.688939398e-20
2.104267385e-21
2.748000022e-21
2.259644172e-21
2.6918494e-21
9.37641064e-22
3.068365506e-21
7.245148046e-21
8.670039489e-22
6.075906733e-21
5.577931203e-21
1.456242217e-21
5.691828426e-22
5.475861888e-21
8.033129878e-21
4.304197115e-21
1.647612269e-21
2.674381996e-21
7.306314136e-22
2.169686994e-21
1.420209039e-21
6.908608499e-21
1.112532901e-21
1.159082757e-22
9.176486087e-21
4.91521967e-21
1.508836293e-21
3.95511317e-21
6.969654893e-21
1.492861422e-20
3.116236876e-21
5.525805183e-21
8.472126133e-22
2.626838139e-21
2.483116887e-21
1.190051634e-20
1.386269922e-20
9.447058378e-22
4.339310514e-22
1.264785706e-20
1.41162439e-22
4.712780996e-21
5.36200555e-21
2.850009429e-21
5.443663691e-21
6.206790116e-21
3.46268994e-21
7.846307262e-21
3.026221983e-21
4.799246601e-21
4.113841533e-21
2.442863953e-21
5.51625211e-22
7.393660948e-21
1.223689112e-21
2.65171702e-22
8.105217495e-21
3.56203259e-21
1.756969032e-20
9.16090542e-21
1.788311926e-20
1.112033438e-22
1.298204901e-20
3.549545865e-21
6.461899519e-21
1.865855482e-21
1.391143233e-22
8.505809375e-22
1.759615595e-21
1.152087606e-20
2.763327199e-21
6.136387446e-22
9.840824492e-21
2.525055978e-21
3.992470258e-21
1.994606301e-22
9.922326131e-21
8.652154996e-22
4.395765202e-21
6.979818486e-21
8.322218274e-21
1.133934802e-21
8.2106155e-21
3.301630923e-21
5.655913217e-21
2.98489781e-21
1.303668957e-20
1.216506363e-21
6.763140211e-21
5.79006332e-22
4.144800987e-20
3.457103568e-21
1.882645874e-21
5.525118119e-21
1.403962202e-21
4.042668625e-21
1.055924582e-21
2.164378127e-21
2.014350667e-21
4.644295785e-21
2.535766662e-21
1.685571671e-20
1.989165652e-21
2.530506099e-20
1.170979602e-20
1.998276186e-21
6.416085486e-21
1.90784643e-21
6.157021132e-21
1.482081518e-20
9.837531914e-22
4.801040922e-22
1.0027883e-20
8.529187287e-21
8.239930414e-21
1.198161048e-21
4.351979063e-22
6.457209487e-21
4.228379029e-22
4.191660093e-21
1.037779713e-20
1.004337201e-21
1.106124483e-20
1.829904134e-21
7.474090074e-22
7.518998865e-21
5.139550938e-20
5.33557616e-22
3.988079537e-21
5.769014114e-22
5.00685461e-21
3.606067361e-21
4.504839566e-22
2.166321426e-21
1.047383278e-21
3.766118283e-21
4.927512793e-22
3.186816962e-21
3.759354952e-21
4.575533146e-22
2.849212098e-21
8.180570552e-21
8.737384566e-21
9.952118982e-22
1.052423966e-20
6.557307852e-21
1.217100511e-21
2.479032007e-21
1.135850508e-21
2.459885576e-21
4.443828594e-21
8.896673912e-21
2.394764962e-21
5.799668033e-22
2.428530544e-21
2.640280406e-21
4.283538599e-21
8.353568651e-22
2.51013192e-21
4.813555239e-21
8.163894722e-22
1.194797903e-20
5.561929512e-22
2.126144183e-21
5.085436403e-22
6.910396011e-21
4.774028294e-23
2.643946302e-21
7.48144966e-21
8.600338615e-21
5.850159006e-22
6.484935989e-22
1.837540239e-21
4.354657086e-21
8.575990954e-21
2.576654856e-21
4.952265865e-21
3.867596428e-21
3.180445086e-21
1.052714903e-20
7.060995096e-22
3.310641441e-21
4.011467282e-21
6.136298661e-21
8.659465295e-21
2.278133031e-21
1.232341997e-20
2.696997638e-22
5.427726872e-21
1.184481784e-20
1.923764197e-21
2.528328593e-21
3.382401358e-21
7.318833613e-21
5.005470563e-21
8.615146416e-21
4.82477152e-21
8.239177744e-21
3.094127695e-21
3.603445444e-21
1.418090218e-20
1.71740283e-21
5.373867865e-22
3.360103968e-21
1.138073411e-21
3.471661892e-21
4.497081798e-21
1.576315294e-20
4.077639834e-21
4.743785984e-21
7.108611177e-22
3.868996985e-21
1.077849902e-20
1.94327136e-21
8.878062827e-21
8.818945735e-22
1.588570971e-21
5.726472256e-21
1.012493594e-20
4.104058699e-21
2.029018391e-22
5.173206716e-21
1.265905559e-21
2.663535332e-21
9.868203637e-22
5.776613408e-21
6.973120728e-21
5.494993104e-21
3.761070455e-21
9.109836307e-21
6.888236947e-21
2.0268942e-21
9.400353932e-22
4.115754575e-21
2.683176866e-21
5.008510572e-21
4.97144793e-21
3.042316905e-21
2.033618506e-21
7.862897235e-21
3.727644833e-22
1.140174933e-20
3.412493126e-21
5.794205907e-21
7.038938226e-22
1.908183409e-21
1.326297756e-20
1.557440259e-21
2.534400159e-21
5.217546468e-21
2.288711734e-20
1.447385632e-21
4.245985515e-21
4.185776359e-21
1.351983524e-21
1.101190061e-20
2.546421754e-20
5.390627073e-21
9.260087405e-22
5.175604674e-21
2.645407164e-21
6.145110476e-20
5.258600822e-22
3.670440794e-21
1.321034043e-20
6.185269683e-22
1.363343663e-21
1.909772346e-21
3.016840367e-22
1.356558411e-20
1.022433613e-20
1.13812866e-20
7.490538427e-21
5.934129098e-22
3.651431437e-21
2.220262476e-21
4.720204079e-21
5.165860526e-21
1.405941587e-20
9.969874706e-22
5.541698047e-21
5.255996196e-21
6.712038734e-21
7.31534708e-22
2.693484726e-21
1.779655464e-21
2.493057972e-21
6.026078699e-21
1.889529003e-20
1.607684049e-21
1.24079911e-21
3.719992539e-21
3.258251393e-21
1.154177668e-21
2.056264977e-21
3.638276997e-22
1.239067822e-21
1.054471787e-21
3.435637117e-21
3.472509438e-21
3.966098523e-21
7.0224006e-21
7.49829711e-21
1.000390017e-20
2.158498729e-21
9.003879356e-21
4.711582488e-21
3.340479201e-21
4.310149718e-21
5.490736092e-21
1.326564617e-21
6.766233696e-21
4.508242578e-21
4.259983362e-21
9.830335993e-22
2.90402484e-21
4.264930921e-21
4.45468535e-21
1.004455178e-20
2.714832845e-23
5.255913337e-21
4.243349694e-21
2.642132665e-21
8.584007069e-21
5.476131237e-22
7.334365417e-21
9.899252413e-21
3.661874831e-21
4.629185105e-22
4.839385408e-21
5.482835238e-21
8.362445715e-22
3.780766035e-21
3.625570645e-21
4.611478463e-21
3.088640913e-21
4.724429315e-22
2.132862802e-21
2.086734706e-21
5.846598216e-21
1.581261579e-21
1.587185926e-20
4.166976018e-21
8.18376056e-21
2.054739662e-20
2.91168069e-21
2.751152941e-22
1.758820878e-21
7.790045774e-21
2.572298562e-22
1.315430471e-22
3.322777828e-21
1.327294858e-21
7.777280316e-22
6.917489534e-21
1.675507832e-21
6.537966046e-22
2.18820702e-21
3.032999336e-21
2.167247601e-21
9.807538965e-21
2.929280214e-21
3.216860535e-21
4.395918161e-21
2.01604515e-20
3.239880949e-21
3.519495133e-21
2.367113295e-21
1.032830311e-22
5.063320593e-22
3.24343899e-21
1.357401889e-20
1.169166168e-22
3.2203831e-22
1.494940769e-21
3.099096852e-22
1.872411019e-21
7.183472605e-22
5.66030859e-21
9.270746442e-21
8.514144373e-21
1.032067618e-21
6.621945211e-21
1.309199797e-20
4.367666187e-21
1.043805596e-21
2.787163561e-20
8.167740523e-22
4.51572414e-21
1.97730126e-21
2.762415204e-22
1.321866633e-20
3.601045029e-20
1.378046833e-20
4.538573838e-21
6.017229493e-21
1.51536623e-20
1.310033226e-21
3.801642309e-20
6.319550936e-21
6.740975386e-21
3.729992047e-21
3.781409853e-22
2.84647492e-21
8.089025806e-22
4.043640152e-21
1.90732727e-21
2.029016063e-21
8.937334715e-22
6.798719033e-22
3.476200543e-21
4.897621236e-21
3.102471494e-21
5.267381063e-21
6.361404978e-22
2.204286322e-21
1.38314584e-20
1.947370381e-22
6.570724026e-21
2.252142659e-20
2.166370903e-21
6.853399267e-22
5.905258351e-21
5.748817174e-23
3.087701072e-21
1.679588891e-21
3.848108913e-21
1.618892515e-21
1.289126792e-21
1.711893121e-22
3.932409914e-23
2.934420495e-21
5.184482793e-22
3.376828223e-21
1.913224674e-21
1.904402307e-21
1.11239061e-20
4.117764331e-21
6.788189075e-21
1.107848565e-20
2.138844409e-21
1.477832893e-20
5.75643361e-21
2.208424752e-21
1.569968087e-21
4.246247829e-21
2.013838736e-21
1.775748222e-20
4.340416369e-21
1.589769943e-21
1.775025169e-21
3.865150066e-21
1.343554982e-21
1.187368866e-20
1.114218424e-20
6.008469719e-21
1.495424997e-21
1.930926212e-20
1.537334102e-20
2.351249472e-21
2.814166842e-20
2.824532625e-21
3.278395281e-22
1.447077407e-20
2.642258395e-20
8.056745351e-21
1.971269393e-22
4.225911322e-21
3.04672539e-21
1.500208275e-21
7.769579084e-21
7.334949252e-21
5.933454409e-21
1.070948551e-21
1.20892912e-20
4.577120389e-21
3.171413775e-21
9.573221262e-21
3.858103553e-22
1.571113194e-21
2.321419446e-21
2.837505353e-21
2.401630476e-21
4.986578754e-23
4.058878592e-21
3.51362956e-22
6.141558492e-21
1.602698148e-21
2.690975452e-21
1.404577769e-21
5.297065934e-21
7.571965115e-23
3.071000912e-21
7.350683683e-22
1.038066929e-20
9.344871526e-22
1.400839932e-21
2.142121391e-20
2.325898747e-20
2.567228538e-21
6.116450275e-21
1.604165915e-21
7.242351354e-21
3.807739247e-22
9.248934038e-22
3.191172757e-22
3.243199375e-21
6.505694134e-21
3.075327584e-21
7.633143359e-22
2.156753729e-21
6.550067723e-21
1.304221819e-20
2.989105556e-21
8.386503591e-21
3.32547126e-21
7.976267142e-22
4.643498091e-21
4.812368042e-21
5.841514968e-21
4.368756024e-21
3.573293755e-22
1.071481069e-20
1.893186192e-20
5.271070468e-21
1.32326562e-20
9.009174676e-21
5.072417431e-22
3.517666651e-21
1.19100679e-21
1.07548902e-20
1.034189986e-20
1.844821069e-21
2.99777009e-23
1.038893883e-21
8.377696556e-22
9.326966225e-21
1.723709161e-21
2.035594161e-21
1.759572027e-21
1.053812198e-20
2.52813721e-20
1.454857635e-20
3.449160051e-21
4.951996058e-22
1.305563484e-22
2.976443908e-21
1.044922957e-20
1.972486904e-21
1.602666986e-20
1.343398138e-20
2.80398843e-20
2.638441617e-22
2.192802011e-21
6.026270968e-21
3.666023281e-20
3.879037222e-21
5.071385469e-21
1.587863085e-21
3.653000665e-21
7.116264452e-21
1.166156005e-20
3.192720493e-21
5.208919569e-22
2.055159151e-20
2.500767567e-22
3.253840501e-21
3.109478977e-21
4.162000964e-22
1.805062359e-21
3.424624399e-21
2.714064058e-21
4.694235609e-21
3.227878478e-21
2.124738683e-21
4.833840416e-22
6.523159611e-22
3.02437292e-21
1.074218057e-20
4.309911462e-21
2.089785645e-21
1.34991592e-21
3.397118082e-21
1.63798906e-22
1.743390012e-21
3.506504478e-21
1.138686795e-21
2.373277881e-21
6.036109579e-21
3.441246938e-21
4.45403695e-22
8.427163152e-21
1.199967255e-21
6.205699237e-21
9.397366184e-22
4.84108813e-21
1.185451825e-21
5.39009066e-21
2.730317966e-20
1.156052636e-20
2.879883404e-21
4.607505204e-21
5.603006933e-21
2.113052694e-20
1.43539028e-21
1.033443557e-21
1.090754385e-20
1.999545923e-20
2.596932034e-21
3.066902028e-21
8.406985886e-22
7.161486859e-21
6.623188351e-21
1.585790113e-20
7.575174966e-21
1.414752802e-21
4.000279815e-21
2.38675529e-21
2.940593409e-21
8.931214584e-21
2.01748584e-20
2.163393124e-21
5.103198099e-21
3.366028165e-20
2.189306215e-21
9.077729808e-22
9.646838063e-21
9.823312465e-22
3.64786811e-21
2.321386744e-21
4.632368724e-21
7.040683345e-21
2.317552056e-22
5.39446835e-21
3.999120599e-21
5.298415854e-21
1.341440227e-21
2.918829722e-21
5.424615205e-22
1.079560521e-21
7.221430189e-21
1.002283356e-21
6.305392759e-21
2.204647323e-20
2.97358775e-21
2.598560254e-21
5.443679206e-21
1.220340679e-20
6.681769763e-22
9.727440087e-21
2.448516254e-21
4.108858605e-21
2.123818615e-22
4.035687081e-21
4.817075701e-22
7.540095029e-21
3.220866084e-21
1.130506376e-21
4.521490391e-21
2.070334901e-21
1.905443863e-21
1.182330518e-22
4.291543746e-21
2.611052584e-21
4.330185388e-21
3.446593354e-21
4.115769784e-21
3.550807661e-21
4.963270612e-21
3.835959716e-21
9.876140932e-21
3.56406067e-21
2.545140409e-21
2.723923457e-22
7.65161399e-22
4.542882052e-22
1.524596371e-21
4.681149874e-21
5.909011692e-22
4.279403235e-21
9.95894841e-21
1.137010137e-21
3.467974326e-21
2.970871694e-21
1.170070299e-21
9.879483696e-21
1.762159467e-21
4.249501071e-21
3.338528687e-21
4.48574599e-22
4.878810914e-23
6.799421241e-21
4.35689904e-21
5.98117363e-22
5.270973444e-21
2.633214559e-20
1.158830754e-21
2.53565206e-22
1.535373885e-20
8.182430024e-21
2.277152274e-20
6.555755854e-21
4.921958274e-21
4.328131812e-21
6.782849375e-21
1.116633964e-20
4.943265688e-21
1.819134665e-21
2.249292426e-21
3.714386696e-21
4.664256563e-21
7.330820466e-21
1.618726831e-20
7.054885759e-21
4.07043471e-21
2.617623182e-23
4.220252827e-21
6.897440585e-21
1.103449318e-22
1.717033362e-21
6.250769403e-21
9.595836489e-22
1.089856571e-20
7.956964956e-22
1.490252615e-21
1.158085287e-21
4.804496778e-21
3.311969367e-21
1.094004941e-21
1.147305203e-21
1.95442461e-21
2.100849192e-21
3.12828587e-21
1.441758784e-21
2.15251163e-21
6.954895167e-21
6.168727948e-22
3.777662247e-21
5.647201411e-23
2.565199115e-21
7.717300535e-21
3.008984869e-21
4.515428025e-21
5.716559989e-21
4.56197412e-21
1.144481981e-21
1.885120366e-21
9.526696011e-21
1.019856811e-20
7.719576332e-22
1.320026253e-20
3.549724681e-21
7.392423518e-21
8.165991161e-22
2.304445012e-21
1.673269471e-21
2.529556945e-21
1.43102806e-20
1.129345191e-21
9.475482192e-22
6.859360804e-21
5.52717773e-22
5.604597668e-21
2.905307738e-21
7.035382781e-21
1.467528139e-20
1.624984428e-20
2.077707152e-21
2.580811281e-21
8.689761189e-21
2.47711967e-20
1.732352689e-20
1.577498813e-21
1.386388652e-20
1.3453978e-21
3.949335024e-21
1.450451739e-21
3.564669989e-21
4.209355676e-21
3.650263745e-21
7.816060417e-22
2.490202502e-21
5.366147737e-21
4.156831805e-21
2.662132063e-22
4.227677863e-21
6.508403746e-21
2.352970835e-22
7.50136595e-23
2.790115954e-22
1.609230176e-21
5.530766002e-21
2.626770909e-22
4.935840591e-21
4.44364497e-21
1.88755891e-21
1.083888128e-21
2.72663336e-22
3.352914648e-21
4.027746646e-21
1.858393953e-21
1.114106572e-21
3.17448659e-21
5.502227421e-21
1.678528789e-21
3.254417518e-21
5.699348133e-21
1.534399097e-20
7.299247298e-21
7.246159127e-21
1.907005655e-21
2.506566843e-21
2.411227837e-21
2.755655674e-21
5.248386963e-23
2.821968702e-22
2.261036476e-21
5.925171734e-21
6.142761621e-21
7.247888253e-21
2.007454125e-21
1.111005288e-20
2.325353386e-21
2.826526014e-21
2.387551088e-21
7.819266319e-21
5.570997478e-21
9.514132224e-22
1.500736316e-20
3.433589684e-21
2.620347523e-21
2.663354993e-22
1.722865697e-21
4.308925104e-21
2.265976193e-23
2.450008597e-21
4.673644815e-22
8.610612754e-22
7.097363062e-22
1.729590168e-21
3.407699313e-22
1.570051363e-20
3.507151031e-21
2.797482887e-21
5.474087104e-21
1.153393252e-20
5.317222376e-21
1.973487656e-22
1.094109594e-21
2.210715216e-21
6.766253019e-22
3.655414324e-21
2.117735577e-20
2.419325905e-21
7.625809731e-22
1.364161849e-20
6.691464533e-22
8.532741389e-21
1.182040208e-22
3.49418127e-21
4.084715647e-21
5.513534263e-21
7.800661855e-21
1.581764888e-20
4.68177584e-21
1.02483014e-20
2.990482278e-21
6.909397502e-21
3.640197723e-21
1.663398431e-21
6.413079773e-21
1.00425407e-20
5.684293831e-21
5.303795132e-21
9.434368743e-21
1.086786057e-20
1.869748137e-21
1.082211688e-20
6.407705634e-22
8.050928388e-22
1.616117591e-20
2.763157021e-21
4.949396538e-22
1.212753231e-20
1.036081693e-21
7.843763443e-21
1.126318452e-21
2.138496628e-21
3.328490284e-21
5.931614631e-21
2.966729245e-21
5.208396056e-21
1.765195569e-21
2.061215262e-21
4.287036871e-21
1.09629936e-20
6.848851792e-22
4.376345562e-21
4.069886523e-21
6.775543372e-21
4.165268288e-21
1.388804414e-20
4.439735153e-21
3.580347616e-21
1.312690213e-20
3.034089057e-21
2.155575766e-21
7.988737669e-21
4.465016462e-21
2.781381423e-22
4.708275835e-21
3.990913962e-22
5.505444455e-21
2.228549875e-21
4.87639757e-21
2.732259242e-21
1.512449945e-21
5.45634021e-21
4.341689858e-21
2.232270557e-21
2.922231625e-22
1.028654132e-21
8.837768227e-22
5.831044176e-22
6.770954701e-21
2.43420819e-21
3.966159023e-21
3.205972715e-21
8.091949487e-21
3.066374113e-21
4.833819688e-21
3.350632376e-21
3.829249274e-21
3.049522592e-20
8.931701615e-21
4.295755101e-21
3.162926214e-21
1.597666405e-20
1.48288089e-20
9.887500114e-21
2.530508882e-21
1.23318006e-21
8.702500468e-22
1.211124396e-20
1.327754208e-21
9.118184167e-22
7.529868361e-21
2.602822873e-21
1.396803637e-21
9.12498516e-21
3.87647972e-21
1.141416479e-21
1.097552546e-21
4.88935515e-22
7.305485508e-21
6.641908495e-21
1.559928488e-20
2.230035226e-21
4.376867743e-21
3.136843567e-21
2.671396324e-21
4.381071545e-22
4.045046013e-22
8.562389292e-22
1.386415861e-22
1.324463854e-20
1.461368243e-21
1.10970909e-21
2.193898876e-21
5.838331825e-21
1.113363485e-21
1.078208053e-22
4.975522339e-23
3.558651105e-21
6.929302507e-22
2.009978542e-21
1.184895391e-21
2.320227871e-21
2.455008812e-21
4.953331029e-21
3.747885348e-22
4.255327904e-21
3.188067452e-21
1.823830443e-21
1.476851848e-20
2.649795082e-21
5.266103553e-21
4.214589434e-21
4.849784393e-21
1.26009083e-21
4.128315518e-21
2.210596593e-21
1.187266109e-20
4.146068361e-21
1.615206926e-21
1.820983768e-21
3.060609286e-21
1.483642687e-21
1.298725227e-20
6.019291148e-21
5.03266795e-22
3.231227496e-22
2.577860227e-22
1.386396482e-21
3.432691512e-21
2.840034717e-21
9.809861016e-22
3.383180112e-22
1.089896907e-21
2.952354693e-21
2.248131816e-21
4.601412225e-22
4.218790419e-22
4.575118162e-21
3.508926783e-22
6.227259466e-21
4.352878015e-21
2.207279724e-21
4.239804432e-21
8.6592816e-21
1.167097112e-20
1.698714048e-21
8.551730006e-21
2.237481969e-22
2.262470944e-22
2.22165202e-20
3.653496221e-21
6.897607247e-21
4.884099203e-21
3.889791819e-21
6.098074509e-22
1.162855856e-20
5.103674126e-21
1.495549044e-21
2.118816644e-21
2.247201867e-21
1.359199029e-21
4.265666077e-21
3.821407024e-21
2.33952985e-21
8.169204156e-22
9.922050362e-21
3.835168601e-21
2.068052797e-21
2.768651421e-21
1.647645058e-22
4.419242744e-21
3.320834305e-21
3.042003823e-21
2.167451184e-21
1.164979154e-20
6.44041634e-21
2.861941809e-21
2.742154091e-22
1.049551987e-20
6.84069943e-21
1.85454428e-22
9.252750404e-22
8.147561408e-21
1.448653835e-20
8.046420587e-21
2.247477607e-21
2.893112627e-21
2.376660004e-21
1.164288124e-20
4.609463369e-21
4.318664027e-21
7.488871086e-21
2.003414366e-21
1.170749669e-21
1.840062454e-21
8.481970524e-22
4.200176144e-21
1.810062845e-21
7.270212241e-21
1.061628407e-20
1.021404363e-20
9.028329949e-22
1.420067248e-21
4.029967642e-21
2.047225935e-20
5.416924492e-21
8.921972388e-21
1.058148999e-20
1.192191711e-20
1.419111886e-21
4.467807215e-21
1.072403385e-20
5.564458337e-21
9.594637879e-22
1.039752636e-22
8.926394478e-21
2.219734561e-21
1.150715132e-20
3.634410134e-21
1.338631352e-21
3.666053116e-21
2.437511472e-21
3.655516299e-21
4.158499705e-21
1.92647745e-21
2.580268082e-21
1.27279177e-21
9.72270884e-21
4.005237775e-20
5.827044347e-21
7.598501633e-21
1.731655626e-22
5.289679839e-21
1.534581267e-21
2.026915313e-20
3.545267184e-21
2.170112074e-20
6.757167316e-21
8.166821671e-21
7.950296108e-21
7.659454769e-21
7.066490914e-21
5.775020979e-23
2.315214282e-21
1.261081255e-20
7.367420277e-21
6.318532237e-21
3.546987542e-21
9.671764029e-21
4.42132404e-21
1.307371561e-21
3.2295167e-21
1.111998759e-21
5.641293057e-21
4.728566394e-21
7.87266139e-22
2.641601177e-21
8.151091444e-21
6.975322677e-21
9.995493975e-22
3.382429266e-21
3.430602545e-21
1.949535015e-20
1.386917009e-21
2.06692263e-22
4.024746292e-21
1.222081959e-22
2.188728572e-20
1.101576364e-21
4.12121862e-21
9.629283297e-21
3.791997855e-21
7.006331506e-21
3.412720653e-21
1.498570821e-21
4.454719576e-21
7.502511008e-21
1.709544456e-21
9.753767022e-21
9.023631677e-22
5.84751897e-22
2.253920214e-20
4.198849233e-21
6.677846941e-23
4.146178199e-21
9.971872636e-21
3.505820086e-21
1.339426802e-21
7.260556199e-22
3.343713442e-21
3.066885066e-22
3.039399354e-21
6.305833881e-21
5.668219798e-21
5.290587371e-21
1.361270013e-20
3.239721034e-21
6.467458563e-22
3.92422216e-21
4.295271007e-21
2.299876779e-21
4.590614848e-21
1.028661706e-21
6.313051889e-21
7.581718914e-22
1.676080462e-21
5.649074584e-22
2.047898007e-20
9.772744503e-21
1.463496107e-21
3.129600602e-21
1.764490134e-21
2.669432744e-21
5.400563781e-21
4.175956905e-22
2.438719359e-21
6.24612365e-21
5.252819272e-21
1.422795319e-21
1.812080788e-20
3.988841e-21
6.881074416e-22
8.213901426e-21
8.975601838e-22
8.277798027e-22
1.631812095e-23
2.595107085e-21
6.416047765e-21
1.657733017e-20
5.051347569e-21
5.731522924e-22
5.241274623e-21
3.024611753e-22
3.698744288e-21
9.595729112e-24
2.891626464e-21
9.052204355e-22
1.801993687e-20
7.693935814e-21
2.072629918e-21
2.889866258e-22
5.613894398e-21
9.806606475e-21
8.807587619e-22
2.243924503e-22
1.977026511e-21
1.021247579e-21
1.68681084e-20
2.320224199e-21
1.078956069e-21
6.508462304e-21
1.624623191e-21
2.013639618e-21
5.341123441e-21
4.106516665e-21
1.448352688e-23
6.525252877e-21
4.469235187e-22
1.303987484e-21
1.273212219e-22
7.172404264e-21
7.071230938e-21
1.424978776e-21
4.047684412e-21
9.822675002e-21
9.384895244e-22
2.909013875e-21
2.153852033e-21
2.959345397e-21
5.018019818e-21
6.681623776e-21
5.798130504e-21
1.278083172e-21
3.790038027e-21
2.823587775e-21
8.033288023e-21
2.97490879e-21
5.317733522e-21
1.525373633e-20
1.752526504e-21
5.062027743e-21
1.236474301e-21
4.839400616e-22
1.425052492e-20
8.282470769e-21
1.494389177e-20
5.452715793e-21
3.254323805e-21
7.74611179e-21
3.822735335e-22
2.785865237e-21
1.149763104e-20
6.999690764e-21
3.956682329e-21
3.225763978e-21
1.047280143e-20
4.357188508e-23
4.673207388e-21
2.423615649e-21
1.658110133e-21
4.885267524e-22
6.684831602e-23
1.082422345e-21
2.607114691e-21
5.056186602e-21
1.945068861e-22
2.931628889e-21
5.324777829e-21
3.100003924e-21
2.964465468e-21
4.893998216e-21
1.017715058e-20
1.551906819e-21
1.527781867e-20
8.331926341e-22
1.671712323e-20
1.748639553e-21
7.547659712e-22
1.613195121e-21
1.499097966e-20
3.412405917e-22
8.194879043e-22
7.14277662e-21
3.673697226e-21
1.858707553e-21
2.995547493e-21
3.228117522e-21
1.100331177e-20
3.400904871e-21
7.753642998e-22
4.103193119e-21
5.286317035e-21
7.621608468e-21
4.273511686e-21
2.037194908e-22
1.968846437e-21
1.768924726e-21
5.446187185e-22
7.256705067e-21
2.688272405e-21
1.378927441e-21
5.535086533e-21
1.50466452e-20
3.958431492e-21
1.635275004e-20
7.910660526e-21
3.236773754e-21
2.719607324e-21
6.720931982e-21
6.804529422e-21
1.288585814e-21
3.661589067e-21
1.001076906e-20
1.029628263e-20
5.142231505e-21
3.922952228e-21
6.17180597e-22
3.419831552e-21
5.697141334e-23
4.043283065e-22
9.658029465e-23
6.967124526e-21
5.000776916e-21
7.203568481e-21
2.936011614e-21
2.08610071e-21
1.442533762e-20
5.115510442e-21
4.313138138e-21
1.333041305e-21
3.484140718e-21
1.514690469e-21
3.084445539e-21
3.070682009e-21
1.38353916e-22
1.729936857e-21
5.381100909e-21
3.13385639e-21
3.299299664e-21
3.464652536e-21
2.282840944e-21
2.147567265e-20
7.120685029e-21
6.974362842e-21
2.400228629e-21
2.543825e-21
5.803498641e-21
1.262171341e-21
5.572924315e-21
1.103617586e-20
6.099185888e-23
5.438280056e-21
5.950570436e-21
2.135770686e-21
1.463679788e-20
2.749806879e-21
1.154528193e-20
3.166785289e-21
3.557486149e-21
1.736474245e-21
5.199380853e-21
6.33606885e-21
2.217545889e-22
5.641558108e-21
6.787226621e-21
3.613791723e-22
6.776600464e-21
2.371190938e-21
8.009041198e-21
4.611023872e-21
7.768748065e-22
6.490772074e-23
1.530138153e-20
1.041875446e-20
3.579439007e-21
2.929714165e-20
9.502468335e-21
9.533442619e-22
1.264096035e-21
2.943820235e-21
5.444981823e-21
3.934061723e-21
1.088750565e-21
9.636620897e-22
4.097734918e-21
9.117610031e-21
3.513242565e-21
3.142536355e-22
1.942251022e-21
1.901845253e-21
4.612022698e-21
6.056278725e-23
8.591504114e-21
7.340284353e-21
2.401700716e-21
1.303567497e-21
5.284830572e-21
2.399322186e-21
4.531790313e-22
9.729418489e-21
8.752887597e-22
4.093364391e-21
4.545495083e-23
1.387049112e-22
7.371874141e-21
7.849253323e-21
2.457901363e-21
3.200901762e-21
2.294645723e-21
7.792220904e-21
3.618421958e-21
1.566215592e-22
2.43396345e-21
5.228349436e-21
2.531905232e-22
3.069483962e-21
1.15089193e-22
1.986332759e-21
1.057278232e-20
3.003035402e-21
2.536172322e-21
2.902892771e-21
2.64833329e-21
9.669098292e-21
3.39017114e-21
7.707420442e-21
1.848907269e-21
4.488587306e-22
2.101218054e-21
6.264003949e-21
2.663164125e-21
8.980776968e-21
6.083631477e-21
5.161293171e-21
9.904394585e-23
1.984735042e-21
2.349644976e-21
3.152482792e-20
4.101925718e-21
4.230299496e-21
1.16605805e-20
2.5228166e-21
1.736163117e-20
2.622025053e-20
4.894901017e-22
2.349308094e-21
1.921404809e-21
5.418084536e-21
1.42812376e-21
6.932436343e-22
5.852805235e-22
5.950534406e-22
3.366363537e-21
1.116698415e-21
6.196018608e-22
5.810877724e-21
4.637221826e-22
2.035779263e-21
2.564894514e-21
6.608657521e-21
1.061965229e-20
3.993499491e-21
8.388719118e-22
3.630583748e-21
3.375617818e-21
9.897003874e-22
5.788332017e-22
1.340462263e-21
3.75755443e-21
8.83578863e-22
7.12622188e-21
8.487730519e-22
2.029884749e-21
1.941723103e-22
1.073270607e-20
7.113982727e-22
1.416291337e-21
4.098596214e-21
8.591901428e-22
2.351117689e-21
5.666777404e-21
3.246252324e-21
6.498259613e-21
1.594093586e-20
1.924068504e-21
1.51527575e-21
7.645160138e-21
6.424012334e-21
2.036343488e-21
6.264839835e-21
4.263084296e-22
1.353589779e-22
9.573425201e-22
3.179555925e-21
5.075597332e-21
9.40459135e-23
9.331617353e-22
3.8141103e-21
5.519479374e-21
2.710623322e-21
2.069521737e-21
1.66352088e-20
2.614517913e-21
2.875791755e-22
1.174272192e-20
3.058150481e-21
9.018882661e-22
2.179313579e-21
6.209270251e-21
4.822581713e-22
1.050745534e-20
2.81302782e-21
1.661976864e-20
4.533867203e-21
6.133682971e-21
3.495798209e-22
1.115349717e-20
9.546506415e-22
4.86912879e-21
3.008981127e-21
2.116839813e-20
6.153409461e-22
6.238460135e-21
5.408061862e-21
1.612911533e-21
5.603205589e-21
2.195226986e-20
1.861411467e-21
1.010567675e-21
8.149878116e-21
4.764297991e-20
1.123683959e-21
3.45263301e-20
7.418567725e-22
6.566936892e-21
4.65894985e-21
2.415007514e-20
1.015244146e-21
8.842992904e-21
1.18987532e-21
8.357847015e-21
6.862029725e-21
3.010606141e-20
5.056623032e-21
1.321841903e-20
2.093038522e-21
1.252083834e-21
1.028851505e-20
1.778319166e-21
8.877613973e-22
2.884878917e-21
4.858322523e-22
9.145738058e-22
1.778087585e-21
1.561725509e-20
2.296859364e-21
1.330411052e-22
9.112195448e-22
4.888504345e-22
1.408562051e-21
1.674772032e-20
3.085796937e-22
9.366744477e-23
4.299240642e-21
4.964958654e-21
1.080525945e-20
6.885779702e-23
1.271104286e-21
1.217682105e-20
1.545929008e-22
4.435002667e-21
5.31395709e-21
5.103372841e-21
2.19321676e-21
1.565996383e-20
7.390721999e-21
7.95033259e-21
4.715191661e-21
6.89571613e-21
7.773970375e-22
1.055710539e-21
2.035604801e-21
7.864037004e-21
2.30317327e-21
1.037627625e-21
5.726554938e-21
3.148611627e-22
8.498674377e-21
2.074377685e-21
1.253957235e-22
5.095915633e-22
1.928901652e-20
2.009449646e-21
6.488552187e-21
1.554071153e-21
6.514189071e-22
1.566895599e-20
5.614178965e-21
3.712744213e-21
7.349553947e-21
4.880443724e-21
7.900015662e-21
4.453495747e-21
5.504679442e-21
1.188152409e-20
9.951623213e-22
2.195832647e-21
2.806754743e-21
4.303457566e-21
7.253709341e-21
1.18321424e-21
2.060304599e-21
3.657147628e-22
1.331076851e-21
2.135643342e-21
5.971830865e-22
4.595889452e-22
1.040794848e-20
3.653704535e-21
7.911672866e-21
2.850763626e-21
8.364869179e-21
4.527255694e-23
8.18885867e-21
1.122363705e-21
3.254447254e-21
1.32750398e-21
5.68529225e-21
6.945568534e-21
9.641605241e-21
9.807584117e-21
1.770818824e-21
6.725575281e-22
3.705287393e-20
1.129719204e-21
1.877069904e-20
1.764215322e-20
5.613739981e-22
7.563098682e-22
2.605572472e-21
1.416748246e-20
1.081484076e-20
1.463399527e-20
2.168855109e-21
4.679900848e-21
6.444167185e-22
2.653561833e-21
1.789997545e-21
1.554918967e-20
9.259687438e-21
1.867428402e-21
7.060116373e-21
4.877444121e-21
6.182262034e-21
4.143376133e-21
3.034515191e-22
1.616630747e-21
6.345133817e-21
1.205305959e-21
4.550909476e-21
1.701641891e-21
2.003968417e-21
9.933022808e-21
6.801072494e-21
5.586435231e-21
9.202251902e-21
3.243933939e-21
1.717376068e-21
7.8487532e-21
3.767905469e-21
3.696900878e-22
5.342779972e-21
2.745698584e-21
1.924071355e-21
4.406095856e-21
4.766698043e-21
1.26280521e-21
2.539208492e-22
7.52284701e-21
2.589382689e-22
2.409594043e-20
1.863220731e-21
1.350823872e-21
3.059634958e-21
1.632881087e-20
2.167853847e-21
1.567881053e-21
1.583853329e-21
3.905789298e-22
3.200674187e-21
3.213989128e-21
2.3636919e-21
1.916321084e-20
3.571707299e-21
3.816397875e-23
6.065209635e-21
2.612530421e-21
8.121076633e-22
4.315001519e-22
2.886180038e-21
2.442629169e-21
3.290266902e-21
4.452963973e-22
2.878573296e-21
8.291306553e-21
1.918039631e-21
2.753189093e-21
4.612174077e-21
1.756017515e-21
3.664357901e-21
2.05124125e-20
5.051300977e-21
6.887154941e-21
1.089951158e-21
3.753509342e-21
8.899271689e-21
1.81367184e-20
5.942248321e-21
2.429733323e-20
2.368327088e-21
2.789478318e-20
3.354149076e-22
4.962462334e-21
4.125976622e-21
1.336864201e-20
1.7620292e-21
1.679186851e-20
1.892778221e-21
1.886778854e-21
1.277410855e-21
7.823265464e-21
2.274310669e-21
1.078811624e-20
9.6119191e-23
2.157145408e-21
2.024173212e-21
3.043300193e-22
3.205378026e-21
5.368519942e-21
9.193041162e-22
1.774310938e-22
4.214252217e-21
1.804469219e-21
5.10908768e-21
1.119826067e-20
1.381569363e-21
1.25754369e-20
1.244479391e-21
3.526629139e-21
4.219431052e-21
1.852281232e-21
2.861676512e-21
1.74019926e-21
7.410814886e-21
4.936307797e-21
1.553001927e-21
1.004843516e-21
8.428277394e-22
5.875839707e-21
1.416393308e-20
2.605006206e-21
2.574615734e-21
3.923029376e-21
3.869442158e-21
6.647424686e-21
1.206906429e-21
1.034931334e-21
5.748838343e-21
3.570844049e-21
3.616215067e-21
1.175258991e-21
1.272508938e-20
3.449068191e-22
1.230024537e-21
1.214562242e-21
8.62664487e-21
7.781310655e-23
2.438199341e-22
2.885629243e-20
2.535202122e-21
7.83780989e-21
3.12992631e-21
2.402866277e-22
1.488387817e-20
1.764195506e-20
4.145093865e-21
9.723400716e-21
3.572698732e-22
5.804450247e-21
1.080420781e-20
4.080784566e-21
6.380294536e-21
9.97106087e-21
1.245268223e-22
2.189997542e-20
2.505862943e-22
8.890836635e-22
1.266987676e-21
9.891661669e-21
4.457263758e-22
9.367929587e-21
2.200698654e-21
2.299722769e-21
2.35540733e-22
7.981505415e-21
7.615377314e-21
2.211350728e-21
5.140594066e-21
1.239609084e-21
1.563066517e-21
1.041708863e-20
3.265676325e-21
1.967013098e-21
1.105607741e-21
1.732702359e-21
7.394942666e-22
4.304574454e-22
1.241703047e-20
4.551348463e-21
1.414415804e-20
2.709516802e-22
5.314390459e-21
9.649737902e-21
1.035293255e-20
1.483557762e-20
1.279934092e-20
1.813296158e-21
2.319075374e-20
8.766772947e-21
1.02179341e-20
4.736712413e-21
6.158309377e-21
2.567240834e-20
2.557638343e-21
5.817875858e-21
4.84946872e-21
2.814453499e-21
5.013975548e-21
5.76044795e-22
2.979874127e-21
5.278856579e-21
3.329250454e-22
2.323496675e-21
4.253830165e-21
8.558051491e-22
2.149827181e-21
5.009454342e-21
7.304634856e-22
3.665279183e-22
4.775199076e-23
8.23688134e-22
1.242489843e-20
1.556942656e-21
5.920713668e-22
9.08046368e-21
5.774749275e-21
2.7054986e-22
1.275987341e-23
5.789589597e-21
4.424033448e-21
6.680315487e-21
6.235931016e-21
9.482543904e-22
8.366058888e-21
9.330830029e-22
5.569241386e-24
1.765150247e-21
9.270314596e-22
8.950575157e-21
2.783782661e-21
2.345471721e-22
2.921501468e-21
1.849249675e-21
3.687796399e-21
1.123486228e-21
1.355390208e-21
3.043558399e-21
2.997804381e-22
8.566721438e-23
2.54750036e-21
2.229864307e-21
3.909092254e-21
1.235595665e-21
1.238123988e-20
4.184958026e-21
3.871111119e-21
3.979595036e-21
5.027963832e-21
1.522514693e-21
2.099252849e-21
5.940904741e-21
3.61657602e-21
5.501360072e-21
6.873607966e-21
2.42022471e-21
7.679398455e-21
6.100984308e-21
1.446302959e-20
8.61491522e-21
1.66579918e-20
3.945169013e-21
5.004542282e-21
6.761514629e-22
2.571726599e-21
1.447726394e-20
3.332338643e-20
3.654144747e-20
1.25829558e-20
8.915189715e-21
1.192595268e-20
6.818094699e-21
5.83992906e-21
2.360437986e-21
3.792305874e-21
4.290552544e-21
7.697378282e-21
9.998228057e-22
6.023572934e-21
7.033170984e-22
1.161631531e-20
1.06221114e-21
2.942918417e-21
1.556450872e-21
2.628326545e-21
2.711832531e-22
4.160822912e-21
1.188718876e-21
4.707494209e-22
2.769934375e-21
3.334359382e-22
2.796253053e-21
3.988384619e-21
4.729843423e-23
2.538164626e-21
3.112338275e-21
4.954511433e-21
2.909922816e-21
2.237619086e-21
9.595098576e-21
3.48106037e-21
4.439411053e-21
5.653143336e-22
1.147617446e-21
4.574071768e-21
7.317606514e-21
7.314320919e-21
3.243990324e-21
1.377236408e-21
1.903974912e-23
4.178069117e-22
8.483711896e-23
1.008462646e-21
1.380801562e-21
1.009551732e-20
1.074943206e-21
1.934957335e-21
2.680952693e-21
9.69129166e-21
1.482197973e-21
1.93842113e-22
2.349428063e-21
9.944447337e-22
1.228561814e-21
3.000569462e-21
2.946917549e-21
4.490069075e-21
7.845250936e-21
1.359125252e-22
1.892829511e-21
1.144002993e-20
1.637177635e-20
2.444202381e-21
9.912422224e-21
9.861955792e-22
5.243269577e-22
6.895284358e-22
4.007973666e-21
8.265887238e-22
1.471209334e-20
3.362883332e-20
9.083813228e-21
4.123019292e-21
1.977265343e-20
2.110732606e-21
8.71585768e-22
3.245005042e-21
1.050834639e-21
3.454679585e-21
4.231033698e-22
1.426780212e-21
2.016897669e-22
2.945984579e-22
1.510806243e-21
3.245254029e-22
8.381907669e-21
7.631511947e-21
1.211033601e-20
3.441353749e-21
2.468016288e-21
1.030580612e-21
6.203984526e-21
1.035576957e-21
2.814007097e-21
4.133051324e-21
2.934600118e-21
5.521455823e-21
1.062870411e-20
1.118766365e-21
6.183581422e-21
6.926614349e-21
2.546935567e-21
8.995503579e-22
1.772356588e-21
5.249793778e-21
3.462551744e-22
9.739473902e-21
1.081174628e-21
2.529474692e-20
9.1117012e-22
5.494409111e-22
4.384848177e-22
7.297139283e-21
7.819453557e-22
4.003616445e-23
5.82440154e-21
1.28364739e-21
1.214078579e-20
2.860876782e-22
2.42729398e-21
1.561421021e-21
7.473486132e-22
3.37848611e-21
2.159586814e-21
1.930300858e-21
1.353592703e-21
1.271317315e-21
8.234518439e-21
2.479765609e-21
1.21377834e-21
1.190710942e-20
7.089066961e-21
8.451292148e-22
8.285046498e-21
1.233336148e-21
6.155042164e-22
1.037413898e-20
9.839588966e-21
1.68597422e-21
9.097023158e-21
1.382601939e-21
3.69794745e-21
3.991406195e-21
1.124820877e-21
3.087192071e-20
6.172551688e-21
1.828775581e-20
2.616510655e-22
4.039278653e-21
1.870289317e-20
2.81644522e-21
1.456367497e-21
9.299473621e-21
6.791106964e-22
1.255067374e-20
4.366273396e-21
2.586191264e-21
2.136997144e-20
1.889095455e-20
3.219262009e-22
1.77614717e-21
4.108745772e-21
4.929963021e-21
5.106337834e-22
1.405932282e-21
3.610579096e-21
1.826381001e-21
6.148471362e-23
7.190898487e-21
7.118888761e-21
7.122903205e-21
2.61716005e-22
9.170462181e-22
2.785045176e-21
9.814708923e-21
2.17098932e-21
2.720239565e-22
7.60818494e-21
8.849673948e-21
1.008662202e-21
2.948737328e-22
7.422546091e-21
1.149403044e-20
5.229113202e-21
3.257957179e-21
4.402867639e-21
4.927631584e-21
2.281925494e-21
2.220889618e-21
8.73542504e-21
3.76712468e-21
3.50839501e-21
3.473094761e-21
5.214241456e-21
2.868030536e-21
4.634975748e-21
7.344011836e-21
1.851645875e-20
5.606931424e-22
1.92120757e-21
7.021726581e-21
1.118059179e-21
1.404172798e-20
6.559396027e-21
5.901640229e-21
3.536975269e-21
4.1886517e-22
8.517828892e-21
1.012215375e-21
5.656259716e-23
1.55691295e-22
2.799560812e-21
1.913501121e-21
1.909133624e-20
4.900663532e-21
6.571303461e-21
4.425993231e-21
4.366095721e-21
1.312510956e-21
8.768192124e-22
1.151857252e-21
7.545251293e-22
9.317492064e-21
4.585929612e-21
5.491056063e-21
9.285630814e-22
3.6984239e-22
1.079325487e-21
3.020089822e-21
5.043950661e-21
2.347738353e-20
2.220662243e-21
5.482986038e-21
2.843949302e-21
1.638491784e-21
1.343928114e-22
1.627727357e-21
2.287749954e-21
7.149412547e-21
1.786873242e-22
3.492924124e-20
4.367415171e-21
8.857200293e-21
1.625216535e-20
8.781065116e-21
5.143580051e-21
2.105388409e-21
1.907028707e-21
3.834670277e-22
5.18203444e-22
1.849313911e-21
1.378006e-21
1.186222462e-20
1.545977334e-20
1.887321188e-22
3.081810507e-20
4.096418291e-21
9.336124165e-23
8.883529466e-21
2.139244694e-21
1.64270827e-21
3.604070061e-21
3.19051995e-21
7.759678033e-21
2.926855005e-21
1.263053466e-21
1.315860423e-21
7.815801165e-22
1.020185398e-21
2.513749586e-21
2.409287083e-21
2.735624616e-21
2.313923258e-21
9.986940542e-21
6.278152812e-21
2.028366432e-21
1.275161101e-21
2.118459127e-21
3.876909153e-21
4.081106769e-21
9.798653693e-21
1.980518391e-21
9.153148972e-21
1.052805457e-20
7.955311834e-22
8.89478756e-23
6.973389015e-22
1.60604849e-21
8.958219571e-21
7.977037505e-21
7.971714551e-22
5.441616398e-22
1.378637762e-21
4.214345376e-21
5.195188231e-21
3.839011259e-21
5.004968199e-22
5.919490934e-21
6.183874551e-21
7.834506733e-22
4.619257065e-21
6.538540624e-21
2.347980436e-21
1.270697494e-20
3.58015005e-22
5.990955865e-21
3.359980894e-22
4.487176006e-22
4.823414218e-21
2.232023244e-21
8.185683045e-22
3.682662441e-22
1.668376301e-20
3.831629975e-21
5.259486768e-21
2.382035539e-21
3.90954893e-21
1.809106335e-22
3.058458222e-21
3.391084514e-21
1.304124875e-20
1.888739533e-22
6.687676591e-21
4.114451554e-21
2.226880135e-20
7.494906584e-21
6.193389518e-21
2.577637261e-21
5.697260753e-22
1.789921389e-21
8.066025047e-22
2.453183469e-21
6.52081141e-21
1.874908516e-21
4.36827831e-21
1.39026777e-20
2.277639541e-22
6.533392652e-21
3.447972896e-21
1.384277217e-20
1.549220261e-20
7.900229092e-21
4.163134919e-21
2.164808731e-21
8.523205913e-22
3.924023614e-22
7.960894181e-21
1.780287635e-21
1.454124905e-21
6.144849359e-21
2.518687142e-21
1.019340373e-20
6.064613824e-21
3.258490628e-20
5.304712405e-21
2.684371087e-20
3.646700153e-21
1.970068549e-20
1.117102008e-20
7.071604135e-21
3.602598171e-21
2.112873132e-22
1.820312363e-22
7.281729852e-21
2.202161533e-22
1.473226114e-20
7.839895583e-21
3.060379895e-21
1.082245661e-20
2.785555934e-21
2.999845039e-21
1.884961233e-21
1.323190387e-20
1.332067807e-20
1.138333254e-21
5.595362909e-21
1.185015179e-20
3.433921899e-21
4.107689482e-21
2.07308936e-21
1.033432388e-21
7.226318666e-21
5.448953465e-21
9.537280454e-22
6.799212261e-23
7.987058166e-22
2.096834318e-21
1.700292533e-21
7.885859188e-21
8.881177325e-21
8.188366442e-21
9.561316348e-21
1.54301483e-20
1.434135248e-21
5.60532279e-22
4.72443255e-21
1.511069395e-20
2.811164285e-21
7.631362473e-21
4.777953737e-21
6.330120038e-21
2.505010478e-21
1.285852558e-21
1.191133994e-20
8.089900405e-23
7.207847629e-21
7.014390044e-23
1.312760905e-20
2.659743702e-21
1.495887712e-21
1.612100668e-21
4.29890971e-21
7.165725571e-22
4.406022086e-21
2.906715806e-22
4.967424082e-21
1.505562583e-21
8.125428514e-22
2.323498365e-21
6.466548814e-21
1.720714702e-21
2.40987402e-22
4.699437882e-21
1.646495635e-21
9.147764778e-22
6.369100989e-21
1.827024807e-21
9.802839617e-21
9.928021138e-22
2.234751873e-22
1.426304651e-20
2.298453709e-21
2.433214393e-21
1.829682755e-21
1.988354529e-21
7.466944733e-22
5.986841886e-21
6.842534262e-21
2.850761791e-22
8.094858441e-23
1.01616312e-20
4.600077059e-22
4.633050413e-21
3.61310253e-21
7.963583065e-22
6.419647752e-21
1.133579681e-20
2.489779848e-21
2.396127961e-20
2.646828745e-20
2.023667917e-20
5.489494222e-21
3.785615326e-22
4.105404972e-20
1.816903076e-21
1.327962633e-20
2.256404965e-21
2.1073563e-20
8.526707704e-21
3.016865863e-20
1.654576982e-20
7.446250355e-22
3.531362074e-22
2.060800473e-20
1.743536979e-20
9.648205911e-21
3.015954916e-21
9.507238776e-21
3.143655685e-21
2.943539982e-21
2.065639187e-20
5.820316946e-21
4.776606734e-22
4.184070355e-21
7.319129515e-21
3.193758992e-21
7.631924735e-21
1.718945417e-21
3.672019022e-21
6.093440229e-21
4.105877914e-21
8.232812713e-21
1.820190932e-22
6.334218803e-21
5.311737016e-21
6.529102781e-21
1.523451155e-21
4.258178786e-22
8.14145767e-21
1.048041383e-21
4.159796015e-21
3.326229046e-22
2.799746037e-21
7.840652903e-22
3.037382362e-23
8.135073429e-21
3.12415551e-22
2.868994632e-21
3.290503937e-22
3.373628312e-21
4.92941005e-22
4.231597264e-21
1.108903872e-20
9.928961987e-21
1.833683925e-21
2.035700645e-21
1.525351086e-21
1.641807277e-21
8.344893268e-21
4.979752898e-21
6.479126381e-21
3.4497245e-21
1.39282426e-20
1.718691908e-21
8.757808256e-21
1.203719769e-20
3.744041181e-21
1.380056377e-21
1.822468883e-21
5.67256417e-21
1.543877952e-21
2.21994835e-21
1.12465966e-20
8.408870238e-22
1.494442151e-21
3.864471939e-22
2.505429688e-21
3.450140117e-21
9.214418444e-22
2.983085103e-20
5.786362712e-21
5.803755641e-22
8.98969362e-21
1.604920378e-20
5.550350363e-21
2.997182012e-21
1.083055462e-20
1.697327174e-20
2.642344426e-20
6.781143622e-21
1.382765764e-20
1.018843806e-21
3.190645241e-21
3.678577972e-21
1.302212368e-20
5.856819229e-22
7.229903979e-21
2.158271085e-21
1.692816417e-20
1.472472427e-20
6.477789978e-20
4.483772061e-21
6.919330046e-21
5.767777004e-21
1.068000923e-20
8.164950472e-21
1.114663611e-20
9.875163137e-21
4.505483152e-22
1.373769201e-20
1.689444967e-20
1.036222199e-20
1.004071572e-20
9.680773422e-21
1.600981359e-21
1.231555981e-20
3.205198471e-22
1.716859331e-21
1.300618751e-20
2.125797902e-22
1.86612991e-20
1.146842948e-20
9.233532814e-23
1.009093534e-21
2.912072359e-20
1.738692474e-20
1.522751496e-21
3.95635491e-22
6.600398628e-21
1.404897228e-20
1.340998742e-21
1.877321341e-21
1.534809211e-21
4.000345646e-21
1.015690379e-20
4.322376107e-21
6.441402958e-21
1.238939647e-21
3.880062126e-22
5.411750686e-21
1.684066491e-21
5.714550563e-21
1.910224099e-21
6.182071131e-21
4.9870963e-22
1.879975598e-21
9.744670543e-22
6.126323833e-21
1.311727883e-20
8.352046206e-21
4.552234864e-21
1.221871959e-20
4.294982935e-21
9.89932435e-22
4.248114522e-21
2.510486399e-21
2.229187786e-22
2.825991694e-21
7.571829193e-21
6.114144424e-21
4.496199564e-22
1.129676141e-21
3.127950085e-21
2.227116588e-21
3.983221458e-21
5.533745912e-21
6.751217562e-21
6.362419497e-23
1.616257322e-21
3.189851162e-23
4.188461572e-21
6.817234381e-21
5.468338905e-21
1.721245399e-20
7.033342703e-22
6.304455386e-21
1.148004465e-21
2.309234194e-21
1.014349193e-20
1.420785878e-20
9.112225191e-22
7.61980636e-21
4.41364241e-21
3.80809044e-22
1.781897037e-21
3.814617378e-22
1.119078221e-21
9.752635333e-22
6.890249838e-22
1.780104609e-21
5.996190919e-21
5.161285552e-21
2.003986278e-22
5.594687674e-22
5.916422393e-21
3.473852467e-21
2.868373362e-21
6.666024439e-22
2.610368241e-21
3.238939024e-21
3.017509041e-21
2.117146725e-21
6.976072277e-21
1.804983216e-22
2.18513835e-21
1.210988871e-21
5.165146312e-21
1.750023449e-20
2.825570631e-21
5.394191987e-21
1.000043208e-21
7.684473089e-22
4.485846672e-21
5.515658e-21
3.460787379e-21
5.590013303e-22
1.447651492e-21
2.721267448e-21
4.107213386e-21
1.176923465e-21
2.523603137e-21
1.436221511e-21
4.953721272e-22
3.114751127e-21
3.305899711e-21
1.236163949e-21
9.51167056e-22
3.658322271e-21
4.135881383e-21
8.128233735e-21
8.729503612e-21
3.248909265e-21
1.573329744e-21
1.007942342e-20
1.520819936e-20
1.928262412e-21
6.450826585e-23
5.660776494e-21
1.189598173e-20
5.994072995e-21
9.270449954e-21
2.079585015e-21
1.611771222e-20
6.918298648e-21
8.876408392e-21
6.362724023e-21
8.840879139e-22
6.880964928e-21
2.160581486e-20
3.417960284e-21
1.725988362e-21
3.393655989e-21
4.745084952e-20
1.293176389e-20
1.315023447e-20
5.058948345e-21
1.491394018e-20
2.467028092e-22
1.713660135e-20
3.746517021e-21
1.134785915e-20
5.788137761e-21
2.271715997e-21
4.150081257e-22
9.075639512e-21
1.490883092e-22
1.48579443e-21
3.248750596e-21
1.507333436e-20
7.554242936e-21
1.009918172e-21
3.563356007e-21
6.194484582e-21
5.698593645e-21
2.693645101e-22
5.677246621e-23
1.474853047e-21
1.953758141e-21
4.125709963e-21
5.06118493e-21
2.064255809e-21
2.809118717e-23
5.457947381e-21
7.307731161e-21
1.854946354e-21
3.635578242e-21
9.654801656e-21
1.549013748e-21
1.904436057e-21
4.065684077e-21
2.775992139e-22
1.795105197e-20
1.240445022e-22
9.338947172e-22
1.364238122e-21
1.038442714e-21
1.254650938e-21
2.297224421e-21
1.063316151e-21
1.138870295e-20
1.404228376e-21
6.641549876e-22
3.990256761e-21
2.092492974e-22
3.48214087e-23
1.208845094e-20
2.272497406e-21
1.531276357e-20
2.61619405e-21
4.226500432e-21
2.942652846e-21
6.916866891e-21
5.789871494e-21
1.401831999e-22
9.684713942e-21
3.782235023e-22
1.093463706e-21
6.690305139e-21
1.240427329e-21
6.72936191e-21
4.178803018e-23
8.477625578e-22
3.962343157e-22
5.16505907e-22
3.074544869e-21
8.756080149e-21
3.443980127e-21
8.828442656e-23
1.757221874e-20
3.61384916e-20
4.012955945e-21
2.401094572e-21
1.498820668e-20
1.752103432e-21
2.002214206e-20
1.166414762e-20
2.262817474e-22
2.237913633e-21
1.032769374e-20
8.431013369e-21
1.532934892e-20
7.225942532e-21
1.016735079e-20
7.929470583e-21
1.5177801e-20
7.121436609e-22
5.110055792e-22
3.204204666e-21
5.829917723e-22
7.208640518e-21
7.067533207e-21
4.478907556e-21
4.225863837e-21
5.704166914e-21
4.6167903e-21
2.379987546e-21
7.593679923e-22
5.344931587e-21
1.355756368e-20
4.153684743e-21
4.779362515e-22
4.170451641e-21
4.466339496e-21
1.28319203e-20
2.097613014e-21
7.034162835e-21
3.106200209e-21
8.877118163e-21
5.44171762e-22
1.266388427e-21
1.551098842e-20
4.743757444e-21
4.959097664e-21
5.013602735e-21
6.50403861e-21
1.543606294e-20
6.79784876e-21
2.062584647e-22
1.577051757e-21
4.309224391e-21
7.281925634e-22
5.411185131e-21
5.315446938e-21
4.613550861e-21
1.98517649e-20
1.014160141e-20
2.380155285e-23
8.337192278e-23
3.941959374e-22
5.821542581e-22
3.348214963e-21
4.64367904e-22
7.50229922e-22
7.5428206e-21
1.847731861e-21
1.698850598e-20
7.916716809e-22
8.082273771e-21
2.091503988e-20
5.898064588e-21
3.764102791e-21
4.754819158e-22
4.752777199e-22
1.345660777e-20
6.914557979e-22
2.06957869e-21
1.123573411e-20
1.519012268e-20
3.090382404e-21
7.733612953e-22
1.134716779e-20
1.208551182e-21
5.348459894e-22
1.204180789e-21
1.188218269e-21
3.716075097e-21
5.874373794e-21
4.385371625e-21
4.559962665e-22
1.665334621e-20
9.560846293e-21
1.25403579e-20
1.641955441e-21
4.672905322e-21
3.412659471e-21
1.25996055e-20
1.48054672e-20
3.867666335e-22
7.554356457e-22
9.132051855e-21
1.126139768e-21
8.540208056e-21
1.740697936e-20
4.779337391e-21
7.439815791e-21
4.347500159e-22
5.270805455e-21
5.516490972e-21
2.563906032e-20
2.086376886e-23
1.504077048e-20
6.567795963e-21
1.381235486e-20
2.459385755e-20
7.499894899e-21
9.106274073e-21
2.024056576e-21
8.334527428e-21
7.815528124e-21
1.099916754e-21
1.974760647e-20
5.177762852e-21
6.903791739e-21
5.242592424e-22
6.47342108e-21
9.336580492e-23
1.348780685e-20
1.547626632e-20
2.709384192e-21
5.822829709e-21
1.667262628e-21
5.575493824e-21
5.22545084e-21
2.981367269e-21
8.074413046e-21
5.489915115e-21
7.733047008e-21
3.708407969e-21
6.891145146e-21
5.062783915e-21
3.251059277e-21
2.113206326e-21
1.663922583e-20
5.185856763e-21
3.261025544e-21
1.050526625e-21
1.527810206e-21
1.184876573e-20
7.525749044e-21
3.5618888e-21
9.611390813e-21
2.992408151e-21
6.324464631e-21
2.072111243e-23
2.307268767e-21
1.58507878e-21
1.652520914e-21
9.759894992e-22
2.089203996e-21
1.674463605e-21
7.089967329e-22
1.048139457e-21
1.041891736e-21
1.278047726e-20
4.363880233e-21
2.517092305e-21
3.941428212e-21
5.768896856e-21
6.473937212e-21
1.110275499e-21
4.529947801e-22
8.705291955e-21
4.401298136e-21
9.435572326e-22
5.672029504e-21
4.399866286e-21
5.819048828e-22
4.046604938e-21
7.304905539e-22
2.945284309e-21
1.623624327e-21
3.976342929e-22
1.588342435e-21
1.131305413e-20
9.820778756e-22
1.070603592e-20
2.386358623e-22
2.183837737e-21
6.643538817e-21
4.984328769e-21
5.245058149e-21
1.019322751e-20
1.955775253e-20
3.193088239e-21
2.907752187e-21
4.059949121e-22
1.271088878e-21
1.257118098e-21
8.027125479e-22
3.070026997e-22
1.781530075e-20
3.768172127e-20
1.324159725e-21
6.175291297e-21
2.30732191e-20
9.451837802e-21
5.761702162e-21
1.2353488e-22
5.723503008e-21
2.843934394e-21
2.085312896e-20
8.890283933e-23
9.163839272e-24
2.54779425e-23
1.012323949e-20
5.312304632e-21
1.106764165e-20
1.926061098e-20
1.385044058e-20
1.396378359e-21
1.600768243e-21
3.553793892e-21
2.901700731e-21
2.542712818e-20
2.031705949e-21
7.659273291e-21
1.730618548e-20
1.189756706e-21
8.739956108e-21
2.554755886e-21
1.774242053e-21
3.555296521e-21
1.452672004e-22
3.53717501e-21
9.6023972e-22
3.542223082e-21
1.230333814e-21
5.18463273e-21
3.734913445e-21
1.525454698e-21
6.817841893e-21
5.052127329e-21
6.964304993e-21
5.704715348e-22
5.100876095e-21
1.918613579e-21
1.288405101e-21
4.95295338e-21
1.550073688e-21
1.233777967e-20
4.439752555e-21
2.136413619e-21
2.899909742e-21
3.137102617e-21
6.281595376e-22
2.528353529e-21
6.614947838e-21
3.727544611e-21
3.634465786e-21
3.778449069e-21
4.267751549e-21
1.799554575e-21
7.08488448e-22
2.921138573e-21
9.99166814e-21
2.872170626e-21
2.818638388e-21
1.754495995e-23
5.187775641e-21
2.705076947e-22
2.463934773e-21
1.803382644e-21
8.299207342e-21
2.386591728e-21
1.091490218e-21
4.993673512e-21
4.034275601e-21
9.080479541e-22
3.919379515e-21
8.040271762e-21
6.647649453e-22
3.260252276e-20
1.842770011e-21
1.37349143e-22
1.3698718e-21
2.264780445e-20
9.951490183e-22
3.635775641e-21
5.572748558e-21
1.511254958e-21
2.771683344e-21
5.914575296e-22
4.723003958e-21
7.083508209e-23
8.900395606e-22
2.848913106e-22
3.640242842e-21
2.074776514e-21
6.760119607e-21
6.897584175e-22
6.935310855e-21
5.243803704e-22
4.018530423e-21
3.862444707e-21
4.270775216e-21
8.81900084e-21
2.525932567e-21
4.675545223e-21
3.707051542e-22
2.958121809e-21
3.649343268e-21
8.530207859e-21
1.516678906e-21
9.754203649e-21
3.256473243e-21
2.258320168e-20
2.119103521e-20
1.882796964e-21
7.561165974e-21
1.455428874e-20
6.340052665e-21
1.198808373e-20
9.040141653e-21
1.289048131e-20
8.066073863e-21
9.236764984e-21
1.412341796e-21
1.69077913e-21
4.0285925e-20
1.492109195e-21
8.1169649e-21
3.495335185e-21
2.362148249e-21
6.30274713e-21
2.404757731e-21
1.071790896e-20
1.444657567e-20
5.827273547e-22
2.235971051e-21
9.273743283e-22
2.771541493e-21
1.574598663e-20
6.169369919e-21
3.032398234e-21
8.716457198e-23
1.116838691e-20
3.887627995e-21
8.864959099e-21
1.654259808e-21
1.617462585e-21
2.73557496e-21
8.224633387e-22
9.693479421e-21
6.493451477e-22
6.814467459e-21
2.884844569e-21
6.936385851e-21
1.80437927e-21
4.250123719e-21
1.342532593e-21
2.652896168e-21
3.03773357e-21
4.569996598e-21
4.629199153e-21
6.480160988e-21
4.105953358e-22
4.152225658e-21
2.722459935e-21
7.039849342e-22
2.808347315e-21
1.152482625e-20
2.68829663e-21
1.22435963e-20
1.427993486e-20
5.72934254e-21
3.840319078e-21
2.615608366e-21
1.158197242e-21
4.063971278e-21
1.775035833e-21
5.890821752e-22
1.285165524e-21
3.977059917e-21
1.94230707e-21
9.928045799e-21
5.929090923e-21
1.379969021e-21
5.837440357e-22
2.065711358e-21
3.839545389e-21
1.053082623e-21
6.010915258e-22
8.696929494e-22
7.686588025e-22
2.391449003e-21
4.526756908e-21
1.730731204e-20
4.419454605e-22
5.744885516e-22
7.874575347e-21
4.981841713e-22
1.443289146e-21
8.915951199e-21
1.334595579e-21
1.51760071e-21
3.496879364e-21
1.143737679e-20
3.212899021e-21
4.280782136e-21
2.232838299e-23
1.634054173e-21
2.337532714e-22
4.037246939e-21
5.25075107e-21
5.784247059e-21
9.152122866e-23
4.767708574e-21
1.200777096e-20
3.023058241e-21
1.407421905e-21
2.409726931e-21
2.457928316e-21
7.576533276e-21
2.186455853e-21
7.328290364e-21
1.164440692e-21
6.601915439e-21
1.20000365e-20
2.936893711e-21
6.271279575e-21
2.214695048e-21
3.08096491e-24
2.699251699e-20
7.855837007e-21
4.487842803e-20
8.991989557e-21
7.440660214e-22
2.486827082e-21
2.237632971e-21
1.844219536e-21
8.078640341e-23
3.868005689e-20
1.002766352e-21
7.379767319e-22
8.269469601e-21
1.831033882e-20
9.283663736e-21
5.996386638e-21
2.370378035e-20
6.627761074e-22
1.05403756e-20
3.021844414e-21
6.898579873e-21
4.685939269e-21
1.6455691e-22
8.470935427e-22
1.122733396e-20
9.594148382e-22
1.176350678e-20
6.251584197e-21
1.137269901e-21
5.573405462e-21
2.596702942e-21
6.959919963e-21
4.149059463e-21
2.528528627e-20
2.615396525e-21
1.321923378e-21
1.572631879e-22
2.879129605e-21
3.081672933e-22
3.870599092e-21
8.19154797e-21
2.811336601e-21
3.277723119e-21
3.955767932e-22
5.86111303e-21
1.218901213e-21
4.122738421e-22
2.589705619e-21
1.268360567e-21
6.140239303e-21
5.130629525e-21
4.506040219e-21
5.811445801e-21
2.639654581e-21
2.961487443e-22
7.290365718e-21
1.250277087e-20
3.204480904e-21
6.119371536e-21
1.478361546e-20
6.121285111e-22
1.531531922e-21
1.980302224e-21
1.539727876e-21
1.191139905e-21
2.955805642e-21
4.97532038e-21
1.797328732e-21
3.490281276e-21
1.413367538e-21
2.442088268e-21
4.568977168e-21
4.210158356e-21
2.352624479e-21
2.091631972e-20
1.210611914e-20
5.277496994e-21
2.866998946e-21
4.320293189e-21
1.121107733e-21
1.050317934e-21
6.711526453e-22
7.28409183e-22
1.285777675e-21
1.55185822e-20
1.089669032e-23
1.046511301e-20
4.180738476e-21
8.667645658e-21
3.401228351e-21
1.545865393e-21
3.015513416e-22
1.30830062e-21
1.091965966e-21
1.417580034e-21
3.74050086e-21
1.52316215e-21
1.865552032e-21
8.620933872e-21
5.787898108e-22
3.043265588e-21
6.835534386e-21
1.64773979e-20
1.043661081e-20
3.423627798e-22
2.969548874e-21
7.918449127e-21
8.489982847e-21
4.764364251e-21
2.669665144e-21
1.340909424e-20
4.775714376e-21
3.386018762e-21
1.005868108e-20
1.590899831e-21
3.462591249e-21
4.102885706e-22
3.915840246e-22
6.361543761e-21
1.339542669e-20
2.329802787e-21
1.382226688e-21
1.017869451e-20
4.826760332e-21
1.566460577e-21
1.337018672e-21
5.840889664e-22
7.531754423e-21
3.943194157e-22
1.54259162e-21
5.661223738e-21
5.930961887e-21
1.60998025e-21
1.070090091e-21
2.933703487e-21
1.92999264e-20
2.694322986e-21
2.621381366e-21
1.967609065e-21
7.045254537e-21
3.325138357e-21
5.753598653e-21
4.274536152e-21
4.040453738e-20
1.240821822e-21
2.753012377e-20
7.217423286e-21
3.824632453e-21
6.100611133e-21
4.28687511e-21
4.684140903e-20
5.748806622e-21
2.308706232e-21
9.40996769e-21
4.615649248e-21
7.434560163e-21
9.005393584e-22
4.022320972e-21
4.205268707e-21
1.314077868e-20
1.259718577e-20
5.949683278e-22
5.837662049e-21
2.57757026e-21
9.828787521e-21
1.232215612e-20
1.458386788e-20
1.030240545e-20
2.953906714e-22
3.048458171e-21
4.109321692e-21
7.326213645e-22
1.040636326e-20
2.865105287e-21
3.253460387e-21
5.476807901e-22
3.907632638e-21
7.952618451e-22
5.177428953e-22
1.264036815e-20
1.328464382e-21
1.334596146e-20
2.918623386e-21
2.60292209e-21
2.193400107e-21
7.284232974e-21
5.052190245e-21
8.098496879e-22
4.373577684e-21
2.17741497e-22
1.050578353e-21
8.959694977e-21
1.197499303e-21
6.903570534e-21
5.675852127e-21
5.166214864e-21
9.719145641e-21
1.506194169e-21
1.126988902e-21
5.690894177e-21
4.973725248e-22
1.486256047e-21
9.352871696e-21
6.97018984e-22
5.927432449e-21
3.6147334e-21
6.446947409e-21
5.028757283e-21
8.690301524e-22
1.951109842e-24
7.778470729e-21
1.01148285e-21
3.337714798e-21
6.877944105e-21
7.897440213e-22
2.306869915e-21
2.952892877e-21
1.516919449e-22
1.380779914e-20
7.891385458e-22
4.022082357e-21
4.413364882e-21
1.011384213e-20
3.447427846e-21
1.146329076e-20
9.456502682e-21
1.106673757e-23
5.072945277e-21
5.796472114e-22
1.348829859e-21
2.382435571e-20
5.0671137e-21
2.269666799e-22
6.072486945e-21
2.847890138e-21
9.11152222e-21
9.605205777e-21
9.360433879e-23
9.852339014e-22
3.024388659e-21
2.759157049e-22
3.410031051e-21
1.25112321e-21
4.713450794e-22
3.525929566e-21
6.876313475e-21
4.753063648e-21
2.892981038e-21
9.384504463e-22
2.676955934e-21
1.635611509e-21
1.001061159e-20
2.740891098e-20
1.431897833e-22
2.647737947e-20
1.807710253e-20
2.094057011e-20
6.883558737e-21
1.366719575e-20
1.672287768e-20
1.426201573e-20
1.148757785e-20
1.906887874e-22
2.147216788e-20
2.416857708e-20
4.438345529e-20
2.209855317e-21
2.527266788e-22
5.721279988e-21
1.874327247e-20
6.558953205e-22
4.376958157e-21
2.870752106e-20
7.041448494e-21
7.447518114e-21
8.031075018e-21
1.071267686e-21
3.699179408e-22
3.271854731e-21
3.124407464e-22
2.939273759e-22
1.604997653e-20
7.820138099e-21
6.004284582e-21
3.771667736e-21
1.409874416e-21
2.898821832e-21
3.238532769e-22
5.060774744e-22
3.360912003e-22
5.189528531e-22
2.677200906e-21
1.565581772e-21
3.614659556e-22
1.223514544e-20
8.700834562e-24
2.234191396e-21
4.328654881e-21
5.322305516e-21
2.763649922e-22
4.746780625e-22
1.22097074e-20
9.098343022e-21
8.489927884e-22
1.730024603e-21
8.109304125e-21
3.586364846e-21
1.517731938e-21
1.033167159e-21
4.50413089e-21
4.196564896e-21
2.466056525e-21
8.712513751e-22
4.26091427e-21
1.698866013e-21
1.243357797e-20
7.260391599e-21
8.00926239e-21
4.545570447e-21
3.777149111e-21
9.622008244e-22
2.305456713e-21
4.28556426e-21
3.746509517e-22
4.483275441e-21
3.270512683e-21
1.817303949e-20
8.736234333e-21
9.749705801e-21
7.352265645e-22
5.558412147e-21
5.554244289e-21
2.304203954e-21
1.951526425e-21
1.226559203e-21
9.255636987e-22
1.049046918e-20
9.418025189e-22
1.066167428e-20
5.077959788e-21
1.119681857e-20
3.59268166e-21
1.182081532e-21
2.272665026e-21
3.507661497e-22
9.258212677e-21
6.579256148e-22
1.012178949e-21
7.482847856e-21
9.727630704e-22
1.994497713e-21
3.536375959e-21
1.349122198e-20
3.489968115e-22
3.758614831e-21
4.507590806e-21
1.376851646e-21
9.337025445e-22
1.942691476e-21
2.788650565e-21
2.292162961e-21
1.476167236e-21
9.784158274e-21
9.4898666e-21
6.959588641e-21
2.146149595e-20
4.121255454e-21
6.138836215e-23
4.568239871e-21
2.13395296e-21
2.567216632e-21
7.63929721e-21
4.703935872e-22
2.887366442e-21
4.353523171e-21
7.600628604e-22
4.29970533e-21
1.919262233e-22
2.406297345e-21
9.406318439e-22
1.404765316e-20
2.128220125e-20
9.131495516e-21
1.940315427e-20
2.865972088e-20
1.016984249e-20
1.927804342e-21
9.514811963e-21
2.690562879e-21
4.007337683e-22
6.930154272e-22
4.165674293e-20
2.091098168e-20
8.621144961e-21
1.949459655e-20
2.516752326e-22
3.532108339e-20
3.39463281e-21
1.38486397e-21
2.330984121e-21
5.626672337e-20
2.562111324e-22
5.113403579e-21
1.137071147e-22
1.630904925e-21
7.908657696e-22
3.28097635e-21
1.337847072e-20
1.775867641e-21
2.400613067e-20
4.927862108e-21
1.315285515e-21
1.382164794e-20
2.890806772e-21
5.551533578e-21
3.841951045e-21
9.260566783e-22
2.094452556e-21
7.417015857e-22
1.436555282e-20
1.533499071e-21
9.093494114e-21
6.049617569e-21
6.10874946e-21
3.597648269e-22
3.019611407e-21
4.491059396e-22
2.01473988e-21
3.664332714e-21
1.082693961e-20
1.892466427e-21
1.122443586e-20
4.208216751e-21
4.396514718e-22
9.503641736e-21
2.837325754e-21
4.941726701e-21
4.457534481e-22
3.719536992e-21
1.215365366e-20
2.725820266e-21
1.286223321e-21
1.476501362e-21
5.636016626e-21
1.08068056e-20
2.128554218e-22
7.950523864e-21
3.3592238e-22
4.740398385e-22
5.011683851e-21
5.561070684e-21
3.147759624e-22
1.899111882e-21
7.369274382e-21
1.144682246e-20
1.893187922e-20
2.437976426e-21
1.276493634e-23
1.157689471e-20
5.284129857e-21
3.745736077e-21
1.150811133e-20
5.294485779e-21
6.725034864e-21
1.077620271e-20
1.486021209e-21
7.644704447e-21
1.337132595e-21
2.766088519e-22
6.230306331e-21
4.797481657e-22
1.769830682e-21
5.902716458e-21
5.161918146e-21
4.183135885e-21
6.921108987e-22
2.229447108e-21
2.872780303e-21
2.780717024e-21
5.720329417e-21
5.160964984e-21
1.113091977e-21
3.088409729e-21
3.786487855e-21
3.628449761e-21
4.601134428e-21
2.406516719e-21
2.601240337e-22
3.774056805e-21
4.86271552e-21
1.664971544e-21
8.132237556e-21
2.157562807e-21
1.996736262e-21
2.861381335e-21
4.836543171e-21
9.980081696e-22
1.01750316e-20
9.141376966e-21
2.440411963e-20
1.707890237e-21
1.824357022e-21
6.260109181e-21
4.168320612e-21
1.232657422e-20
7.176431485e-21
9.077404021e-21
1.520383856e-20
1.252243702e-21
7.925962671e-21
2.189731279e-21
8.741501792e-21
4.986585809e-21
2.124202529e-21
2.198820284e-20
1.872753367e-21
2.11901659e-21
3.080607066e-21
3.20135586e-21
3.835855541e-23
7.673946817e-21
3.023318189e-20
9.471395476e-21
3.770172472e-21
7.451669153e-21
1.069880385e-22
6.845444035e-21
1.2595136e-20
7.46480609e-21
2.078562349e-21
3.642446851e-20
5.463523461e-21
5.386149069e-21
2.026188696e-21
1.198852915e-20
1.073424468e-21
2.722207919e-21
5.267414194e-21
2.066289837e-21
9.56739288e-22
8.164426522e-21
1.73286957e-21
1.689145473e-21
3.181166006e-21
1.64529161e-21
9.777551789e-23
1.80870185e-21
1.867544692e-21
8.24371339e-21
8.736899201e-21
4.337413024e-22
2.198712964e-20
2.36119848e-21
7.139003323e-21
2.49915688e-21
1.843300451e-22
2.822072908e-21
2.229029328e-21
1.197077975e-20
4.369667962e-21
2.321762932e-21
8.548299144e-21
2.724150583e-22
4.412513612e-21
7.531007645e-22
2.377989135e-21
6.066026102e-22
6.922342608e-21
2.491150114e-21
2.499877195e-21
8.001536136e-21
2.917352691e-21
1.268501065e-20
4.357256842e-23
2.083517413e-21
4.562451424e-21
6.894728945e-21
4.811383452e-21
2.293201714e-24
7.778894577e-21
6.196387115e-22
1.913840295e-20
1.291854873e-22
1.145050584e-20
2.568223766e-21
2.196639386e-21
1.146824046e-24
8.852496402e-21
9.679939511e-21
1.585895664e-21
4.554041465e-21
2.312934451e-22
2.229893239e-21
4.151299072e-22
8.176737158e-21
4.75584901e-21
3.119727512e-21
2.111607346e-21
2.315611473e-21
1.820260549e-22
9.050630808e-22
7.046473017e-22
3.220522277e-21
9.943475008e-21
4.453823737e-21
1.892828607e-21
4.244803821e-21
7.166920295e-22
4.344343625e-21
5.971532915e-21
5.579911037e-21
1.468774839e-20
6.2322152e-21
2.308872833e-21
5.547087346e-21
1.371636525e-20
1.702366055e-20
2.34283102e-20
1.527792519e-20
3.993208923e-21
1.281767223e-20
9.189582134e-21
5.762194087e-21
3.397049235e-21
3.571872221e-21
8.132760078e-21
1.659443049e-21
6.334809537e-21
3.206129759e-21
6.984970907e-21
2.235383216e-21
2.590283482e-21
1.424620923e-21
1.054555127e-22
2.873533331e-21
3.602251348e-20
4.215937481e-21
9.855507886e-21
5.933636423e-21
8.392126508e-21
1.684687966e-20
2.354795006e-21
1.118305565e-21
3.131725201e-21
1.891935621e-21
2.487194867e-21
4.421525709e-21
3.197165832e-22
5.738652702e-21
5.978996799e-22
2.154205023e-21
3.11411062e-21
2.877253281e-21
1.726069919e-20
6.124951754e-21
3.408644022e-21
6.818900002e-21
1.652751152e-21
4.799604147e-21
3.12724605e-21
1.737488168e-22
5.808469501e-21
2.152913704e-20
7.043357308e-21
7.470799287e-22
1.250037632e-21
1.590007045e-22
2.23481444e-21
5.101144273e-22
2.839119543e-21
5.053727066e-22
2.211816881e-21
1.260124266e-20
3.206489076e-21
2.620435221e-22
3.962824317e-21
3.783133568e-21
2.073101992e-21
3.052606621e-20
1.228160707e-21
1.615863433e-21
2.585483498e-22
5.296155108e-21
3.292429635e-21
8.328077552e-22
1.354258122e-21
2.260188915e-21
1.63658156e-22
3.251412043e-21
7.033126465e-21
8.261361241e-21
4.544103475e-21
5.254744246e-22
3.158548657e-21
2.00854804e-22
8.684783522e-21
7.546202106e-21
5.198751223e-21
2.192243173e-21
3.717007704e-21
1.949050843e-21
2.156592165e-21
2.516403581e-22
8.232823942e-22
2.239669133e-21
5.345352753e-22
7.945857297e-21
5.299673436e-21
1.056027348e-20
5.840383617e-22
4.486000965e-21
9.061113944e-22
5.221917368e-21
1.324583989e-22
4.899525097e-21
3.64109831e-22
6.061594555e-21
2.610041729e-21
7.041562395e-21
4.962483542e-22
1.009785997e-20
1.570335726e-21
4.222684111e-21
1.153185457e-21
1.118741089e-21
5.760460777e-21
2.98016332e-21
3.408126668e-20
1.698995746e-20
3.825637295e-21
1.859007229e-20
1.214549717e-20
1.333026251e-21
7.362691884e-22
4.3103367e-20
6.922504107e-21
4.289533167e-20
3.778564198e-21
1.086352883e-20
6.331972699e-21
1.740082319e-20
2.751633319e-21
5.532766474e-21
1.413658708e-21
9.299397805e-21
1.442818186e-20
3.346980866e-20
2.010052315e-21
7.154373159e-21
3.947353911e-22
2.682830666e-20
1.823171038e-22
1.651809027e-21
1.822727692e-20
2.453162077e-21
4.571240987e-21
7.221317059e-21
1.067465201e-20
2.935245902e-20
3.337075117e-21
5.699466973e-22
4.499838913e-21
1.39623372e-21
8.995013649e-21
2.587979751e-21
7.423934907e-22
1.170420026e-20
8.57709576e-22
1.567486361e-20
1.250320007e-21
4.825297063e-21
2.871413694e-21
4.94539685e-21
8.47998457e-22
3.302856645e-21
2.269381274e-21
9.129490568e-22
8.713467518e-21
4.724664074e-23
4.729005047e-21
2.224887095e-21
2.879530566e-21
1.258459403e-21
7.784180931e-21
6.727251963e-21
2.494198647e-22
1.744218517e-21
2.196644318e-22
8.17004693e-22
5.406199902e-21
4.262922648e-21
4.249137984e-21
6.775456194e-21
2.27119678e-21
2.186405106e-21
4.169631647e-21
7.603020035e-21
1.608063991e-21
3.891230365e-21
4.118510778e-21
4.04905224e-21
1.307589513e-21
2.152268303e-21
4.354221405e-21
2.061718589e-21
1.561993982e-21
4.320059131e-21
4.998759366e-21
9.788553765e-21
2.783941615e-21
3.256904438e-21
1.930996472e-22
2.460973633e-21
8.544668253e-21
4.275549234e-21
4.704702027e-22
8.065524446e-22
8.04193648e-21
1.440935407e-20
1.15847623e-21
2.459873231e-21
1.788785277e-21
2.092913453e-21
1.86138143e-21
4.764939487e-21
3.992763956e-21
3.361824683e-21
5.096108977e-22
2.509395346e-21
8.502101781e-21
1.736478906e-21
7.729645817e-24
1.491023935e-21
5.598324196e-21
1.091303093e-21
1.71411721e-21
5.275658469e-21
7.722138935e-21
2.839277175e-21
1.424764539e-20
2.064471202e-21
4.275658554e-21
2.128436176e-21
4.19987111e-21
1.219450813e-20
1.273927411e-21
1.33306014e-21
3.253797829e-21
6.674640118e-21
6.235769596e-21
9.282909107e-21
9.681695834e-22
3.205884071e-20
2.755443408e-20
4.809203e-21
8.57621771e-22
5.320792126e-21
5.576850263e-21
2.933791757e-21
9.748369072e-21
1.460992225e-20
1.914888074e-20
3.398345141e-21
3.226271051e-21
6.194527287e-21
1.289697658e-21
1.756504656e-21
2.844823928e-20
1.456256045e-20
1.752277421e-21
5.845362783e-21
2.251626816e-20
1.532757738e-20
1.494966114e-21
1.950120737e-20
2.405045375e-21
2.308975571e-21
7.628502832e-21
3.374582491e-21
3.638156468e-21
4.810252017e-21
7.34288706e-21
3.727897786e-21
1.265216516e-20
1.794586411e-21
7.184480482e-21
3.582442889e-21
1.607050844e-22
4.617514282e-22
4.632106841e-21
1.236523573e-21
7.622564046e-21
8.913230543e-21
1.82627857e-22
4.307204264e-21
3.092837119e-21
3.047654682e-21
9.329948332e-22
3.297240727e-21
1.079994223e-21
2.814395093e-21
5.078411594e-21
3.351502138e-21
8.089266831e-21
3.955731577e-21
5.641571322e-22
5.790245986e-21
2.741016704e-21
3.972172342e-22
2.721619245e-21
8.530204853e-21
9.497086953e-22
1.734508321e-21
6.034992373e-21
3.311158127e-21
8.130470384e-21
1.19340749e-20
7.408400823e-21
5.699153021e-21
2.626605877e-21
6.033219109e-21
3.890202256e-21
2.280020201e-21
3.241803006e-21
1.181235065e-20
1.370363767e-20
1.643623252e-24
2.254123496e-21
6.254348897e-22
3.942772362e-21
6.127551932e-21
2.053953395e-21
1.227376427e-21
3.215732321e-21
1.621228383e-21
1.938247351e-22
3.456592661e-22
1.091410594e-20
6.11267673e-21
2.40017125e-21
5.099392523e-21
6.182733061e-21
3.286407781e-21
5.830553425e-22
5.030446969e-21
2.401965307e-21
1.567303091e-20
2.012728317e-21
2.450549365e-22
1.408887854e-21
1.871429034e-21
2.928164436e-21
7.073253855e-22
7.360540432e-21
1.158575677e-20
3.643257414e-21
6.725916649e-23
6.87695567e-22
1.477077621e-21
5.5902491e-22
6.73607771e-22
2.525880781e-22
6.353988034e-21
9.677200423e-21
2.327604684e-21
1.157712418e-21
1.048904787e-21
1.86517471e-21
7.339178828e-21
2.045637884e-21
8.985370424e-22
7.360573784e-21
1.006710921e-20
5.54719475e-22
8.0622079e-21
1.911353311e-20
6.393603854e-21
5.258573973e-21
3.459252726e-20
8.241835557e-21
1.26285718e-20
1.846362892e-20
5.819493039e-22
2.632754365e-21
1.480786942e-21
1.190036109e-21
3.458942095e-20
7.398926126e-21
6.945615125e-22
6.470737814e-21
5.641770567e-22
2.431593379e-23
3.980965087e-21
4.07455561e-21
1.642727546e-20
1.583283456e-20
1.107860581e-20
2.496493555e-21
1.151300367e-20
1.392421467e-21
3.271513761e-21
1.578120038e-21
4.886053028e-21
5.843389912e-21
1.998789049e-21
1.327048423e-20
1.347864644e-20
1.627517908e-21
2.093974289e-21
2.780817331e-22
5.837083028e-22
2.310558234e-21
2.798452509e-21
2.118063205e-21
1.237114416e-23
4.473525146e-22
1.143575573e-20
2.933125564e-21
3.827706967e-21
1.046805112e-20
3.009531926e-20
2.242681725e-21
1.623640337e-21
1.044076167e-20
4.61347557e-21
4.180433984e-21
1.885451504e-21
3.8229902e-21
7.029035324e-21
6.5063898e-22
3.689333701e-21
2.139394872e-21
2.745146978e-21
3.648020128e-22
5.247409215e-21
4.315256421e-21
3.469552775e-21
8.132594653e-21
8.992830182e-21
1.509717869e-21
1.927109196e-21
9.53186976e-21
5.196312184e-22
2.174119955e-21
2.63265475e-21
2.717790452e-21
9.283220103e-21
6.076088034e-21
1.944336985e-21
1.309237481e-21
3.019157899e-21
7.026358926e-22
7.833172903e-21
2.104053045e-21
2.680661623e-22
1.195984215e-20
1.098178789e-20
2.06233251e-21
2.584276817e-23
1.069625818e-20
3.32493435e-21
1.321745822e-21
3.213553182e-23
4.793261034e-21
8.848150469e-21
2.820089101e-21
6.818971676e-21
2.560830293e-21
2.153340229e-21
7.533149849e-21
3.36063081e-21
1.958830765e-21
2.769263456e-21
3.852615255e-21
4.414876048e-21
2.338049139e-21
8.993347293e-22
5.544897846e-23
3.37135086e-21
5.385312139e-22
6.3346216e-22
3.374102021e-21
2.165289003e-21
3.649316186e-21
6.511923735e-21
5.358826792e-21
3.692963069e-22
6.750910476e-21
1.223126956e-22
1.195937827e-21
2.748900259e-21
2.830204797e-21
3.148697934e-21
8.488424703e-21
1.871538293e-22
1.357994422e-20
2.747388482e-22
7.931650377e-21
5.500052195e-21
2.108006009e-21
9.516294759e-21
8.571680466e-22
8.801809333e-22
1.199461083e-21
6.790655973e-21
1.020952115e-20
8.574821217e-23
1.093475512e-21
1.308658414e-21
1.509686134e-21
1.010168379e-21
1.809297174e-21
5.695711468e-21
2.694809764e-20
5.398547582e-22
2.38968201e-21
4.734887491e-21
1.085853912e-20
1.821805364e-21
2.62987106e-21
1.955714136e-20
1.321243376e-20
1.534391849e-20
3.201010779e-21
1.129900194e-20
7.395304026e-21
4.934428626e-21
1.813804515e-20
3.249496514e-21
3.597267466e-21
1.29179966e-20
2.87701653e-21
3.057235916e-21
5.872866831e-21
2.604898304e-21
3.350555727e-23
2.609363548e-21
7.926345497e-21
3.927077655e-21
5.943395846e-21
3.084691038e-21
2.47598498e-20
1.504504752e-21
1.051833774e-21
1.690262687e-20
6.225173048e-21
8.89515958e-21
2.564641834e-20
2.080516799e-21
6.286219063e-21
9.024396286e-22
5.317323526e-21
2.646669416e-21
2.053393032e-21
4.511746582e-21
1.989565221e-20
1.087411515e-20
3.171921911e-21
4.64678461e-21
2.231782288e-22
1.340245915e-21
3.693152859e-21
2.387089151e-22
1.243948034e-21
1.314638923e-21
4.563567487e-21
8.506203192e-22
4.492991362e-21
4.932292985e-21
2.258818073e-21
1.230778037e-21
1.329431366e-21
2.85940391e-22
7.243664985e-21
2.037530599e-21
3.078696868e-21
5.757944185e-21
1.28310481e-20
1.499615547e-21
1.986743328e-22
2.165620306e-20
5.690622396e-23
1.37192586e-22
2.239854288e-21
2.634820492e-21
1.828700197e-21
2.490464105e-21
7.979445047e-21
2.206172952e-21
2.871082057e-22
4.477634503e-21
4.900007584e-22
2.649187274e-21
1.908649287e-21
9.921469366e-22
5.486394176e-21
1.729395351e-21
2.852677622e-21
8.821426184e-22
1.117476154e-20
2.291969844e-21
1.052819298e-21
2.049675154e-21
7.699496078e-21
3.070968128e-21
7.274700883e-22
1.089828169e-21
1.359952949e-21
1.316563314e-21
1.69977164e-21
9.84404081e-22
8.642643537e-22
1.041242535e-20
2.122451826e-20
3.075685863e-21
3.67143711e-21
4.534984543e-21
5.923406562e-21
1.134665224e-20
1.09655239e-21
4.036127979e-22
1.294433064e-21
4.443351414e-21
6.563140448e-21
7.984741352e-21
2.271314258e-21
7.592396967e-22
8.742502757e-21
5.480275112e-22
9.930062451e-21
5.36754442e-22
7.191871952e-21
4.860429283e-21
1.738507383e-21
4.419531613e-21
3.869343659e-21
5.870348398e-21
1.521610517e-21
8.837150361e-22
8.813809948e-21
1.795416788e-20
6.112548335e-21
5.682036381e-21
2.828967286e-20
3.660681521e-20
2.759714842e-21
9.80822185e-21
1.515754778e-21
1.972419617e-20
2.43654748e-20
5.168470348e-22
4.39316393e-20
3.246905101e-21
2.506030676e-21
4.380829265e-21
7.481898799e-21
3.525074115e-21
3.846157504e-21
6.22434966e-21
8.223449503e-21
1.001041917e-20
1.97603716e-21
1.611177146e-20
3.018666368e-21
2.704610375e-21
1.315557445e-21
4.385859356e-21
6.768483673e-24
3.886994974e-21
4.388099118e-22
2.592864368e-20
1.314761581e-20
2.709457809e-22
1.246860873e-20
2.240075275e-21
1.839142937e-20
9.843689145e-21
2.794942918e-21
2.201464726e-21
2.529483056e-22
2.356378606e-21
2.811216416e-21
2.071420518e-21
1.856275908e-22
9.344878563e-21
8.705622901e-22
5.719331283e-21
3.873745868e-21
1.408451484e-21
5.440104355e-22
6.125157927e-21
1.77156095e-21
1.919550928e-21
3.233257125e-21
1.212614236e-21
4.348130377e-21
3.271006533e-21
4.353764498e-21
1.035502195e-21
2.781525729e-21
9.774144707e-21
3.997132231e-22
3.276340767e-21
9.616354065e-22
4.823245716e-22
5.344028995e-21
4.048509666e-21
2.188090962e-22
9.732107399e-21
1.91156544e-22
1.464546467e-21
4.887464862e-21
1.287247795e-21
4.350617148e-21
9.451668278e-22
1.932672898e-21
1.193013507e-21
1.232928027e-20
3.751838991e-22
9.909931284e-21
2.304817751e-21
4.049979598e-22
1.164925959e-21
9.044786631e-22
5.109370694e-21
3.580186315e-21
7.276118416e-22
1.255508761e-21
4.654689915e-21
1.051940256e-20
5.427950806e-21
5.22096215e-21
1.026078183e-21
2.885714527e-21
4.812220461e-22
8.770734722e-22
4.373939657e-21
1.506140343e-21
1.346224423e-20
3.590108021e-21
1.004803564e-21
2.900386295e-21
2.316333371e-22
1.13608169e-21
7.093002836e-21
1.431720363e-20
7.391101023e-21
5.746615425e-22
3.271957243e-21
1.186792875e-21
5.042817587e-21
2.057714251e-21
3.75229819e-21
4.811747095e-21
3.84325636e-21
5.171464059e-21
1.984045674e-20
1.222252711e-20
5.63264593e-21
3.453733198e-23
5.632682648e-21
2.589645603e-20
3.810272902e-21
2.150994497e-20
1.937778994e-20
3.535200627e-22
5.6741632e-21
3.52636922e-20
7.000234048e-21
1.921775717e-21
1.508666649e-20
3.991043147e-21
1.561674182e-20
7.799923363e-22
1.902701648e-20
3.411892209e-22
2.951564134e-21
1.217971349e-20
7.184500759e-22
7.634498211e-22
3.710048517e-21
3.808919276e-22
9.019996952e-20
9.298919053e-22
4.556763757e-21
2.669587208e-21
1.487171525e-21
6.524887183e-21
4.112433757e-21
4.229639735e-21
8.858948416e-21
1.37243053e-22
4.089882236e-21
6.685304855e-21
6.017844164e-21
9.350589444e-21
3.993675146e-23
7.556715527e-21
2.562901751e-21
2.352991239e-21
4.446614352e-22
2.640162209e-20
1.325200571e-20
2.14145199e-21
7.529501474e-21
1.175454586e-20
2.327070098e-21
1.699735828e-20
4.10008438e-22
2.847636329e-21
7.233783397e-21
1.915881441e-22
2.308353115e-21
5.118858188e-21
2.237029582e-21
4.493566576e-21
1.722066805e-22
6.735773088e-21
2.35687986e-21
1.653537112e-21
4.198927172e-21
5.734227278e-21
4.149524103e-22
4.113540833e-21
1.529281455e-21
2.796624079e-21
3.692548434e-21
1.684638778e-21
2.178307849e-22
7.646589432e-21
5.161981198e-21
4.327399747e-21
1.031186774e-21
2.193833703e-20
1.78694651e-21
1.356483378e-20
1.736037173e-23
1.581831382e-20
2.078290492e-22
4.663782014e-21
6.870785092e-21
1.102510959e-20
4.14878258e-21
1.640385094e-21
2.498543428e-21
2.670256415e-21
5.972232859e-21
3.299262094e-21
1.410291967e-21
5.695321232e-22
1.227086629e-20
3.132917058e-21
8.942434819e-21
8.617114891e-22
6.742143596e-22
1.12160674e-21
5.649913154e-21
3.317648527e-21
6.637696753e-21
3.590047606e-21
2.901400348e-21
1.913191158e-21
7.458492043e-21
6.991807542e-22
1.494016599e-20
6.583281679e-21
3.449703734e-22
8.140027284e-21
1.26669352e-21
7.166979214e-22
3.524326084e-20
4.681526946e-21
4.598764549e-21
1.102394403e-21
3.860490136e-22
4.04652622e-21
8.842947145e-22
1.986245391e-20
4.665192306e-21
4.949759004e-22
4.664917449e-21
4.547705836e-21
1.147476923e-21
4.228128003e-21
2.66608207e-21
2.906428902e-21
9.929210796e-21
4.961018824e-21
5.350070022e-22
5.567835486e-21
3.919271058e-21
1.33945256e-21
7.442551531e-22
4.11126439e-21
2.522113653e-21
3.326424611e-21
1.859421773e-21
2.528407659e-22
2.17193931e-21
1.010959504e-20
9.256807184e-21
9.138462094e-22
9.980096715e-21
4.9916508e-21
1.542190598e-21
2.238880946e-21
4.338714541e-20
3.248385222e-20
1.705648501e-20
7.320325475e-21
1.469910343e-20
1.108759541e-21
7.194042436e-21
2.708490247e-20
4.470341402e-21
6.934508238e-21
1.549229647e-21
5.158254353e-21
8.748518702e-21
9.852616883e-21
1.940594512e-20
9.466997397e-21
1.502860752e-20
4.628315871e-20
6.77923094e-21
4.133727909e-22
1.030668062e-20
1.424775127e-21
7.769334355e-21
2.577507663e-20
5.99911243e-21
1.763886905e-21
3.695465027e-21
1.000659028e-21
3.534033252e-21
9.502395433e-22
2.818571678e-21
5.507189286e-22
1.190417143e-21
2.840891996e-21
4.758650149e-21
5.447474037e-21
1.149469865e-21
1.180992716e-20
5.723383353e-21
2.974776109e-21
3.696799465e-20
1.71674904e-20
1.211556638e-21
4.900585295e-21
1.761813713e-21
2.566311822e-21
4.641223738e-21
3.646438909e-21
5.798460424e-21
1.626296325e-21
2.481166235e-21
1.124265698e-20
1.033983294e-21
2.12287607e-21
9.772893282e-21
1.007098482e-20
7.589214465e-21
4.98147919e-21
1.386710191e-21
9.162288356e-21
1.426671073e-21
3.321724737e-22
7.193433325e-22
1.289145869e-20
2.95995649e-21
3.196358889e-21
6.10456375e-21
6.488015048e-21
2.416563153e-21
2.763987181e-21
5.771524259e-21
3.553773647e-21
2.882068962e-22
4.721280767e-22
4.944058301e-21
2.11241949e-21
4.239879312e-21
2.474593402e-21
4.178747122e-21
1.602257928e-20
2.743683788e-21
8.36423811e-22
2.788175543e-21
1.147525793e-21
2.666771819e-21
2.371412038e-21
4.729714373e-21
4.313316532e-21
2.583089254e-21
6.587506998e-21
5.80449597e-21
6.630925898e-21
3.68627992e-22
1.36671607e-21
1.070769656e-21
7.094934534e-21
8.558126977e-22
4.81611095e-21
2.640066563e-21
1.426571514e-21
1.341415502e-20
2.342424807e-21
1.013215403e-20
1.175665736e-21
3.273705456e-22
4.943393955e-22
5.464125893e-21
1.993263828e-21
9.834531175e-22
6.750906834e-21
3.729370346e-21
8.967722747e-21
5.111469535e-21
1.075403701e-20
3.535091569e-21
7.215789123e-21
3.01924099e-21
2.927827315e-21
3.510741938e-21
3.081456138e-21
8.300447674e-21
4.414476957e-21
2.269496849e-21
7.06075213e-21
5.235617321e-21
4.128373659e-21
1.444760835e-21
3.706726118e-22
2.12617037e-21
6.335628426e-21
4.025170357e-21
2.514208214e-21
6.776478917e-21
1.14733903e-20
2.760080038e-21
5.880923981e-21
1.77817057e-21
1.779177273e-21
6.009680142e-21
5.676151682e-21
1.932420152e-21
7.000842152e-21
4.203491742e-21
4.790405711e-21
3.872752878e-21
4.933432647e-21
2.435127054e-20
7.868970266e-21
1.131670465e-20
1.405578005e-20
9.272823384e-21
1.121861051e-20
2.76997391e-20
1.902333961e-21
2.939986019e-21
5.558508155e-22
6.646214031e-21
7.900648935e-21
6.097934004e-21
1.629620172e-21
4.743433404e-20
8.934359382e-21
9.646003125e-22
2.519741761e-21
1.013369059e-20
6.427139213e-21
3.926613419e-20
6.201530865e-21
2.120915739e-20
1.561699706e-20
6.616688786e-21
1.748992895e-20
3.072010626e-21
1.647049782e-20
4.709638731e-22
4.88289438e-21
6.150101055e-22
1.982504461e-20
1.529878999e-21
3.507188276e-21
1.69203601e-20
2.111526158e-22
1.35409647e-20
8.199426033e-21
3.499373042e-21
2.474793276e-21
3.858267152e-21
7.154184728e-22
5.150596421e-22
1.951623917e-20
2.712150311e-21
8.290384776e-21
2.466136848e-21
1.346612021e-22
4.833389682e-21
2.916954584e-22
5.726131095e-21
6.855698053e-21
3.163913611e-21
1.233889651e-21
3.082909003e-21
5.042117566e-22
9.184880667e-22
1.682908636e-20
5.173533949e-21
8.342703512e-21
2.177113468e-21
1.489750435e-21
2.305302979e-21
6.105153529e-21
2.027563923e-21
5.086983023e-21
2.422131032e-21
3.604379183e-21
7.312240619e-22
7.096679e-22
3.729218084e-21
5.881606938e-21
5.478852216e-22
1.061557817e-22
6.635725872e-21
6.188983627e-21
2.398283481e-22
1.970035014e-21
2.03297986e-21
9.728460922e-21
1.219682181e-20
1.380841844e-21
1.225046711e-21
7.544713568e-22
4.928735308e-21
6.92451579e-21
1.420621708e-21
4.023551542e-21
1.106946631e-20
4.639625272e-21
9.143029979e-21
2.621011852e-20
2.18395853e-21
1.008077716e-21
2.391940306e-22
2.961200129e-21
4.045073669e-21
1.482731336e-22
3.179020239e-21
9.711567005e-22
2.576119957e-21
2.55643737e-21
6.518693181e-21
4.547275632e-21
1.232126582e-21
5.818244933e-22
2.738973205e-22
6.992907022e-22
2.10879218e-21
6.155375974e-21
1.967762193e-21
4.935623634e-21
1.62577199e-21
2.678791475e-21
8.56856816e-23
3.463024678e-21
7.481651104e-21
1.340323544e-23
5.972270873e-22
1.684846355e-21
5.572042938e-21
1.19533936e-21
3.253615045e-21
2.739135184e-22
2.574115744e-21
2.926424149e-21
1.815886228e-20
5.86157024e-21
1.48746967e-21
3.290514888e-21
4.928833894e-21
3.389573098e-21
9.711394535e-21
4.332137051e-21
4.304931932e-21
1.782093228e-22
1.446286271e-20
1.444087572e-22
6.696348279e-22
1.498412512e-20
2.021636468e-21
7.827006911e-22
1.834133763e-21
1.684617889e-21
6.604872312e-22
8.292598059e-21
5.522958166e-22
4.962885435e-21
8.614471316e-22
1.584687805e-21
2.481991747e-21
4.307228698e-21
5.124007106e-21
5.781463808e-21
1.429697928e-21
2.074323872e-21
1.089001578e-20
6.046695969e-21
8.623326216e-21
5.091173718e-21
2.383877166e-21
3.20036018e-21
1.632566302e-20
3.534412284e-20
1.273821956e-21
7.74420373e-21
2.740920076e-20
5.621410671e-21
4.943959671e-21
8.969721398e-21
6.856191484e-22
7.466489198e-21
2.230689769e-22
2.343275867e-20
4.705740775e-21
2.40063319e-20
2.684159935e-22
1.144388152e-21
9.247145671e-21
1.927841617e-21
2.745177325e-21
6.505768319e-22
2.598066721e-21
4.177456785e-21
2.258551618e-21
3.17636034e-21
3.484613491e-21
2.660885775e-22
1.801571958e-21
2.553308383e-21
5.622222442e-21
9.21551557e-21
6.223767697e-21
1.822299223e-21
3.248058502e-21
2.288623515e-21
1.332530668e-21
2.420122401e-21
3.292157027e-21
7.146944214e-23
3.141925095e-21
1.469401183e-21
3.96123105e-21
1.056079901e-20
1.652437733e-21
5.071436803e-21
1.143103265e-21
1.557238155e-21
1.342002768e-22
3.959775391e-22
5.338548365e-21
4.895007935e-21
8.359792514e-21
3.622582124e-21
5.93683404e-21
8.460170169e-21
3.718576736e-21
4.023460034e-21
2.385597287e-21
9.949088953e-21
2.838847029e-21
4.697068949e-21
3.913747709e-21
1.502310398e-22
1.272087125e-20
4.609951563e-21
1.221584128e-20
1.635085808e-22
6.027918899e-21
9.789510107e-22
5.827458624e-21
7.449506142e-21
9.491048049e-22
2.815449992e-21
2.347741899e-22
4.811971836e-21
1.851386077e-22
2.305641498e-21
4.217941608e-22
1.788946298e-21
1.973139129e-21
8.013609679e-21
4.301427084e-21
1.137980977e-21
9.623259573e-21
4.126702871e-22
1.177496533e-21
4.526474861e-21
3.339110263e-21
2.101615616e-21
1.183307609e-20
6.292434739e-21
7.872741056e-21
8.745906417e-21
3.004325404e-21
3.481952134e-21
5.38428077e-21
9.854655834e-22
2.186998492e-21
1.521304122e-21
3.460346055e-21
2.392217047e-21
1.395759825e-20
3.073765282e-21
1.18095448e-20
4.317048436e-21
1.245614607e-21
6.755786561e-21
)


// ************************************************************************* //
