/*--------------------------------*- C++ -*----------------------------------*\
  =========                 |
  \\      /  F ield         | OpenFOAM: The Open Source CFD Toolbox
   \\    /   O peration     | Website:  https://openfoam.org
    \\  /    A nd           | Version:  7
     \\/     M anipulation  |
\*---------------------------------------------------------------------------*/
FoamFile
{
    version     2.0;
    format      ascii;
    class       labelField;
    location    "0.007/lagrangian/dsmc";
    object      origId;
}
// * * * * * * * * * * * * * * * * * * * * * * * * * * * * * * * * * * * * * //


6200
(
295589
347280
298142
298370
299510
299642
299194
298409
299118
298285
298385
299263
348925
300136
301166
299411
299730
297526
298288
298852
299060
349122
296915
297929
298975
299343
299822
299869
298709
299453
299754
300654
349334
298914
298931
300185
300207
301857
303720
298144
299599
299719
302741
349841
299508
299530
299745
299876
300226
300605
300814
347148
349325
299480
299720
299896
300018
300093
300107
300130
300177
300233
300340
350151
299334
299974
300041
300183
300318
300470
300763
300765
300929
301032
302212
348908
350652
299354
299914
299967
300060
300068
300206
300214
300241
300474
300703
300847
300943
300953
301057
301073
301140
351292
349241
298586
298813
299446
299540
299708
299804
300067
300077
300209
300225
300322
348408
300401
300410
300910
300932
301004
301383
301473
350558
302662
36136
298313
298936
299077
299187
299364
299680
299807
299897
299987
300069
300080
300135
300154
300232
300253
300416
300682
300971
301002
301213
301448
301503
301637
350251
350458
348700
349439
348897
300924
299163
299691
299714
299975
299992
300037
300163
300314
300418
300478
300484
300495
300642
300751
300818
300913
300954
301066
301202
301646
348911
350154
350870
349240
300009
300142
300143
300152
300155
300171
300236
300250
300311
300412
300428
300501
300582
300585
300651
300747
300766
300845
300859
300947
301127
301148
301211
301221
301457
301554
351085
302066
303798
350334
305646
305898
298890
350746
298217
299338
299613
299643
299713
299860
299875
299901
299984
300063
300072
300146
300167
300276
300600
300612
300643
300660
300674
300732
300762
300825
300886
301203
301263
301399
301498
301576
347278
305647
305987
306250
36181
296970
298577
299340
299554
299882
300122
300413
300486
300517
300571
300743
300745
300786
300848
300968
301043
301129
301142
301218
301233
301234
301250
301271
301781
302028
303622
348915
306338
36194
350326
351970
348498
299006
299160
299500
299520
299820
299887
299948
299960
300084
300095
300404
300469
300492
300572
300828
300851
300945
300950
300961
301027
301030
301101
301110
301121
301137
301289
301297
301309
301376
301467
301558
301586
301611
301614
301619
301816
302449
350667
351180
350351
304406
304933
298906
299011
299256
300039
300137
300159
300309
300433
300439
300496
300513
300569
300583
300691
300711
300764
300852
300857
300941
300960
301020
301025
301120
301185
301196
301206
301217
301231
301238
301485
301510
301627
301714
301769
301821
301906
350666
349546
302156
302175
302286
302676
304316
304405
305118
305119
305469
351787
351571
299808
300118
300201
300213
300217
300333
300353
300442
300487
300545
300631
300749
300769
300921
300927
300969
301012
301023
301093
301116
301128
301186
301199
301214
301302
301378
301393
301458
301489
301526
301584
301624
301636
301661
301664
351491
301807
301933
302059
302361
350142
351586
305024
300543
352186
300289
300387
300463
300534
300536
300555
300596
300639
300815
300880
300915
301007
301050
301067
301084
301134
301145
301210
301220
301225
301284
301303
301316
301321
301347
301366
301450
301491
301548
301553
301641
301737
350559
302362
302395
300035
350456
352094
351179
36220
344366
299532
300052
300128
300485
300657
300659
300782
300855
300864
300884
301026
301033
301040
301102
301119
301174
301184
301245
301308
301328
301357
301484
301580
301607
301630
301721
301794
301808
301881
301903
350040
301964
302063
302067
350654
302530
302594
351583
351682
300378
352398
352081
351792
306249
299141
350942
299645
299736
299892
300389
300467
300490
300641
300661
300733
300787
300796
300970
301019
301041
301072
301194
301198
301200
301222
301240
301283
301312
301354
301374
301454
301478
301536
301577
301598
301623
301626
301655
301666
351390
301823
301896
301997
302107
302141
302239
302336
351591
302583
302612
303004
351183
351890
303973
304061
300730
305644
352162
301957
301521
307045
351462
345832
300542
299864
350759
349226
300479
300518
300547
300644
300652
300704
300741
300775
300928
300931
300933
300956
300963
301024
301031
301131
301133
301208
301287
301317
301330
301364
301396
301408
301455
301462
301465
301470
301569
301605
301620
301629
301662
301717
301812
301820
301840
301872
351689
301989
302079
302089
302136
302159
302194
302425
302458
302646
302660
301351
352502
305023
351574
351891
352098
306155
306337
349297
350244
351288
301272
300443
300512
300573
300729
300922
300937
300952
301118
301204
301282
301286
301290
301300
301359
301392
301472
301517
301524
301530
301533
301566
301600
301652
301660
301711
301713
301736
301742
350462
301788
301790
301851
301852
301871
301932
301975
302070
302074
302092
302146
302147
302150
302165
302177
300199
302344
302351
302433
302522
302881
351175
303400
350875
351688
307299
36249
343993
299619
299969
300618
300827
300836
300850
301056
301087
301104
301111
301149
301156
301235
301262
301441
301488
301540
301551
301564
301570
301602
301622
301639
301645
301694
301697
301753
301782
301830
301877
301913
301951
302171
302187
302207
302254
302271
302285
302316
302430
302678
302849
303003
303258
303618
350650
350847
302036
351469
352278
306613
306702
306778
348653
300303
300511
300575
300649
300684
300735
300904
301015
301022
301042
301161
301314
301325
301334
301397
301415
301496
301534
301572
301625
301699
301707
301734
301758
301800
301899
301900
301961
301966
301981
302013
302017
302152
302184
302192
302269
302292
302314
302333
302349
302354
351791
302552
302555
302596
302636
351289
302706
302779
303307
350659
305207
305208
305468
351668
306245
306246
306247
36270
300907
302131
299421
300164
300556
300574
300705
300707
300833
301045
301219
301267
301273
301306
301389
301419
301475
301481
301562
301606
301720
301723
301783
301804
301806
301834
301846
301894
301901
301908
301936
301978
301992
302021
302071
302134
302173
302324
302424
302435
302457
350146
351690
302661
302814
304843
352403
305206
301982
36275
36276
36279
349648
300287
300744
300768
300826
300939
301008
301029
301135
301181
301209
301307
301319
301541
301550
301555
301565
301644
301648
301651
301657
301663
301665
301671
301730
301740
301771
301815
301876
301987
302069
302158
302250
302304
302309
302350
351283
302426
302427
302455
302514
302521
302534
302546
302642
302701
302788
302806
302850
302878
302882
302949
303054
303124
303394
303882
304149
351993
348182
306244
306336
351883
351990
306701
347469
351783
300291
300558
299800
300298
300842
300869
300878
300935
301130
301223
301247
349238
301322
301381
301382
301406
301417
301466
301559
301634
301658
301738
301784
301801
301842
301886
301891
301897
301902
301911
301929
301977
301985
301995
302012
302016
302055
302057
302072
302137
302167
302182
302205
302206
302226
302276
302338
302343
302347
351589
302410
302503
302513
302559
302595
302608
302616
302634
302692
302766
302769
302770
302793
302798
302802
302864
302127
303197
303214
303520
352614
304659
36299
36300
350021
350461
351768
351885
300601
300784
300829
301292
301293
301311
301335
301386
350253
301543
301603
301826
301895
301914
301967
302045
302064
302086
302251
302266
302322
302383
302437
302520
302523
302540
302581
302598
302777
302789
302897
303186
303236
303458
304314
304755
304756
352082
307390
307660
307746
349029
350979
351892
302128
301792
300220
300346
300427
300570
300789
301100
301139
301187
301201
301229
301398
301401
301482
301610
301613
301668
301793
301810
301818
301819
301849
301888
301916
301931
301979
301980
351592
302060
302080
302094
302099
302130
302138
302160
302179
302200
302253
302282
302295
302326
302332
302345
302364
302418
302454
302471
302500
302531
302542
302621
302630
302631
302651
302697
302710
302712
302728
302761
302768
302792
302828
302937
302958
302978
302985
303078
303137
303224
303240
303329
303716
352818
352608
304841
305116
305552
305893
352606
307929
36320
342358
348413
301003
352401
351581
353411
302406
300758
300761
301106
301384
301463
301532
301638
301728
301731
301757
301787
301926
301960
301998
302044
302076
302081
302139
302148
302169
302270
302312
302328
302335
302341
302407
302419
302423
302440
302442
302450
302464
302465
302467
302474
302491
302496
302518
302607
302629
302695
302731
302738
302759
302767
302772
302774
302780
302860
302885
302930
302971
302972
303024
303047
303048
303087
303121
303435
303465
303765
304487
304582
351877
352504
352397
302317
301689
36330
36333
300882
301105
301191
301228
301265
301445
301499
301635
301678
301732
301776
301803
301893
301912
301973
301983
302003
302180
302193
302244
302277
302298
302368
302370
302377
302380
302422
302493
302501
302524
302547
302582
302606
302639
302640
302645
302686
302720
302744
302783
302866
302913
302952
302963
303030
303055
303093
303100
303151
303179
352823
303302
352090
303379
303387
303406
303420
353023
303468
303555
352187
305209
352396
353117
306243
303176
307043
301264
308108
349081
349926
350208
350754
352394
352406
300301
300996
301085
301296
301518
301654
301722
301885
301905
301923
351691
301996
302083
302087
302096
302172
302235
302273
302279
302283
302303
302323
302339
302348
302363
302372
302510
302538
302561
302580
302603
302614
302635
302684
302702
302714
302715
302778
302785
302796
302902
302933
302946
303057
303071
303126
303148
303229
303280
303306
352722
303478
302664
303636
303741
303916
304401
305464
305466
307835
308011
36356
36357
340862
348767
348198
300563
349649
349949
300251
300568
300671
300772
301016
301224
301453
301525
301592
301593
301628
301642
301650
301735
301743
301746
301750
301778
301805
301892
302000
302061
302093
302108
302178
302197
302247
302249
302272
302334
302408
302443
302444
302456
302463
302466
302535
302549
302577
302579
302633
302689
302711
302713
302794
302816
302938
302997
303084
303122
303142
303268
303293
303373
303550
303666
353726
307475
36359
36360
36361
344860
348960
350835
349602
350645
350093
302750
350879
300436
301109
301138
301704
301887
301915
301927
301940
302151
302153
302183
302431
302441
302452
302461
302492
302525
302526
302543
302576
302638
302698
302722
302730
302773
302784
302846
302859
302888
302944
302951
302988
303018
303040
353019
303111
303132
303231
303316
303342
303375
303405
303523
303548
303580
303595
352508
303688
303714
303796
304315
351279
305807
352716
353415
352281
301452
351965
307834
36365
36366
298101
351082
350744
300473
351886
301021
301538
301719
301811
301817
301870
301993
301994
302007
302018
302065
302129
302186
302230
302256
302301
302356
302369
302412
302448
302505
302515
302541
302548
350977
302622
302623
302682
302719
302733
302752
302762
302763
302821
302853
302869
302893
302894
302953
302960
303039
303070
303094
303130
303159
303213
303230
303390
303417
303442
303470
303476
303521
303812
303966
304104
304247
353831
304581
304658
353215
305984
306333
352605
299687
351786
352283
354754
307658
352809
36375
36376
36377
339536
343419
350111
350853
350450
351476
301375
350750
350243
352616
301348
352587
351387
352697
301281
301369
301724
301910
301958
302162
302168
302252
302509
302553
302599
302624
302649
302654
302671
302679
302680
302699
302700
302727
302890
302901
302941
302947
302950
302966
302970
302987
303075
303099
303113
303114
303140
353324
303200
303206
303298
303334
303450
303496
303519
303563
303706
303715
304024
304245
304840
305019
353224
305892
306429
306611
301608
307476
348793
348371
349931
300471
300546
348659
351481
350537
350410
351064
350866
352185
351493
301318
350669
301770
301925
301984
302053
302088
302090
302201
302264
302288
302330
302342
302366
302415
302417
302528
302600
302605
302610
302613
302659
302724
302726
302800
302801
302819
302854
302865
302874
302875
302922
302928
302967
302974
302980
302989
303014
303037
303044
303046
303116
303120
303233
303238
303300
303309
303397
303430
303455
303469
303487
303617
303672
352292
303926
304119
304193
304230
351683
304657
304754
304930
353317
305203
352714
305730
351483
302755
306777
302411
354444
307833
36390
349428
349501
301690
352153
301616
351887
350457
350943
302237
301434
301403
301490
301733
301883
301921
302154
302181
302267
302331
302337
302353
302527
302554
302604
302626
302683
302782
302795
302822
302857
302858
302871
302879
302895
302955
302956
302962
302984
303009
303065
303108
303112
303131
303135
303139
303143
303163
303199
303386
303393
303419
303456
303462
303473
303491
303573
303578
303649
303669
303675
303728
303733
303844
303913
303930
304288
305114
352402
307042
353516
308537
352811
36395
36396
36397
342414
348133
349011
349032
349641
350106
348106
301052
301832
302004
302022
302185
302280
302420
302516
302532
302578
302609
302655
302677
302696
302704
302723
302739
302838
302945
302964
303029
303033
303034
303133
303185
303194
303208
303217
303243
303244
303276
303299
303308
303315
303345
303377
303392
303460
303474
303516
353222
303674
303686
303727
303836
303850
303924
303949
303954
304039
304148
354147
353325
305465
353321
305890
303531
307928
308791
36404
36405
36406
36407
36408
36409
347867
349631
299768
300391
350873
352667
346299
350624
352917
352259
300849
301136
301477
302261
302268
302358
302533
302593
302653
302675
302687
302693
352721
302790
302932
302954
302977
303056
303061
303062
303098
303117
303127
303134
303150
303157
303210
303218
303221
303287
303314
303331
303341
303343
303389
303403
303411
303415
303475
303481
303499
303505
303579
303646
303759
303761
303762
303822
303865
303932
303987
304166
304242
304289
306957
307832
307927
304079
36418
36419
348499
350851
349293
351263
351674
350722
302125
302756
302745
354029
302409
301193
301691
301716
301786
301822
302020
302143
302174
351994
302255
302346
302367
302644
302688
302691
302705
302803
302848
302873
302886
302912
302936
302973
302975
303002
303027
303043
303097
303144
303183
303201
303204
303251
303254
303272
303273
303295
303312
303346
303404
303416
303424
303439
303472
303494
303504
303507
303552
303572
303653
303663
303690
303693
303730
303823
303938
303946
304090
304127
304182
304429
304718
304750
354249
352389
353423
353315
308105
36427
36429
344505
345993
350239
351290
351785
350774
353635
299784
302495
302073
302275
302403
302428
302585
302591
302592
302628
302643
302716
302799
302855
302926
303072
303079
303088
303115
303119
303141
303216
303222
303228
303234
353126
303310
303330
353644
303448
303467
303493
303497
303551
303557
303565
303570
303600
303611
303634
303659
303687
303743
303744
303764
303811
303824
303830
303835
353733
303909
303937
304016
304185
304470
300906
304597
304769
352715
306331
306609
353532
303178
302667
308702
36432
36434
36435
36436
36440
345530
347109
297933
298541
349023
350183
349833
351788
351667
351157
351271
352295
302421
353009
302039
298375
301563
301754
301875
302262
302438
302618
302673
302718
302757
302856
302908
302992
303021
303035
303058
303082
303129
303136
303138
303145
303147
303202
303203
303212
303235
303241
303285
303305
303322
303324
303328
303333
303362
303423
303453
303459
303498
303502
303503
303506
303536
303560
303576
303582
303587
303594
303615
303645
303691
303712
303819
303841
303900
303908
303910
303919
303986
303990
304023
304026
304044
304051
304086
304120
304169
304201
304223
304235
304255
304390
304435
304594
305112
305115
303726
305643
306608
306956
353014
353101
308104
353421
36446
36447
36448
36449
36451
36454
347171
348907
349625
349434
349206
350931
348918
351254
300912
349621
352195
353728
352400
353736
352820
301451
301831
302106
302257
302447
302703
302765
302776
302872
302883
302969
302996
303051
303052
303068
303069
303128
303155
303182
303364
303391
303399
303471
303482
303483
303571
303746
353022
303933
353121
304002
304012
304089
304092
304105
304107
304212
304295
304296
304337
304402
304454
304517
304645
304683
304688
304875
305141
305461
305727
352815
302929
306428
306516
353833
306698
354048
354033
353528
308621
36462
36463
36465
348587
347886
349196
349418
347869
350137
351428
352609
301353
352496
347034
301182
301643
302095
302388
302504
302611
302632
302725
302808
302812
302852
302867
302898
302927
302943
302959
302991
303077
303146
303192
303193
303196
303327
303374
303380
303382
303492
303577
303584
303665
303667
303671
303680
303701
303707
303731
303750
303774
353830
303853
303861
303869
303927
303934
303939
304074
304099
304115
304142
304171
304173
304199
304202
304205
304216
304225
304257
304294
304313
304478
304555
304588
352302
304900
354353
354854
306070
306071
303888
354345
307656
307657
352168
308009
352819
303359
353807
308620
308790
308960
303533
309056
309250
309251
349579
351781
351065
353522
302126
301687
351774
301529
301702
302278
302327
302434
302602
302617
302625
302690
302717
302870
302976
302983
303000
303032
303036
353021
303101
303149
303156
303158
303271
303288
303311
303323
303402
303409
303412
303422
303457
303540
303564
303583
303588
303641
303673
303677
303735
303736
303748
303758
303809
303840
303901
303902
303915
303920
303921
303936
303960
303980
304030
304093
304094
304103
304130
304131
304136
304198
304206
304209
304326
304358
304434
304506
304604
304749
304791
304839
305076
305204
354650
306242
307039
307296
307474
354358
354044
308536
303813
309147
303630
36477
36479
36480
343130
346414
347046
349005
351110
349438
349718
301433
347005
352385
352612
302392
302517
302586
302804
303038
303042
303053
303067
303286
303301
303369
303398
303410
303438
303543
303556
303569
303633
303668
303670
303682
303689
303713
303739
303745
303752
303753
303769
303794
303828
303829
303845
303899
303911
303997
304001
304020
304038
304043
304100
304112
304125
304129
304176
304194
304327
304375
304439
304519
304526
351579
304675
304702
304734
304751
304800
304914
353220
305397
355162
302924
354041
355143
308789
309053
309055
36488
36490
345588
346773
351978
352407
352300
304773
353425
301972
302051
302191
302259
303049
303074
303303
303319
303337
303366
303371
303396
303463
303477
303539
303545
303575
303589
303642
303654
303676
303681
303704
303858
303951
303982
303984
304070
304075
304083
304114
304138
304187
304270
304278
304340
304356
304357
304387
354456
304431
304463
304473
303725
304511
304524
304529
304542
304598
304655
304747
304795
304876
304906
304910
304954
304961
305110
354144
306606
306699
307297
307386
307654
351995
354043
309054
36498
36499
36500
36501
348002
349102
299410
347760
350871
300380
302666
301685
349716
352881
352181
301705
302001
302352
302754
302797
302899
303015
303026
303060
303063
303211
303232
303253
303289
303381
303447
303454
303479
303500
303585
303593
303656
303709
352392
303768
303775
303816
303838
303859
303918
303928
303929
303953
303998
304010
304015
304106
304121
304122
304126
304183
304184
304253
304259
304268
304271
304277
304287
304291
304302
304312
304348
304370
304394
304444
304453
304521
304545
304568
304569
304595
304605
304782
304827
304861
304877
304925
304975
305094
305178
354240
305805
305887
306069
354547
306427
352913
306870
307743
307745
353529
301086
354344
354047
354728
304413
36504
346770
348889
350323
349410
350024
351173
351790
350331
352498
352705
351664
300460
354132
303640
300673
302429
302931
303109
303162
303227
303278
303279
303304
303378
303388
303407
303510
303559
303590
303647
303710
303742
303747
303767
303773
303789
303837
303870
303876
303906
303925
303944
303945
303999
304004
304017
304032
304087
304139
304147
304215
304265
304276
304309
304342
304347
304388
354454
304418
304447
304550
304556
304583
304611
304613
304618
304638
304695
304857
304879
304927
304955
304966
304997
305095
305729
306041
354540
354145
354427
307924
354840
308535
354228
303363
309249
36510
36511
343339
344643
347364
347790
347456
347954
349947
350431
349905
349941
350599
350741
349013
350553
302311
298392
302485
353304
301706
350548
355048
354719
300650
301621
302229
302511
302587
302791
302876
303321
303361
303413
303489
303509
303610
303655
303658
303684
303698
303771
303781
303785
303818
303825
303839
303912
303993
304019
304021
304025
304097
304137
304220
304226
304238
304333
304335
304426
304456
304548
304634
304639
304646
304650
304668
304700
304710
304780
304786
304892
304902
304929
305099
305244
305320
305458
305547
305549
305688
305804
306153
355979
307562
304156
354126
304236
303198
308788
354836
309248
352899
36514
36515
36516
36517
36518
36520
346307
347948
349060
349014
297243
301601
351561
350542
350075
351685
351377
351779
349207
351676
355131
352305
302446
302787
303017
303107
303205
303255
303296
303443
303451
303452
303501
303544
303568
303664
303703
303708
303760
303826
303843
303852
303860
303897
303922
303940
303957
303962
304007
304108
304118
304133
304175
304254
304323
304345
304360
304367
304377
304392
304560
304563
304614
304629
304682
304691
304692
304703
304709
304717
304799
304809
304880
304977
305040
305059
305126
305158
305159
305190
305259
355574
305362
305551
305888
306067
306425
306512
306515
355267
307213
307561
307744
354740
354142
355047
352360
309932
36524
36525
36526
36527
36528
350439
345359
336252
300033
351233
350952
351386
300816
349532
352072
348924
299086
300635
352914
300420
301365
353935
301125
301058
301544
302460
302512
302863
303177
303223
303281
303313
303385
303486
303561
303635
303820
303842
303847
303872
303947
303952
304011
304022
304029
304040
304098
304110
304135
304186
304200
304210
304213
304275
304299
304355
304448
304464
304467
304469
304474
304525
304539
304601
304630
304640
304698
304735
304804
304901
304971
304981
354757
305026
305046
305073
305108
305175
305231
305336
305395
305492
305509
305571
305886
307655
354440
354636
308354
355023
302669
36536
36537
36538
339325
348393
348282
347757
349407
349816
350317
350865
300294
351991
352477
302405
301444
353006
303275
353412
352074
355137
354953
354954
299696
303073
303292
303297
303318
303414
303466
303549
303606
303657
303662
303755
303757
303772
303864
303907
303923
304027
304037
304117
304124
304191
304251
304252
304336
304343
304417
304443
304446
304533
304540
304557
304577
304607
304676
304732
304794
304915
305006
305054
305062
305134
305169
305179
305438
305518
305550
305587
306241
355565
302861
307038
355776
308534
309508
309677
36540
346555
346522
351156
299135
350096
300461
351106
354649
351573
302620
303401
303461
303546
303562
303638
303639
303660
303854
303862
303914
304003
304009
304018
304045
304046
304109
304123
304227
304256
304362
304438
304442
304461
304514
304532
304534
304543
304616
304641
304690
304821
304853
304865
304895
304936
304951
305012
305048
305089
305249
305419
305451
305454
305524
305545
305605
305624
355370
305996
306330
306514
355564
304584
306869
306954
307212
353711
355164
308785
304248
309335
309676
309844
36546
36547
342401
346437
300124
345170
299782
351636
351681
351046
352494
351776
302414
353510
302685
350643
349323
301546
304874
302957
303045
303083
303085
303215
303220
303421
353640
303592
353017
303863
303903
303943
303968
304008
304096
304161
304192
304196
304204
304241
304266
304341
304363
304364
304399
304436
304445
304449
304458
304499
304500
304572
304610
304644
304678
304684
304686
304723
304736
304770
304784
304792
304796
304808
304812
304815
304819
304866
304882
304894
304904
304908
304919
304921
305018
305155
305173
305214
305233
305266
305286
305443
305565
305752
306426
354135
306953
355157
309052
355155
309509
310193
36553
36554
36555
36556
36558
347722
347576
348572
350107
349212
351241
300111
348491
349223
348937
349619
351378
349119
349599
351686
302046
351543
302851
350527
301090
302597
352615
353216
303894
353519
301304
351489
352093
302884
303164
303511
303574
303696
303792
303831
303832
303857
303875
303964
303988
303994
304134
304157
304219
304246
304262
304284
304353
304381
304516
304520
304523
304559
304566
304585
304591
304615
304654
304679
304704
304730
304856
304869
304938
304956
304957
304987
305055
305058
305075
305086
305146
305183
305196
305253
305272
305311
305321
305326
305386
305388
305405
305424
305453
305480
305488
305527
305627
354851
305821
305956
355272
307742
308101
355056
308447
354139
355147
354011
309051
354455
355567
304854
355882
304764
310378
299859
36566
36568
36569
36570
36571
36572
36573
341590
346638
341490
348599
350030
351096
350418
301098
351380
349917
350324
351137
351382
350197
301437
350834
353817
301360
353613
302934
351385
354841
302843
303118
303153
303749
303756
303788
303917
304006
304034
304101
304146
304164
304174
304207
304240
304263
304267
304279
304286
304328
304365
304440
304468
304497
304621
304636
304643
304681
304711
304727
304731
304802
304811
304860
304899
304917
304980
304990
304993
305072
305097
305104
305140
305157
305164
305226
305230
305245
305277
305352
305450
305625
305700
305744
305746
305772
305803
305953
354641
306599
307560
355877
352391
309145
309593
310020
36575
36576
36578
36579
36580
36581
348368
348383
349624
350124
350447
351245
350400
300390
301088
352188
350464
352184
352089
351375
351896
353611
350330
300672
355256
353898
300117
301696
303031
303284
303488
303751
303787
303935
304014
304076
304155
304195
304331
304354
304368
304373
304437
304451
304457
304513
304530
304547
304553
304567
304579
304628
304680
304696
304713
304715
304716
304724
304772
304778
304803
304810
304817
304890
304913
304945
304969
304983
304992
305005
305052
305053
305083
305161
305235
305251
305267
305269
354452
305334
305349
305351
305359
305365
305400
305416
305502
305529
305615
305635
305769
305919
354350
355880
355368
354857
354544
36584
36585
36587
36589
36590
36591
36592
36593
36594
36596
343441
347854
349113
349302
349517
351029
350561
351238
349422
349426
351362
300638
351568
346407
300999
352084
352395
351870
302050
302923
352483
353730
347762
351482
354750
349339
301890
304963
351569
301999
303209
303652
303678
303724
303763
303783
303846
303856
303996
304172
304189
304273
304274
304297
304305
304346
304374
304419
304433
304459
304466
304527
304541
304562
304620
304625
304637
304693
304708
304721
304733
304793
304798
304820
304884
304897
304940
304982
305031
305041
305044
305064
305071
305107
305132
305162
305185
305186
305197
305273
305329
305335
305339
305342
305346
305348
305361
305374
305410
305437
305446
305455
305472
305484
305487
305495
305506
305528
305536
354357
305572
305630
305650
305701
305756
305775
305782
305830
305850
354746
355156
355679
306803
308446
308448
356183
356085
308786
304669
309506
355270
355873
310288
36602
36603
36604
36605
36606
36607
343423
346136
348364
348988
349026
347700
348888
350974
350023
350945
349950
351346
351578
351585
346397
349731
351488
352910
352590
302747
352922
301459
352382
301436
301796
349493
354241
350646
298277
304329
355044
352404
356687
352999
302537
303123
303586
303848
303880
303955
304113
304280
304450
304522
354146
304606
304627
304635
304663
304814
304871
304893
304970
304985
304995
305016
305028
305067
305084
305087
305090
305147
305184
305255
305312
305385
305433
305507
305522
305541
354951
305612
305681
305705
305745
305773
305801
305823
305865
305881
305945
305993
306126
306150
306220
355785
307741
354543
308449
354141
356186
309333
305653
310646
36611
36612
36613
36615
36616
36617
341495
346031
345354
347210
349755
349632
350467
348358
349730
350533
351275
301358
349938
350869
350549
351777
351881
353209
301460
302340
352711
352870
351460
350529
300944
303532
352197
303066
303226
304054
304111
304132
304188
304260
304264
304283
304352
304369
304376
304378
304380
304389
304420
304528
304632
304671
304672
304729
304763
304783
304790
304818
304878
304947
305036
305066
305082
305096
305130
305149
305171
305187
305243
305254
305275
305305
305309
305337
305356
305375
305423
305452
305523
305586
305616
305631
305663
305702
305715
305719
305740
305786
305859
305869
306025
306052
306062
355471
306214
356499
306404
306423
306491
306511
309246
309247
355250
355054
303905
354045
310104
36620
36621
345415
349006
349133
348262
342916
348709
350355
350856
350729
347977
350098
351071
349953
351033
351361
301686
350613
351772
350653
351576
350858
351327
353288
352373
351889
299769
354846
352193
349402
355041
303754
304041
304088
304307
304351
304361
304382
304384
304427
304455
304476
304501
304561
304619
304631
304670
304712
304720
304781
304855
304889
304896
304942
304979
304986
304988
305047
305049
305050
305065
305080
305127
305236
305242
305247
305284
305409
305414
305432
305521
305534
305570
305576
305583
305617
305672
305689
305767
305770
305776
305839
305843
305968
305991
306487
307106
307294
307473
308096
356690
355363
355572
356262
310105
310553
36626
36627
36628
36629
36631
346104
347487
350409
348609
349330
349135
349698
349948
351181
300208
350309
349563
350920
351475
351769
351752
352915
301688
346803
299772
352379
350973
304159
346824
303188
350046
353319
354113
302325
355057
353420
303239
303566
303777
303821
303959
304013
304116
304203
304422
304481
304507
304535
304546
304558
304599
304706
304777
304797
304801
304870
304965
304968
304978
305061
305093
305145
305177
305194
305221
305252
305268
305276
305324
305343
305354
305368
305439
305441
305482
305494
305505
305512
305533
305558
305589
305591
305601
305614
305620
305622
305686
305692
305706
305884
305905
305923
305964
306049
306116
306205
307037
356495
307651
307739
356292
356091
308444
355556
355787
356078
310103
305030
310645
304170
305585
36635
36636
36637
36638
36639
36640
335139
338207
347239
348202
349627
298886
348308
344460
349288
349991
349752
350403
351455
351184
351069
351545
301266
349740
349739
352611
302321
352596
352243
353089
300731
348674
352889
301172
353933
299067
303547
303445
304077
353405
356064
304937
302488
303849
304102
304165
304531
304603
304608
304609
304623
304633
304789
304807
304824
304828
304873
304907
304976
304989
305004
305043
305077
305152
305156
305163
305234
305237
305240
305262
305271
305318
305330
305353
305411
305422
305426
305499
305501
305573
305592
305603
305621
305674
305753
305758
305791
305810
305848
305855
305883
305937
305950
305958
305962
305971
305981
306014
306022
306048
306099
306139
306144
306149
306185
306217
306354
306388
354946
355169
305387
307738
355467
356280
309143
309507
310192
311086
36647
36648
36649
36650
36651
36652
36653
36654
331990
342701
344987
346929
346982
348867
348105
349524
349913
348389
348688
350086
350123
349746
301094
350225
346588
351138
351544
352026
350194
352507
300994
350864
301963
300748
351724
351872
299587
354433
353639
302749
301976
352384
355025
304492
301377
303804
300397
301346
301633
303885
304080
304208
304385
304441
304491
304495
304592
304677
304701
304714
304726
304765
304837
304885
304916
304948
304953
304960
304964
304974
305009
305014
305063
305199
305200
305248
305263
305274
305295
305322
305323
305333
305340
305364
305396
305425
305430
305445
305530
305658
305665
305669
305684
305699
305708
305771
305797
305824
305827
305829
305833
305921
305942
305967
305974
306000
306020
306026
306077
306115
306125
306128
306130
306141
306152
306166
306188
306206
306215
306234
306296
306297
306367
306374
356190
306494
354642
306639
306695
307295
305731
307652
355876
308004
308445
355058
355475
309675
354538
310019
310285
310908
310996
349993
36656
36657
36658
339635
343128
349041
346813
348455
346093
349919
348560
349170
350022
350825
349335
350745
350944
351154
350862
350968
350657
352604
350656
351353
301956
352792
352286
352707
350867
299245
355871
303810
350769
301095
304005
304330
304338
304472
304505
304617
304624
304699
304775
304888
304959
305000
305029
305042
305060
305092
305138
305142
305144
305151
305166
305174
305258
305261
305283
305327
305344
305391
305434
305475
305483
305510
305514
305525
305575
305610
305626
305712
305739
305754
305788
305822
305828
305832
305842
305847
305851
305856
305943
305948
305955
306027
306031
306038
306100
306199
306219
306379
306419
306510
306541
306603
306605
306678
306728
354453
355878
306955
355881
307156
307384
306255
308099
308959
309049
309244
355886
310644
36659
36660
36661
336987
342199
347761
347555
335129
347541
344900
349636
347559
349308
349519
348146
350449
350768
351185
349529
350842
351169
351866
352476
303637
301879
351926
304587
353708
299231
348697
355152
303806
356069
305820
305165
302439
303338
303683
303805
304091
304269
304359
304536
304612
304788
305032
305070
305088
305160
305193
305227
305238
305239
305250
305257
305302
305306
305314
305345
305393
305399
305402
305403
305431
305493
305516
305568
305593
305682
305717
305755
305765
305768
305778
305779
305783
305808
305817
305846
305941
305944
305951
306019
306029
356602
306080
306112
306118
306172
306174
306197
306201
306212
306227
306232
306281
306308
306310
306369
306375
306478
306483
306485
306488
306540
306563
306569
306738
307145
355687
355681
307740
305131
305733
309503
310284
356890
353904
311341
36662
36663
36664
36665
36666
36667
36668
36669
36670
36671
36672
36673
36674
346130
345507
297393
348961
344787
346398
350612
348161
350274
347613
348678
350280
349324
299614
350003
350937
351333
300375
352037
352692
351780
351852
351847
301447
352463
303180
301866
353488
354628
303195
355366
354744
300205
348985
303786
304095
304290
304383
304510
354653
304728
304785
304859
304887
304903
305074
305202
305260
305313
305427
305479
305485
305491
305497
305519
305561
305563
305607
305623
305670
305678
305687
305693
305736
305760
305763
305790
305792
305873
305885
305924
305932
306060
306121
306176
306209
306236
306274
306365
306378
306392
306466
306471
306477
306533
306602
306650
306684
356493
306759
355683
306794
306846
306934
307013
307385
357217
305136
308784
303985
306619
309243
309245
309331
309332
309504
309931
305481
310552
310643
355460
36678
36679
36680
36681
36682
346085
346743
347166
299412
347901
347843
299403
348508
349416
349933
350861
349213
349693
350953
349735
350734
350019
351564
350268
351673
350454
301522
302062
300648
352080
350716
353702
354218
353309
353913
353310
301035
350550
352771
354436
300541
303661
303867
304033
304180
304250
304282
304432
304509
304674
304851
304872
304923
304967
305153
305167
305176
305228
305265
305282
305503
305577
305608
305609
305641
305690
305696
305703
305761
305789
305809
305819
305826
305837
305852
305866
305877
305882
305920
305938
305960
305970
305990
306034
306058
306085
306123
306161
306170
306186
356604
306373
306415
306479
306496
306527
306730
306813
306866
306986
306987
307159
357623
307922
308619
308957
355779
356781
305383
357114
356989
310740
355975
36686
36687
36688
36689
36690
36691
344581
345804
345171
345800
344902
347352
348998
349520
348211
349430
298717
348807
349910
350128
351052
350844
351078
350850
350955
352241
351563
353181
352301
352802
303270
300938
355771
356386
301953
349618
347936
304301
304538
304685
305039
305246
305331
305350
305366
305440
305447
305478
305498
305511
305535
305538
305596
305600
305606
305613
305633
305657
305662
305694
305711
305750
305774
305781
305836
305863
305900
305902
305910
305912
305930
305933
305934
305972
305975
306050
306059
306122
306192
306222
306260
306270
306278
306282
306295
306302
306309
306366
306398
306417
306445
306495
306630
306641
306670
306714
306729
306750
306831
306839
307452
357005
306617
305811
307923
308189
355974
308881
309592
310460
310551
355951
356883
311167
36692
36693
36694
36695
36696
36697
36698
36700
36701
333510
343026
346964
346786
348881
349892
348698
349094
349364
299342
347750
350092
347543
347859
351248
348818
350874
351030
350442
350828
351759
299682
350453
350634
302320
303041
346627
302942
354220
350877
354730
350978
355367
302862
354451
352376
349711
304344
357312
351486
304475
304805
304823
304832
304868
305051
305180
305325
305357
305407
305417
305513
305526
305584
305588
305611
305619
305629
305680
305840
305844
305871
305911
305980
305994
306033
306043
355686
306091
306101
306107
306189
306208
306213
306239
306251
306252
306345
306380
306384
306389
306391
306416
306462
306472
306508
306530
306537
306575
306577
306579
306652
306654
306656
356191
306724
306764
306828
306836
306867
306892
306894
307036
307067
307083
307193
356193
357318
356684
305301
356089
358025
356970
311514
304411
36702
36703
36704
36705
36706
36707
36708
36709
36710
36711
338946
341898
345453
348157
346495
350354
349694
300288
351076
350426
351972
351566
351158
351996
351641
351984
304508
302047
300840
355456
302163
300565
354318
355459
300176
356396
356596
357418
357419
303028
355055
351459
303277
303791
304537
304652
304787
304946
305056
305068
305079
305148
305215
305219
305304
305358
305444
305532
305546
305579
305599
305659
305679
305799
305818
305858
306009
306010
306012
306039
306045
306056
306079
306081
306082
306103
306124
306181
306216
306223
306230
306262
306264
306276
306277
306291
306294
306350
306377
306450
306454
306469
306554
306562
306566
306591
306592
306631
306643
306649
306661
306673
306748
306855
306903
307063
307261
307380
307557
356605
356598
356079
308701
357516
356780
355863
356489
310018
310281
310282
310283
349851
36716
36717
36718
36719
36720
36721
36722
36723
36724
36725
342423
344400
341386
346472
345600
348462
347228
350034
350104
350985
349168
349838
348611
347429
349403
344846
351842
350157
351084
351070
302149
350765
351997
350121
301092
351075
351270
351041
302132
303020
301789
353323
353934
353642
354046
354342
355780
354748
354557
302260
355554
355165
305741
358111
357106
304762
304272
306873
355329
304825
304962
304999
305035
305154
305192
305256
305341
305372
305394
305429
305435
305578
305598
305668
305675
305685
305704
305725
305749
305757
305835
305838
305854
305861
305862
356700
306097
306102
306204
306319
306357
306359
306361
306412
306420
306460
306463
306489
306549
306550
306576
306581
306644
306645
306657
306659
306762
306782
306792
306802
306861
356693
306910
306967
307023
307100
307377
307409
307472
355968
307828
308353
357000
306614
309330
309501
309502
309589
310191
357215
305412
358313
357420
311085
311682
305673
36726
36727
36728
36729
36730
36731
36732
36733
36734
344272
346075
347426
348497
349448
349198
350318
349604
348571
349600
350878
350819
349701
351424
343314
350806
349825
351389
350554
301865
351454
352909
351549
353594
352499
353511
353409
354721
351272
355885
300466
350247
352812
303104
305139
347751
347957
357617
302489
306078
301777
305389
304371
304496
304813
304886
304972
305172
305328
305382
305418
305420
305652
305660
305676
305707
305785
355166
305860
305868
305915
305995
305998
306002
306011
306032
306089
306105
306132
306143
306173
306202
306238
306256
306279
306286
306311
306324
306329
306342
306353
306421
306438
306446
306458
306486
306534
306536
306557
306565
306586
306590
306632
306653
306655
306675
306722
306752
306878
306883
306888
306908
306942
357317
306998
307069
307075
307095
307114
307116
307194
307312
307458
307737
308097
309050
310376
310642
357003
306075
311084
311255
311425
356034
311783
36735
36736
36737
36738
36739
36740
337889
344495
347137
348372
348604
349282
349307
349425
347736
350220
349174
350748
345266
350610
351264
350158
351988
351003
351167
351368
352901
352669
351542
351895
352691
350950
353297
353206
303887
354123
351336
349483
354737
346937
354845
304589
352489
355784
352816
352288
304883
355561
302590
304722
304822
304994
305150
305319
305520
305574
305666
305784
305845
305926
305931
305969
306005
306008
306013
306051
306055
306086
306160
306168
306177
306180
306190
306218
306266
306273
306293
306323
306343
306348
306371
306399
306422
306453
306456
306542
306624
306633
306634
306758
306820
306829
306881
306926
306949
307035
307076
307108
307118
357313
307381
307444
307506
307553
307629
308352
356087
309414
356585
310459
357008
356997
307569
311513
311873
36743
36744
36745
36746
36747
36748
36749
340754
339131
343411
341271
346983
345623
347146
346800
348481
348992
349889
350486
350651
351057
349515
351056
300551
351206
349751
351971
352640
302054
352378
352338
352709
353416
354366
353912
353084
349628
354243
355145
355132
303449
305656
304768
304168
356152
303274
305813
305671
303022
304082
353103
302068
302494
349181
305137
349369
350560
302841
301974
305010
305315
305401
305442
305508
305517
305581
305632
305766
305849
305853
305864
305874
305913
306037
306109
306119
306147
306183
306187
306203
306221
306263
306275
306299
306306
306307
306315
306321
306325
306358
306364
306382
306387
306394
306403
306410
306452
306468
356898
306548
306567
306636
306672
306711
306717
306721
306727
306732
306744
306761
306786
306824
306834
306843
306917
306968
306990
307059
307077
307101
307153
307171
307172
307218
307259
307335
357422
307568
307615
305648
306163
308442
356885
309140
355883
357522
300997
348086
36751
36752
36753
36754
36755
36756
36757
36758
36759
36760
36761
36762
36763
342738
343436
336673
345158
345931
341786
346907
344980
348159
346580
346912
348399
348610
347745
348676
347952
348658
349706
349086
348235
349925
351440
349496
300903
351556
351947
352773
354459
353603
351976
352097
352680
354050
343913
352454
354239
354225
355135
353940
302240
301435
353098
355258
356181
301609
351762
301795
353214
354556
356086
356179
306526
304771
302758
349272
355271
305222
303770
305069
305078
305338
305398
305428
305489
305537
305604
305667
305697
305709
305732
305748
305759
305904
305954
305957
306016
306087
306095
306131
306135
306171
306178
306210
306258
306261
306288
306346
306351
306352
306356
306400
306434
306475
306490
306492
306559
306618
306635
306640
306690
306720
306825
306827
306854
306865
306890
306918
306932
306933
356195
307006
307112
307149
307206
307229
307255
307269
307270
307306
307325
307372
307479
307536
357210
307681
307768
307855
308019
308098
355791
357004
357721
307049
309929
357425
356744
356289
311424
311872
306448
302091
303631
36764
36765
36766
36767
36768
36769
36770
36771
36772
36773
338525
340573
342200
346545
346006
345702
347673
348084
348875
342720
348785
350721
348579
350026
350282
351516
351472
349936
350617
349406
350311
301955
350868
351450
351479
351733
352541
353203
353725
353225
354215
353804
354192
354202
354922
303889
355570
304515
348723
354745
304766
303384
356074
349480
304423
350621
356185
304158
354555
305664
304084
352708
302948
301108
301632
303896
303535
305738
350668
307227
353196
352803
356798
304998
305001
305224
305317
305500
305569
305677
305870
305916
305925
305928
305946
305961
305973
306007
306024
306036
306047
306096
306108
306129
306179
306191
306196
306200
306269
306292
306303
306305
306312
306362
306368
306408
306470
306480
306582
306584
306587
306594
306679
306688
306689
306741
306746
306749
306756
306807
306809
306909
306927
306973
306975
306993
307015
307031
307058
307092
307098
307113
307125
307134
307144
307247
307359
307412
307446
307493
307579
307650
307781
307826
307959
308171
357009
306707
308441
308781
309141
310280
310736
310738
310739
311340
307940
311782
312139
36775
36776
36777
36778
36779
334238
346219
344243
347331
347989
347899
348398
347433
348281
349001
347914
350180
349000
350417
349573
349757
349442
349852
350514
350459
301618
352500
353704
303096
354236
302315
353703
354713
353680
346769
350588
301212
355017
355170
302965
350837
350155
302232
350419
352817
302771
353221
357489
303737
305038
305143
305225
305332
305515
305594
305655
305691
305901
305927
305959
306030
306061
306084
306104
306138
306184
306225
306290
306317
306372
306396
306503
306531
306553
306572
306771
306840
306860
306862
306896
306900
306907
306928
356593
306983
306988
307005
307073
307086
307088
307097
307147
307155
307166
307170
307174
307284
307289
307291
307308
307317
307366
307383
307540
307543
307548
307622
307807
307863
307900
308065
308176
308955
356896
358336
310550
310907
312233
306621
)


// ************************************************************************* //
