/*--------------------------------*- C++ -*----------------------------------*\
  =========                 |
  \\      /  F ield         | OpenFOAM: The Open Source CFD Toolbox
   \\    /   O peration     | Website:  https://openfoam.org
    \\  /    A nd           | Version:  7
     \\/     M anipulation  |
\*---------------------------------------------------------------------------*/
FoamFile
{
    version     2.0;
    format      ascii;
    class       volScalarField;
    location    "0.006";
    object      dsmcRhoN;
}
// * * * * * * * * * * * * * * * * * * * * * * * * * * * * * * * * * * * * * //

dimensions      [0 -3 0 0 0 0 0];

internalField   nonuniform List<scalar> 
654
(
16
24
27
19
15
19
20
20
22
10
12
11
15
24
21
15
26
18
13
11
12
13
16
7
13
22
20
15
8
18
13
16
16
15
12
8
10
13
8
4
9
9
11
15
19
13
13
17
15
16
16
19
16
16
18
22
9
6
11
10
7
6
8
8
5
12
13
5
7
8
6
3
12
11
13
20
14
13
15
11
14
11
17
18
9
10
13
12
11
9
11
11
10
7
9
6
6
12
8
11
8
10
9
9
10
12
17
9
22
20
19
15
12
12
8
12
14
12
4
5
9
6
7
9
8
7
10
12
10
6
8
7
11
1
6
6
11
13
14
9
15
24
12
14
8
10
8
10
7
11
6
5
6
8
5
8
9
9
6
8
9
9
10
18
11
7
11
8
18
10
13
14
10
16
11
13
6
14
11
7
7
3
6
6
9
8
9
3
12
11
9
13
8
10
8
12
12
15
12
17
13
18
17
12
8
9
16
13
7
9
10
7
5
8
11
13
10
5
10
8
14
8
9
5
10
7
9
13
11
8
10
13
10
12
5
9
12
10
7
8
8
5
8
7
12
10
9
11
7
12
10
10
9
9
2
7
13
11
13
4
13
12
14
11
9
6
12
12
7
6
7
6
7
10
7
6
6
12
8
12
7
7
6
7
13
7
14
6
10
6
8
5
8
16
12
11
7
15
7
9
6
13
9
9
7
10
5
6
7
5
5
7
5
14
10
6
11
11
7
12
5
4
10
8
9
10
9
11
9
3
8
7
8
10
11
5
10
9
17
3
7
9
3
9
5
4
9
4
15
8
11
11
10
8
6
4
4
16
10
8
3
11
8
19
5
6
9
8
8
7
12
8
5
11
7
11
9
11
11
8
6
7
7
8
7
7
9
12
8
9
12
6
18
9
7
9
6
5
8
10
6
11
8
4
18
6
10
10
1
10
5
7
10
5
8
6
11
8
10
15
11
7
9
6
5
10
6
13
5
10
8
6
7
7
8
6
7
5
7
6
12
10
12
5
8
15
10
10
11
9
6
7
8
13
8
9
4
9
4
7
9
7
8
8
9
5
5
6
5
4
13
7
9
4
7
12
9
13
3
10
7
9
8
7
15
8
8
12
14
7
8
12
2
6
9
13
9
4
11
6
5
13
11
9
12
9
8
6
9
2
6
3
10
10
20
6
12
14
2
10
7
7
16
7
6
12
7
11
8
8
5
6
8
11
7
10
8
8
11
2
8
7
7
12
5
13
10
11
3
11
7
8
8
12
9
8
6
14
7
7
5
5
3
3
7
8
4
5
8
8
3
7
10
8
7
7
9
9
8
8
11
6
11
5
4
7
7
6
8
11
10
5
5
6
5
9
15
6
12
6
12
7
11
6
4
7
4
7
7
8
8
7
4
9
3
7
8
7
5
11
9
8
5
5
12
10
5
7
7
8
8
10
7
7
11
6
8
8
7
7
5
10
12
7
9
11
4
12
7
11
9
6
9
6
)
;

boundaryField
{
    flow
    {
        type            zeroGradient;
    }
    obstacle
    {
        type            zeroGradient;
    }
    frontAndBack
    {
        type            empty;
    }
    procBoundary3to1
    {
        type            processor;
        value           nonuniform List<scalar> 
36
(
21
26
15
21
22
16
16
25
25
12
25
21
21
4
4
9
14
16
16
5
12
8
10
10
18
18
13
10
8
7
14
15
15
7
10
10
)
;
    }
    procBoundary3to2
    {
        type            processor;
        value           nonuniform List<scalar> 
19
(
8
5
11
10
4
4
9
12
4
8
9
13
11
11
10
8
7
12
6
)
;
    }
}


// ************************************************************************* //
