/*--------------------------------*- C++ -*----------------------------------*\
  =========                 |
  \\      /  F ield         | OpenFOAM: The Open Source CFD Toolbox
   \\    /   O peration     | Website:  https://openfoam.org
    \\  /    A nd           | Version:  7
     \\/     M anipulation  |
\*---------------------------------------------------------------------------*/
FoamFile
{
    version     2.0;
    format      ascii;
    class       volVectorField;
    location    "0.2";
    object      U;
}
// * * * * * * * * * * * * * * * * * * * * * * * * * * * * * * * * * * * * * //

dimensions      [0 1 -1 0 0 0 0];

internalField   nonuniform List<vector> 
1935
(
(-0.0720935 0.55208 0)
(-0.0904748 0.527408 0)
(-0.107328 0.503115 0)
(-0.122641 0.479194 0)
(-0.136421 0.455635 0)
(-0.148677 0.432445 0)
(-0.159427 0.409644 0)
(-0.168693 0.387261 0)
(-0.176505 0.365332 0)
(-0.182901 0.343899 0)
(-0.187922 0.323008 0)
(-0.19162 0.302707 0)
(-0.194053 0.283047 0)
(-0.195283 0.264074 0)
(-0.195382 0.245834 0)
(-0.194426 0.228366 0)
(-0.192494 0.211703 0)
(-0.189671 0.195871 0)
(-0.186041 0.180889 0)
(-0.181689 0.166764 0)
(-0.176699 0.153499 0)
(-0.17115 0.141086 0)
(-0.165117 0.129512 0)
(-0.158671 0.118755 0)
(-0.151873 0.108791 0)
(-0.14478 0.0995895 0)
(-0.137441 0.0911192 0)
(-0.129899 0.0833457 0)
(-0.122191 0.0762342 0)
(-0.114346 0.0697503 0)
(-0.106393 0.0638607 0)
(-0.0983547 0.0585338 0)
(-0.0902559 0.0537406 0)
(-0.0821227 0.049455 0)
(-0.0739879 0.0456557 0)
(-0.0658961 0.0423278 0)
(-0.0579112 0.0394658 0)
(-0.0501272 0.0370783 0)
(-0.0426848 0.0351942 0)
(-0.0357947 0.0338666 0)
(-0.0297666 0.0331631 0)
(-0.0250264 0.033213 0)
(-0.0221758 0.0344045 0)
(-0.0496807 0.536028 0)
(-0.0294239 0.519535 0)
(-0.0107643 0.502476 0)
(0.00625619 0.485087 0)
(-0.0686293 0.51298 0)
(-0.0488201 0.498162 0)
(-0.0305058 0.48283 0)
(-0.0137125 0.46719 0)
(-0.0860007 0.490256 0)
(-0.066618 0.477027 0)
(-0.0486384 0.463318 0)
(-0.0320749 0.449316 0)
(-0.101814 0.467837 0)
(-0.0828471 0.456118 0)
(-0.0651995 0.443946 0)
(-0.0488758 0.431483 0)
(-0.116087 0.445719 0)
(-0.097535 0.435441 0)
(-0.0802258 0.424724 0)
(-0.0641569 0.413714 0)
(-0.128841 0.423912 0)
(-0.110712 0.415008 0)
(-0.0937545 0.405674 0)
(-0.0779604 0.396039 0)
(-0.140102 0.402438 0)
(-0.122411 0.394845 0)
(-0.105824 0.386823 0)
(-0.0903286 0.37849 0)
(-0.149899 0.381325 0)
(-0.132668 0.37498 0)
(-0.116474 0.368205 0)
(-0.101304 0.361104 0)
(-0.158269 0.360607 0)
(-0.141521 0.355448 0)
(-0.125747 0.349856 0)
(-0.110932 0.343921 0)
(-0.16525 0.340325 0)
(-0.149012 0.336291 0)
(-0.133686 0.331817 0)
(-0.119256 0.326984 0)
(-0.170889 0.320523 0)
(-0.155188 0.31755 0)
(-0.140339 0.31413 0)
(-0.126325 0.310336 0)
(-0.175234 0.301247 0)
(-0.1601 0.299271 0)
(-0.145756 0.296841 0)
(-0.132187 0.294022 0)
(-0.178342 0.282542 0)
(-0.163802 0.281498 0)
(-0.149991 0.279993 0)
(-0.136896 0.278085 0)
(-0.180274 0.264455 0)
(-0.166353 0.264275 0)
(-0.153099 0.263629 0)
(-0.140505 0.262569 0)
(-0.181097 0.247028 0)
(-0.167816 0.247644 0)
(-0.155142 0.24779 0)
(-0.14307 0.247514 0)
(-0.180881 0.2303 0)
(-0.168257 0.231643 0)
(-0.156182 0.232514 0)
(-0.144652 0.232958 0)
(-0.179701 0.214304 0)
(-0.167747 0.216304 0)
(-0.156285 0.217835 0)
(-0.145312 0.218935 0)
(-0.177633 0.199065 0)
(-0.166357 0.201655 0)
(-0.155516 0.203779 0)
(-0.14511 0.205473 0)
(-0.174758 0.184605 0)
(-0.164161 0.187717 0)
(-0.153945 0.19037 0)
(-0.144112 0.192596 0)
(-0.171153 0.170934 0)
(-0.16123 0.174504 0)
(-0.151638 0.177624 0)
(-0.142381 0.180323 0)
(-0.166895 0.158058 0)
(-0.157638 0.162023 0)
(-0.148664 0.16555 0)
(-0.139978 0.168666 0)
(-0.162061 0.145973 0)
(-0.153454 0.150275 0)
(-0.145087 0.154154 0)
(-0.136965 0.157632 0)
(-0.156719 0.134669 0)
(-0.148745 0.139255 0)
(-0.14097 0.143434 0)
(-0.133401 0.147224 0)
(-0.150937 0.124132 0)
(-0.143572 0.128953 0)
(-0.136371 0.133383 0)
(-0.129342 0.137439 0)
(-0.144773 0.114342 0)
(-0.137995 0.119352 0)
(-0.131347 0.123991 0)
(-0.12484 0.128271 0)
(-0.138284 0.105274 0)
(-0.132064 0.110435 0)
(-0.125947 0.115244 0)
(-0.119944 0.11971 0)
(-0.131516 0.096902 0)
(-0.125827 0.10218 0)
(-0.120218 0.107124 0)
(-0.114699 0.111742 0)
(-0.124512 0.0891972 0)
(-0.119326 0.0945623 0)
(-0.1142 0.0996131 0)
(-0.109145 0.104354 0)
(-0.117309 0.08213 0)
(-0.112599 0.0875583 0)
(-0.107932 0.0926905 0)
(-0.103319 0.0975298 0)
(-0.109939 0.075671 0)
(-0.105677 0.0811426 0)
(-0.101446 0.0863358 0)
(-0.0972545 0.0912517 0)
(-0.10243 0.0697916 0)
(-0.0985913 0.075291 0)
(-0.0947729 0.0805285 0)
(-0.0909839 0.0855035 0)
(-0.094809 0.0644645 0)
(-0.0913694 0.0699803 0)
(-0.0879428 0.0752492 0)
(-0.0845374 0.0802694 0)
(-0.0871021 0.0596647 0)
(-0.08404 0.065189 0)
(-0.0809861 0.07048 0)
(-0.0779473 0.0755344 0)
(-0.0793392 0.05537 0)
(-0.0766357 0.0608984 0)
(-0.0739375 0.0662051 0)
(-0.0712503 0.0712856 0)
(-0.0715571 0.0515625 0)
(-0.0691968 0.0570934 0)
(-0.0668405 0.062412 0)
(-0.0644921 0.0675124 0)
(-0.0638058 0.04823 0)
(-0.0617777 0.053764 0)
(-0.059753 0.0590919 0)
(-0.0577337 0.064207 0)
(-0.0561565 0.0453686 0)
(-0.0544557 0.0509065 0)
(-0.0527568 0.0562412 0)
(-0.0510595 0.0613655 0)
(-0.0487133 0.0429855 0)
(-0.0473418 0.0485261 0)
(-0.0459675 0.053862 0)
(-0.0445881 0.058987 0)
(-0.0416288 0.0411031 0)
(-0.0405962 0.0466377 0)
(-0.0395492 0.0519621 0)
(-0.0384847 0.0570725 0)
(-0.0351256 0.0397589 0)
(-0.034446 0.0452641 0)
(-0.0337291 0.0505514 0)
(-0.0329732 0.0556215 0)
(-0.0295154 0.0389928 0)
(-0.0291978 0.0444233 0)
(-0.0288046 0.049631 0)
(-0.0283398 0.0546226 0)
(-0.0251977 0.0388658 0)
(-0.0252247 0.0441293 0)
(-0.0251235 0.0491825 0)
(-0.0249101 0.0540346 0)
(-0.0226772 0.0395831 0)
(-0.0229538 0.0444531 0)
(-0.0230567 0.0491738 0)
(-0.0230153 0.0537463 0)
(0.0225673 0.466476 0)
(0.0376833 0.446505 0)
(0.0507837 0.426373 0)
(0.0619204 0.40631 0)
(0.0711731 0.386521 0)
(0.078656 0.36718 0)
(0.0845025 0.34843 0)
(0.088858 0.330391 0)
(0.0918742 0.313155 0)
(0.0937043 0.296793 0)
(0.0944982 0.281352 0)
(0.0943996 0.26686 0)
(0.0935428 0.253328 0)
(0.0920512 0.240754 0)
(0.0900362 0.229122 0)
(0.0875966 0.218409 0)
(0.0848187 0.208585 0)
(0.081777 0.199619 0)
(0.0785344 0.191476 0)
(0.0751435 0.184125 0)
(0.0716473 0.177535 0)
(0.0680803 0.171679 0)
(0.0644696 0.166534 0)
(0.0608356 0.162081 0)
(0.0571931 0.158304 0)
(0.0535521 0.155193 0)
(0.0499186 0.152742 0)
(0.0462948 0.150946 0)
(0.0426803 0.149807 0)
(0.0390722 0.149328 0)
(0.0354658 0.149515 0)
(0.0318549 0.150379 0)
(0.0282319 0.151932 0)
(0.0245885 0.154185 0)
(0.0209156 0.157149 0)
(0.0172034 0.160825 0)
(0.0134428 0.165187 0)
(0.00964958 0.17014 0)
(0.00584925 0.175279 0)
(0.00225402 0.176628 0)
(0.00248563 0.45043 0)
(0.0176441 0.432403 0)
(0.0309408 0.414178 0)
(0.0424223 0.395954 0)
(0.0521576 0.377911 0)
(0.0602448 0.360203 0)
(0.066798 0.34296 0)
(0.071942 0.326291 0)
(0.0758074 0.310285 0)
(0.0785271 0.295012 0)
(0.0802325 0.280524 0)
(0.0810503 0.266856 0)
(0.0811009 0.254026 0)
(0.0804958 0.242043 0)
(0.0793371 0.230902 0)
(0.0777168 0.220589 0)
(0.0757165 0.211089 0)
(0.0734075 0.202378 0)
(0.0708515 0.194434 0)
(0.0681009 0.187233 0)
(0.0651996 0.180754 0)
(0.0621838 0.174978 0)
(0.0590828 0.169887 0)
(0.0559199 0.165468 0)
(0.0527127 0.161713 0)
(0.0494745 0.158614 0)
(0.0462144 0.156168 0)
(0.0429379 0.154376 0)
(0.039648 0.15324 0)
(0.0363449 0.152766 0)
(0.0330271 0.152962 0)
(0.0296912 0.153841 0)
(0.0263326 0.155414 0)
(0.0229459 0.157696 0)
(0.0195246 0.160695 0)
(0.0160618 0.164413 0)
(0.0125511 0.168824 0)
(0.00900866 0.173827 0)
(0.00545982 0.179008 0)
(0.00209915 0.180317 0)
(-0.0160086 0.434284 0)
(-0.000844313 0.418072 0)
(0.0125955 0.401629 0)
(0.0243504 0.385128 0)
(0.0344811 0.368727 0)
(0.0430723 0.352562 0)
(0.050223 0.336752 0)
(0.0560407 0.321396 0)
(0.0606388 0.306581 0)
(0.0641331 0.292375 0)
(0.0666388 0.278833 0)
(0.0682683 0.265993 0)
(0.069129 0.253882 0)
(0.0693219 0.242515 0)
(0.0689403 0.231897 0)
(0.0680695 0.222023 0)
(0.0667859 0.212887 0)
(0.0651577 0.204475 0)
(0.0632443 0.196773 0)
(0.0610974 0.189767 0)
(0.0587611 0.183441 0)
(0.0562726 0.177784 0)
(0.0536628 0.172786 0)
(0.0509568 0.168439 0)
(0.0481747 0.164737 0)
(0.0453324 0.161679 0)
(0.0424417 0.159266 0)
(0.039511 0.1575 0)
(0.036546 0.156388 0)
(0.0335499 0.155936 0)
(0.030524 0.156157 0)
(0.0274675 0.157061 0)
(0.0243788 0.158664 0)
(0.0212548 0.16098 0)
(0.0180918 0.164019 0)
(0.0148854 0.16778 0)
(0.0116318 0.172237 0)
(0.00834772 0.177287 0)
(0.00505788 0.182506 0)
(0.00193821 0.183779 0)
(-0.0329649 0.418071 0)
(-0.0178362 0.403556 0)
(-0.00430852 0.388782 0)
(0.007653 0.3739 0)
(0.0180995 0.359045 0)
(0.0271049 0.344341 0)
(0.0347551 0.329894 0)
(0.0411436 0.315798 0)
(0.0463694 0.302134 0)
(0.0505337 0.28897 0)
(0.0537382 0.276361 0)
(0.0560825 0.26435 0)
(0.0576628 0.252968 0)
(0.0585703 0.242236 0)
(0.0588902 0.232165 0)
(0.0587011 0.222761 0)
(0.0580747 0.214023 0)
(0.0570753 0.205946 0)
(0.0557599 0.198524 0)
(0.054179 0.191749 0)
(0.0523761 0.185614 0)
(0.0503889 0.180113 0)
(0.048249 0.175242 0)
(0.0459832 0.170997 0)
(0.0436133 0.167379 0)
(0.0411573 0.16439 0)
(0.0386292 0.162033 0)
(0.0360399 0.160316 0)
(0.0333976 0.159245 0)
(0.0307081 0.158833 0)
(0.0279749 0.15909 0)
(0.0252 0.160031 0)
(0.0223841 0.161672 0)
(0.0195266 0.164028 0)
(0.0166263 0.167109 0)
(0.013681 0.170916 0)
(0.0106894 0.175419 0)
(0.00766856 0.180513 0)
(0.00464277 0.185764 0)
(0.00176981 0.186999 0)
(-0.0484282 0.401826 0)
(-0.0333773 0.388904 0)
(-0.0198171 0.375697 0)
(-0.00771539 0.362336 0)
(0.00297249 0.348941 0)
(0.0123097 0.335621 0)
(0.0203706 0.322473 0)
(0.0272371 0.309585 0)
(0.0329955 0.297032 0)
(0.0377352 0.284883 0)
(0.0415457 0.273191 0)
(0.0445157 0.262003 0)
(0.0467314 0.251354 0)
(0.0482751 0.241268 0)
(0.0492246 0.231764 0)
(0.0496524 0.222853 0)
(0.0496249 0.214541 0)
(0.0492029 0.206829 0)
(0.0484407 0.199718 0)
(0.047387 0.193207 0)
(0.0460846 0.187294 0)
(0.0445708 0.18198 0)
(0.0428779 0.177265 0)
(0.0410334 0.173152 0)
(0.0390606 0.169644 0)
(0.0369789 0.166747 0)
(0.0348044 0.164469 0)
(0.03255 0.16282 0)
(0.0302259 0.161809 0)
(0.02784 0.16145 0)
(0.0253982 0.161757 0)
(0.0229048 0.162745 0)
(0.0203626 0.164432 0)
(0.0177733 0.166833 0)
(0.0151378 0.16996 0)
(0.0124563 0.173812 0)
(0.00972962 0.178359 0)
(0.00697522 0.183494 0)
(0.00421715 0.188774 0)
(0.00159629 0.189968 0)
(-0.0624429 0.385588 0)
(-0.0475114 0.374166 0)
(-0.0339715 0.362433 0)
(-0.0217929 0.350505 0)
(-0.0109355 0.338488 0)
(-0.00134374 0.326481 0)
(0.00704654 0.31457 0)
(0.0143061 0.302838 0)
(0.0205107 0.291358 0)
(0.0257391 0.280194 0)
(0.0300705 0.269402 0)
(0.033584 0.259028 0)
(0.0363569 0.249109 0)
(0.0384635 0.239677 0)
(0.0399747 0.230752 0)
(0.0409571 0.22235 0)
(0.0414724 0.214484 0)
(0.0415775 0.207161 0)
(0.0413241 0.200387 0)
(0.0407587 0.194167 0)
(0.039923 0.188504 0)
(0.0388537 0.183403 0)
(0.0375832 0.178871 0)
(0.0361395 0.174914 0)
(0.0345467 0.171539 0)
(0.0328256 0.168757 0)
(0.0309936 0.166578 0)
(0.0290653 0.165014 0)
(0.0270527 0.164078 0)
(0.0249656 0.163786 0)
(0.022812 0.164154 0)
(0.0205979 0.165199 0)
(0.0183283 0.166938 0)
(0.0160069 0.169389 0)
(0.0136367 0.172564 0)
(0.01122 0.176461 0)
(0.00875964 0.181051 0)
(0.0062736 0.186223 0)
(0.00378566 0.191525 0)
(0.00142091 0.192671 0)
(-0.0750535 0.369396 0)
(-0.0602828 0.35939 0)
(-0.0468135 0.349047 0)
(-0.0346167 0.33847 0)
(-0.0236563 0.327755 0)
(-0.0138829 0.316991 0)
(-0.0052398 0.30626 0)
(0.00233464 0.295636 0)
(0.00890619 0.285188 0)
(0.0145438 0.274979 0)
(0.0193179 0.265064 0)
(0.023299 0.255491 0)
(0.0265563 0.246299 0)
(0.0291572 0.237521 0)
(0.0311659 0.229181 0)
(0.0326438 0.221302 0)
(0.0336479 0.213897 0)
(0.0342313 0.206982 0)
(0.0344429 0.200565 0)
(0.0343271 0.194657 0)
(0.033924 0.189267 0)
(0.0332696 0.184403 0)
(0.0323958 0.180076 0)
(0.0313309 0.176296 0)
(0.0300997 0.173075 0)
(0.0287236 0.170426 0)
(0.0272212 0.168363 0)
(0.0256085 0.166901 0)
(0.0238991 0.166055 0)
(0.0221042 0.165842 0)
(0.0202335 0.16628 0)
(0.0182949 0.167389 0)
(0.0162951 0.169187 0)
(0.0142398 0.171692 0)
(0.0121337 0.174916 0)
(0.00998116 0.178859 0)
(0.0077871 0.183489 0)
(0.00556984 0.188693 0)
(0.00335279 0.194011 0)
(0.00124585 0.195102 0)
(-0.0863046 0.353293 0)
(-0.0717363 0.344623 0)
(-0.0583856 0.335592 0)
(-0.0462254 0.326291 0)
(-0.035223 0.316808 0)
(-0.0253343 0.307224 0)
(-0.0165092 0.297613 0)
(-0.00869328 0.288048 0)
(-0.00182867 0.278592 0)
(0.00414499 0.269308 0)
(0.00928964 0.260247 0)
(0.013668 0.251459 0)
(0.0173422 0.242984 0)
(0.020373 0.234857 0)
(0.0228189 0.227106 0)
(0.024736 0.219755 0)
(0.0261771 0.212824 0)
(0.0271917 0.206329 0)
(0.0278256 0.200286 0)
(0.0281211 0.194708 0)
(0.0281165 0.189608 0)
(0.0278469 0.185 0)
(0.0273436 0.180897 0)
(0.0266347 0.177313 0)
(0.0257453 0.174264 0)
(0.0246974 0.171765 0)
(0.0235104 0.169833 0)
(0.0222013 0.168486 0)
(0.0207849 0.167741 0)
(0.0192739 0.167618 0)
(0.0176794 0.168136 0)
(0.0160108 0.169315 0)
(0.0142764 0.171176 0)
(0.0124836 0.173738 0)
(0.010639 0.177013 0)
(0.00874851 0.181001 0)
(0.0068191 0.185669 0)
(0.00486929 0.1909 0)
(0.00292161 0.196226 0)
(0.00107189 0.197256 0)
(-0.0962412 0.337322 0)
(-0.0819166 0.329915 0)
(-0.0687308 0.322121 0)
(-0.0566585 0.314026 0)
(-0.0456703 0.305708 0)
(-0.035727 0.297242 0)
(-0.0267842 0.288698 0)
(-0.0187938 0.280143 0)
(-0.0117047 0.27164 0)
(-0.0054635 0.263246 0)
(-1.53791e-05 0.255015 0)
(0.00469503 0.246993 0)
(0.00872316 0.239223 0)
(0.0121238 0.231741 0)
(0.0149501 0.224577 0)
(0.0172532 0.217757 0)
(0.0190819 0.211306 0)
(0.0204821 0.205242 0)
(0.0214969 0.199584 0)
(0.022166 0.194349 0)
(0.0225263 0.189555 0)
(0.0226113 0.185217 0)
(0.0224517 0.181353 0)
(0.0220753 0.177981 0)
(0.0215071 0.175118 0)
(0.0207695 0.172783 0)
(0.0198824 0.170996 0)
(0.0188636 0.169775 0)
(0.0177289 0.169142 0)
(0.016492 0.169118 0)
(0.0151654 0.169722 0)
(0.0137599 0.170978 0)
(0.0122851 0.172907 0)
(0.0107498 0.175528 0)
(0.00916231 0.178854 0)
(0.00753018 0.182885 0)
(0.00586199 0.187587 0)
(0.0041763 0.19284 0)
(0.00249384 0.198167 0)
(0.000898428 0.199129 0)
(-0.104909 0.321528 0)
(-0.0908687 0.315311 0)
(-0.0778921 0.308687 0)
(-0.065956 0.30173 0)
(-0.0550343 0.294514 0)
(-0.045092 0.287108 0)
(-0.0360901 0.279577 0)
(-0.027986 0.271986 0)
(-0.0207347 0.264394 0)
(-0.0142889 0.256857 0)
(-0.00859997 0.249427 0)
(-0.00361863 0.242152 0)
(0.000704666 0.235072 0)
(0.00441881 0.228224 0)
(0.00757188 0.221642 0)
(0.0102107 0.215354 0)
(0.0123799 0.209384 0)
(0.0141222 0.203757 0)
(0.0154777 0.198492 0)
(0.0164838 0.193611 0)
(0.0171756 0.189133 0)
(0.0175852 0.185078 0)
(0.0177426 0.181466 0)
(0.0176747 0.178317 0)
(0.0174065 0.175653 0)
(0.0169604 0.173494 0)
(0.0163568 0.171861 0)
(0.0156139 0.170778 0)
(0.0147482 0.170265 0)
(0.0137746 0.170346 0)
(0.0127064 0.171044 0)
(0.0115555 0.172381 0)
(0.010333 0.174381 0)
(0.00904889 0.177062 0)
(0.00771271 0.18044 0)
(0.00633355 0.184512 0)
(0.00492128 0.189245 0)
(0.00349413 0.194515 0)
(0.00206838 0.199836 0)
(0.000719755 0.200723 0)
(-0.112355 0.305957 0)
(-0.0986383 0.300862 0)
(-0.085913 0.295338 0)
(-0.0741585 0.289454 0)
(-0.0633515 0.283279 0)
(-0.0534615 0.276877 0)
(-0.044454 0.270309 0)
(-0.0362917 0.263636 0)
(-0.0289348 0.256915 0)
(-0.0223417 0.250201 0)
(-0.0164693 0.243544 0)
(-0.0112736 0.23699 0)
(-0.0067105 0.230583 0)
(-0.00273583 0.224358 0)
(0.000693768 0.21835 0)
(0.0036206 0.212588 0)
(0.00608564 0.2071 0)
(0.00812821 0.201911 0)
(0.00978562 0.197045 0)
(0.0110931 0.192523 0)
(0.0120838 0.18837 0)
(0.0127885 0.184606 0)
(0.0132359 0.181256 0)
(0.0134525 0.178341 0)
(0.0134627 0.175884 0)
(0.0132888 0.17391 0)
(0.0129513 0.172442 0)
(0.012469 0.171503 0)
(0.0118589 0.171118 0)
(0.0111364 0.171311 0)
(0.0103159 0.172106 0)
(0.00941016 0.173528 0)
(0.00843131 0.1756 0)
(0.00739054 0.178343 0)
(0.00629852 0.181771 0)
(0.00516547 0.185883 0)
(0.00400217 0.190643 0)
(0.00282621 0.195927 0)
(0.00164515 0.20124 0)
(0.00053305 0.202019 0)
(-0.118628 0.290655 0)
(-0.105272 0.286613 0)
(-0.0928374 0.282123 0)
(-0.0813065 0.277251 0)
(-0.0706591 0.272057 0)
(-0.0608684 0.266603 0)
(-0.0519044 0.260947 0)
(-0.0437345 0.255147 0)
(-0.0363239 0.249258 0)
(-0.0296358 0.243332 0)
(-0.0236322 0.237418 0)
(-0.0182741 0.231563 0)
(-0.013522 0.225808 0)
(-0.00933626 0.22019 0)
(-0.00567778 0.214745 0)
(-0.00250809 0.209503 0)
(0.00021021 0.204493 0)
(0.00251317 0.199741 0)
(0.00443538 0.195274 0)
(0.0060098 0.191117 0)
(0.00726764 0.187293 0)
(0.00823825 0.183827 0)
(0.00894914 0.180744 0)
(0.00942597 0.17807 0)
(0.0096926 0.175829 0)
(0.00977115 0.174047 0)
(0.0096821 0.172749 0)
(0.00944434 0.171962 0)
(0.0090753 0.17171 0)
(0.00859103 0.172019 0)
(0.00800639 0.172915 0)
(0.00733516 0.174424 0)
(0.00659023 0.17657 0)
(0.0057838 0.179374 0)
(0.00492746 0.182851 0)
(0.00403238 0.187001 0)
(0.00311004 0.191787 0)
(0.00217746 0.197084 0)
(0.00123231 0.202388 0)
(0.000349117 0.203007 0)
(-0.123778 0.275666 0)
(-0.110817 0.27261 0)
(-0.0987098 0.269091 0)
(-0.0874414 0.265167 0)
(-0.0769947 0.260897 0)
(-0.0673465 0.256338 0)
(-0.058471 0.251545 0)
(-0.0503398 0.246573 0)
(-0.0429227 0.241475 0)
(-0.0361875 0.236302 0)
(-0.0301006 0.231101 0)
(-0.0246276 0.225918 0)
(-0.0197332 0.220795 0)
(-0.0153821 0.215767 0)
(-0.0115389 0.210872 0)
(-0.00816886 0.20614 0)
(-0.0052378 0.201601 0)
(-0.0027126 0.197284 0)
(-0.000561268 0.193215 0)
(0.00124686 0.189421 0)
(0.00274103 0.185928 0)
(0.00394904 0.182764 0)
(0.00489717 0.179954 0)
(0.00561019 0.177525 0)
(0.00611131 0.175505 0)
(0.00642227 0.17392 0)
(0.00656338 0.172798 0)
(0.00655359 0.172166 0)
(0.00641053 0.172051 0)
(0.00615065 0.17248 0)
(0.00578931 0.17348 0)
(0.00534093 0.175077 0)
(0.00481915 0.177297 0)
(0.00423693 0.180162 0)
(0.00360672 0.183686 0)
(0.00294049 0.18787 0)
(0.00225041 0.192679 0)
(0.0015531 0.197987 0)
(0.000838565 0.203282 0)
(0.000178385 0.2037 0)
(-0.127856 0.261033 0)
(-0.115322 0.258897 0)
(-0.103576 0.256285 0)
(-0.0926055 0.253249 0)
(-0.0823968 0.249846 0)
(-0.0729304 0.246129 0)
(-0.0641842 0.24215 0)
(-0.056134 0.237962 0)
(-0.0487535 0.233615 0)
(-0.0420148 0.229159 0)
(-0.0358885 0.224641 0)
(-0.0303442 0.220104 0)
(-0.0253506 0.215589 0)
(-0.0208763 0.211133 0)
(-0.0168894 0.206772 0)
(-0.0133585 0.202538 0)
(-0.0102526 0.198462 0)
(-0.0075412 0.194572 0)
(-0.00519489 0.190897 0)
(-0.00318514 0.187466 0)
(-0.00148456 0.184305 0)
(-6.69245e-05 0.181442 0)
(0.00109275 0.178907 0)
(0.00201819 0.176726 0)
(0.00273189 0.17493 0)
(0.0032551 0.173546 0)
(0.00360786 0.172602 0)
(0.00380901 0.172129 0)
(0.00387626 0.172153 0)
(0.00382631 0.172704 0)
(0.00367489 0.173809 0)
(0.00343691 0.175495 0)
(0.00312659 0.177789 0)
(0.00275754 0.180713 0)
(0.00234291 0.184282 0)
(0.0018954 0.188497 0)
(0.00142788 0.193325 0)
(0.000957352 0.19864 0)
(0.000469585 0.203924 0)
(2.52307e-05 0.204113 0)
(-0.130917 0.246797 0)
(-0.118837 0.245516 0)
(-0.107482 0.243747 0)
(-0.0968418 0.241541 0)
(-0.0869049 0.238948 0)
(-0.0776557 0.23602 0)
(-0.0690758 0.232807 0)
(-0.0611447 0.229359 0)
(-0.0538399 0.225724 0)
(-0.0471375 0.22195 0)
(-0.0410118 0.218082 0)
(-0.0354362 0.214163 0)
(-0.0303831 0.210232 0)
(-0.0258244 0.206328 0)
(-0.0217318 0.202485 0)
(-0.0180769 0.198736 0)
(-0.0148315 0.195111 0)
(-0.0119679 0.191641 0)
(-0.00945882 0.188354 0)
(-0.00727799 0.185281 0)
(-0.00539979 0.182449 0)
(-0.00379954 0.179888 0)
(-0.00245355 0.177627 0)
(-0.00133911 0.175695 0)
(-0.00043454 0.174123 0)
(0.000280802 0.172941 0)
(0.000826551 0.172179 0)
(0.00122132 0.171865 0)
(0.00148281 0.17203 0)
(0.00162782 0.172703 0)
(0.00167231 0.173913 0)
(0.00163156 0.175687 0)
(0.00152025 0.178054 0)
(0.00135251 0.181034 0)
(0.00114211 0.184646 0)
(0.00090251 0.188889 0)
(0.000647295 0.19373 0)
(0.000392172 0.199047 0)
(0.000123942 0.204319 0)
(-0.000110635 0.204259 0)
(-0.133015 0.232997 0)
(-0.121415 0.232505 0)
(-0.110477 0.231517 0)
(-0.100194 0.230081 0)
(-0.0905591 0.228244 0)
(-0.0815587 0.226054 0)
(-0.0731782 0.223559 0)
(-0.0654006 0.220807 0)
(-0.058207 0.217844 0)
(-0.0515769 0.214715 0)
(-0.0454882 0.211466 0)
(-0.0399178 0.208136 0)
(-0.0348415 0.204766 0)
(-0.0302344 0.201392 0)
(-0.0260712 0.198049 0)
(-0.0223265 0.194768 0)
(-0.0189747 0.191583 0)
(-0.0159905 0.188522 0)
(-0.0133492 0.185616 0)
(-0.0110263 0.182895 0)
(-0.00899795 0.180388 0)
(-0.00724102 0.178124 0)
(-0.0057331 0.176136 0)
(-0.00445254 0.174452 0)
(-0.00337855 0.173105 0)
(-0.00249113 0.172125 0)
(-0.00177113 0.171542 0)
(-0.00120023 0.171389 0)
(-0.00076089 0.171695 0)
(-0.000436315 0.17249 0)
(-0.000210404 0.173803 0)
(-6.76559e-05 0.175665 0)
(6.92138e-06 0.178102 0)
(2.7904e-05 0.181137 0)
(9.56472e-06 0.184787 0)
(-3.39348e-05 0.189053 0)
(-8.82424e-05 0.193902 0)
(-0.000139183 0.199213 0)
(-0.000198272 0.204469 0)
(-0.000233836 0.204161 0)
(-0.134208 0.219665 0)
(-0.123107 0.219898 0)
(-0.112609 0.219631 0)
(-0.102708 0.218906 0)
(-0.0934007 0.217771 0)
(-0.0846769 0.216268 0)
(-0.0765251 0.214445 0)
(-0.0689316 0.212345 0)
(-0.0618808 0.210014 0)
(-0.0553555 0.207496 0)
(-0.0493369 0.204832 0)
(-0.0438049 0.202064 0)
(-0.0387386 0.199228 0)
(-0.034116 0.196362 0)
(-0.0299146 0.193498 0)
(-0.0261117 0.190671 0)
(-0.0226843 0.18791 0)
(-0.0196096 0.185248 0)
(-0.0168647 0.182713 0)
(-0.0144271 0.180336 0)
(-0.0122747 0.178147 0)
(-0.010386 0.176177 0)
(-0.00873962 0.174457 0)
(-0.00731518 0.173019 0)
(-0.00609271 0.171894 0)
(-0.00505296 0.171114 0)
(-0.00417731 0.170711 0)
(-0.00344782 0.170716 0)
(-0.00284718 0.171161 0)
(-0.0023587 0.172077 0)
(-0.00196628 0.173493 0)
(-0.00165428 0.175439 0)
(-0.00140749 0.177944 0)
(-0.00121104 0.18103 0)
(-0.00105023 0.184715 0)
(-0.000910325 0.188999 0)
(-0.000776386 0.193851 0)
(-0.000635287 0.199149 0)
(-0.000496061 0.20438 0)
(-0.000345169 0.203837 0)
(-0.134554 0.206831 0)
(-0.123969 0.207726 0)
(-0.113927 0.208119 0)
(-0.104429 0.20805 0)
(-0.0954714 0.207563 0)
(-0.0870482 0.206698 0)
(-0.0791508 0.2055 0)
(-0.0717684 0.20401 0)
(-0.0648886 0.202272 0)
(-0.0584972 0.200328 0)
(-0.0525783 0.198218 0)
(-0.0471149 0.195981 0)
(-0.0420888 0.193653 0)
(-0.0374807 0.191271 0)
(-0.0332709 0.188868 0)
(-0.0294392 0.186476 0)
(-0.0259649 0.184125 0)
(-0.0228274 0.181847 0)
(-0.0200058 0.179672 0)
(-0.0174795 0.17763 0)
(-0.015228 0.175752 0)
(-0.0132311 0.174069 0)
(-0.0114689 0.172613 0)
(-0.00992206 0.171416 0)
(-0.00857154 0.17051 0)
(-0.00739882 0.169927 0)
(-0.00638588 0.169701 0)
(-0.00551524 0.169863 0)
(-0.00476989 0.170445 0)
(-0.00413335 0.171478 0)
(-0.00358957 0.172994 0)
(-0.00312292 0.175023 0)
(-0.00271807 0.177592 0)
(-0.00235992 0.180726 0)
(-0.00203347 0.18444 0)
(-0.00172355 0.188738 0)
(-0.00141473 0.193586 0)
(-0.00109477 0.198865 0)
(-0.000770311 0.204062 0)
(-0.000446434 0.203298 0)
(-0.134112 0.19452 0)
(-0.124053 0.196016 0)
(-0.114483 0.19701 0)
(-0.105403 0.197542 0)
(-0.0968136 0.19765 0)
(-0.0887113 0.197375 0)
(-0.0810903 0.196757 0)
(-0.0739426 0.195835 0)
(-0.0672587 0.194651 0)
(-0.0610269 0.193245 0)
(-0.0552343 0.191656 0)
(-0.0498665 0.189921 0)
(-0.0449078 0.188075 0)
(-0.0403418 0.186154 0)
(-0.0361509 0.18419 0)
(-0.0323173 0.182213 0)
(-0.0288227 0.180257 0)
(-0.0256482 0.178349 0)
(-0.0227751 0.176522 0)
(-0.0201845 0.174804 0)
(-0.0178573 0.173228 0)
(-0.0157749 0.171825 0)
(-0.0139186 0.170626 0)
(-0.0122701 0.169664 0)
(-0.0108113 0.168972 0)
(-0.00952449 0.168583 0)
(-0.00839232 0.16853 0)
(-0.00739777 0.168845 0)
(-0.00652424 0.169561 0)
(-0.00575552 0.170709 0)
(-0.00507572 0.172322 0)
(-0.00446927 0.17443 0)
(-0.00392082 0.177059 0)
(-0.00341517 0.180236 0)
(-0.00293709 0.183977 0)
(-0.00247107 0.188282 0)
(-0.00200138 0.193121 0)
(-0.00151656 0.198373 0)
(-0.00102111 0.203528 0)
(-0.000538202 0.20256 0)
(-0.13294 0.182754 0)
(-0.123414 0.184789 0)
(-0.114326 0.186328 0)
(-0.105676 0.187407 0)
(-0.0974699 0.188061 0)
(-0.0897053 0.188328 0)
(-0.0823793 0.188245 0)
(-0.0754865 0.18785 0)
(-0.0690198 0.187182 0)
(-0.0629704 0.186279 0)
(-0.0573276 0.185179 0)
(-0.0520796 0.183916 0)
(-0.047213 0.182525 0)
(-0.0427137 0.18104 0)
(-0.0385667 0.179493 0)
(-0.0347561 0.177914 0)
(-0.0312655 0.176333 0)
(-0.0280782 0.174782 0)
(-0.0251771 0.173288 0)
(-0.0225449 0.171884 0)
(-0.0201642 0.1706 0)
(-0.0180177 0.169467 0)
(-0.0160879 0.168518 0)
(-0.0143576 0.167785 0)
(-0.0128097 0.167301 0)
(-0.0114273 0.167101 0)
(-0.0101935 0.167216 0)
(-0.00909206 0.16768 0)
(-0.00810673 0.168525 0)
(-0.00722167 0.169785 0)
(-0.00642123 0.171491 0)
(-0.00568999 0.173673 0)
(-0.00501265 0.176359 0)
(-0.00437397 0.179575 0)
(-0.00375863 0.183337 0)
(-0.0031509 0.187645 0)
(-0.00253481 0.192469 0)
(-0.00189975 0.197687 0)
(-0.00124819 0.202793 0)
(-0.000620542 0.201636 0)
(-0.131096 0.171545 0)
(-0.122107 0.174063 0)
(-0.113505 0.176093 0)
(-0.105296 0.177667 0)
(-0.0974831 0.178818 0)
(-0.0900694 0.179581 0)
(-0.0830535 0.17999 0)
(-0.0764326 0.180082 0)
(-0.0702017 0.179893 0)
(-0.0643542 0.179458 0)
(-0.0588819 0.178814 0)
(-0.053775 0.177994 0)
(-0.0490226 0.177032 0)
(-0.0446125 0.175959 0)
(-0.0405319 0.174806 0)
(-0.0367668 0.173604 0)
(-0.0333027 0.172383 0)
(-0.0301247 0.17117 0)
(-0.0272174 0.169997 0)
(-0.0245651 0.168894 0)
(-0.0221518 0.16789 0)
(-0.0199615 0.167018 0)
(-0.0179779 0.16631 0)
(-0.0161849 0.165798 0)
(-0.0145663 0.165517 0)
(-0.0131059 0.165498 0)
(-0.0117877 0.165776 0)
(-0.010596 0.166384 0)
(-0.00951506 0.167355 0)
(-0.00852938 0.168721 0)
(-0.00762365 0.170516 0)
(-0.00678266 0.172768 0)
(-0.00599124 0.175507 0)
(-0.00523422 0.178756 0)
(-0.00449626 0.182534 0)
(-0.0037615 0.18684 0)
(-0.00301389 0.191642 0)
(-0.00224361 0.196822 0)
(-0.00145124 0.20187 0)
(-0.00069339 0.200542 0)
(-0.128639 0.160905 0)
(-0.120185 0.163851 0)
(-0.112072 0.166319 0)
(-0.104306 0.168339 0)
(-0.0968953 0.16994 0)
(-0.0898426 0.171155 0)
(-0.083149 0.172015 0)
(-0.0768137 0.172555 0)
(-0.0708341 0.172808 0)
(-0.0652053 0.172808 0)
(-0.0599214 0.172588 0)
(-0.0549746 0.172182 0)
(-0.0503559 0.171621 0)
(-0.0460551 0.170936 0)
(-0.0420612 0.170156 0)
(-0.0383621 0.169311 0)
(-0.0349451 0.168429 0)
(-0.0317969 0.16754 0)
(-0.0289036 0.166672 0)
(-0.0262511 0.165856 0)
(-0.0238247 0.165121 0)
(-0.0216096 0.1645 0)
(-0.0195909 0.164023 0)
(-0.0177533 0.163725 0)
(-0.0160815 0.163637 0)
(-0.0145604 0.163794 0)
(-0.0131745 0.164228 0)
(-0.0119088 0.164975 0)
(-0.0107481 0.166066 0)
(-0.0096773 0.167534 0)
(-0.00868151 0.169412 0)
(-0.00774577 0.171729 0)
(-0.00685512 0.174516 0)
(-0.00599452 0.177795 0)
(-0.00514871 0.181583 0)
(-0.00430183 0.185882 0)
(-0.00343779 0.190658 0)
(-0.00254758 0.195791 0)
(-0.00163 0.200776 0)
(-0.000756679 0.199294 0)
(-0.125621 0.15084 0)
(-0.117698 0.154162 0)
(-0.110073 0.15702 0)
(-0.102753 0.159438 0)
(-0.0957483 0.161445 0)
(-0.0890634 0.163069 0)
(-0.0827012 0.164341 0)
(-0.0766628 0.16529 0)
(-0.070947 0.16595 0)
(-0.0655513 0.166351 0)
(-0.0604712 0.166526 0)
(-0.0557008 0.166505 0)
(-0.051233 0.166319 0)
(-0.0470593 0.165996 0)
(-0.0431704 0.165567 0)
(-0.0395559 0.165058 0)
(-0.0362047 0.164497 0)
(-0.0331049 0.163914 0)
(-0.0302443 0.163336 0)
(-0.02761 0.162793 0)
(-0.0251887 0.162315 0)
(-0.0229669 0.161933 0)
(-0.0209306 0.161678 0)
(-0.0190656 0.161583 0)
(-0.0173576 0.161681 0)
(-0.0157921 0.162006 0)
(-0.0143547 0.162591 0)
(-0.0130308 0.163469 0)
(-0.0118058 0.164674 0)
(-0.0106651 0.166239 0)
(-0.00959428 0.168195 0)
(-0.00857865 0.170573 0)
(-0.00760354 0.173402 0)
(-0.00665413 0.176706 0)
(-0.00571531 0.1805 0)
(-0.00477128 0.184786 0)
(-0.00380604 0.18953 0)
(-0.00281134 0.194612 0)
(-0.00178431 0.199528 0)
(-0.000810384 0.197909 0)
(-0.122097 0.14135 0)
(-0.114697 0.145001 0)
(-0.107555 0.148202 0)
(-0.10068 0.150975 0)
(-0.0940827 0.153345 0)
(-0.0877698 0.155339 0)
(-0.0817455 0.156983 0)
(-0.0760122 0.158306 0)
(-0.0705707 0.159338 0)
(-0.0654197 0.160109 0)
(-0.0605564 0.160648 0)
(-0.0559766 0.160984 0)
(-0.0516747 0.161146 0)
(-0.0476439 0.161163 0)
(-0.0438762 0.16106 0)
(-0.0403629 0.160867 0)
(-0.0370944 0.160609 0)
(-0.0340602 0.160315 0)
(-0.0312493 0.160011 0)
(-0.0286504 0.159728 0)
(-0.0262512 0.159493 0)
(-0.0240393 0.159338 0)
(-0.022002 0.159294 0)
(-0.0201259 0.159393 0)
(-0.0183977 0.159668 0)
(-0.0168037 0.160153 0)
(-0.0153302 0.160881 0)
(-0.0139633 0.161884 0)
(-0.0126891 0.163197 0)
(-0.0114935 0.164853 0)
(-0.0103623 0.166882 0)
(-0.00928145 0.169316 0)
(-0.00823652 0.172182 0)
(-0.00721297 0.175505 0)
(-0.00619591 0.179301 0)
(-0.0051697 0.183569 0)
(-0.0041185 0.188276 0)
(-0.00303479 0.193301 0)
(-0.00191418 0.198141 0)
(-0.000854539 0.196402 0)
(-0.118117 0.132433 0)
(-0.111228 0.136368 0)
(-0.104562 0.139869 0)
(-0.0981282 0.142956 0)
(-0.0919378 0.14565 0)
(-0.0859986 0.147975 0)
(-0.0803162 0.149956 0)
(-0.0748943 0.151618 0)
(-0.0697349 0.15299 0)
(-0.0648381 0.154099 0)
(-0.0602025 0.154973 0)
(-0.0558253 0.155639 0)
(-0.0517023 0.156124 0)
(-0.047828 0.156455 0)
(-0.044196 0.156659 0)
(-0.0407988 0.15676 0)
(-0.0376282 0.156786 0)
(-0.034675 0.156763 0)
(-0.0319297 0.156718 0)
(-0.0293817 0.156678 0)
(-0.0270203 0.156674 0)
(-0.0248341 0.156734 0)
(-0.0228112 0.15689 0)
(-0.0209394 0.157173 0)
(-0.0192061 0.157616 0)
(-0.0175987 0.158253 0)
(-0.016104 0.159115 0)
(-0.0147089 0.160237 0)
(-0.0134 0.161652 0)
(-0.0121639 0.163392 0)
(-0.0109868 0.165488 0)
(-0.00985512 0.167972 0)
(-0.00875477 0.170871 0)
(-0.00767158 0.174209 0)
(-0.00659093 0.178001 0)
(-0.00549739 0.182246 0)
(-0.00437539 0.186911 0)
(-0.00321811 0.191875 0)
(-0.00201973 0.196634 0)
(-0.000889237 0.194792 0)
(-0.113726 0.124084 0)
(-0.107337 0.128263 0)
(-0.101137 0.132025 0)
(-0.0951384 0.135387 0)
(-0.0893516 0.138368 0)
(-0.0837857 0.140988 0)
(-0.0784471 0.143271 0)
(-0.0733406 0.14524 0)
(-0.0684691 0.146921 0)
(-0.0638339 0.148338 0)
(-0.0594349 0.149519 0)
(-0.0552704 0.150488 0)
(-0.0513373 0.151271 0)
(-0.0476315 0.151894 0)
(-0.0441478 0.152381 0)
(-0.04088 0.152757 0)
(-0.0378209 0.153048 0)
(-0.0349628 0.153279 0)
(-0.0322972 0.153475 0)
(-0.0298147 0.153666 0)
(-0.0275055 0.153877 0)
(-0.0253594 0.15414 0)
(-0.0233654 0.154484 0)
(-0.0215123 0.154941 0)
(-0.0197884 0.155543 0)
(-0.0181818 0.156322 0)
(-0.0166801 0.157312 0)
(-0.0152709 0.158545 0)
(-0.0139415 0.160054 0)
(-0.0126788 0.161872 0)
(-0.0114699 0.16403 0)
(-0.0103013 0.166559 0)
(-0.00915969 0.169485 0)
(-0.00803109 0.172833 0)
(-0.00690127 0.176616 0)
(-0.00575509 0.180835 0)
(-0.00457727 0.185454 0)
(-0.0033617 0.190351 0)
(-0.00210128 0.195025 0)
(-0.000914628 0.193096 0)
(-0.108968 0.116293 0)
(-0.103064 0.120679 0)
(-0.0973202 0.124666 0)
(-0.0917484 0.128269 0)
(-0.0863605 0.131502 0)
(-0.0811656 0.134386 0)
(-0.0761709 0.136939 0)
(-0.0713818 0.139183 0)
(-0.0668022 0.141143 0)
(-0.0624344 0.142841 0)
(-0.058279 0.144301 0)
(-0.0543353 0.145547 0)
(-0.0506015 0.146604 0)
(-0.0470745 0.147496 0)
(-0.0437501 0.148245 0)
(-0.0406233 0.148876 0)
(-0.0376881 0.149412 0)
(-0.0349376 0.149879 0)
(-0.0323645 0.150302 0)
(-0.0299606 0.150707 0)
(-0.027717 0.151121 0)
(-0.0256244 0.151574 0)
(-0.0236728 0.152095 0)
(-0.021852 0.152715 0)
(-0.020151 0.153465 0)
(-0.0185587 0.154378 0)
(-0.0170635 0.155487 0)
(-0.0156537 0.156824 0)
(-0.0143171 0.158421 0)
(-0.0130415 0.160311 0)
(-0.0118142 0.162525 0)
(-0.0106225 0.165092 0)
(-0.00945333 0.168041 0)
(-0.00829324 0.171394 0)
(-0.00712837 0.175165 0)
(-0.00594393 0.179352 0)
(-0.00472505 0.18392 0)
(-0.00346624 0.188748 0)
(-0.00215928 0.193333 0)
(-0.000930903 0.191332 0)
(-0.103883 0.10905 0)
(-0.098448 0.113612 0)
(-0.0931481 0.117792 0)
(-0.0879944 0.121602 0)
(-0.082999 0.125057 0)
(-0.0781714 0.128172 0)
(-0.0735191 0.130965 0)
(-0.0690481 0.133457 0)
(-0.0647629 0.135667 0)
(-0.0606663 0.137618 0)
(-0.0567599 0.139332 0)
(-0.0530439 0.140831 0)
(-0.0495172 0.142139 0)
(-0.0461777 0.143276 0)
(-0.0430221 0.144267 0)
(-0.0400465 0.145132 0)
(-0.0372458 0.145896 0)
(-0.0346142 0.146583 0)
(-0.0321453 0.147215 0)
(-0.0298318 0.14782 0)
(-0.027666 0.148423 0)
(-0.0256392 0.149053 0)
(-0.0237426 0.149739 0)
(-0.0219666 0.150511 0)
(-0.0203011 0.1514 0)
(-0.0187358 0.152438 0)
(-0.0172599 0.153657 0)
(-0.0158623 0.15509 0)
(-0.0145316 0.156768 0)
(-0.0132559 0.158724 0)
(-0.0120234 0.160987 0)
(-0.0108217 0.163589 0)
(-0.00963833 0.166555 0)
(-0.00846028 0.169908 0)
(-0.00727412 0.173662 0)
(-0.0060655 0.177814 0)
(-0.00481995 0.182329 0)
(-0.00353264 0.187082 0)
(-0.0021943 0.191575 0)
(-0.000938295 0.189517 0)
(-0.0985077 0.102344 0)
(-0.0935255 0.107051 0)
(-0.0886563 0.111395 0)
(-0.0839106 0.115385 0)
(-0.0793005 0.119033 0)
(-0.0748353 0.122351 0)
(-0.0705227 0.125357 0)
(-0.066369 0.128068 0)
(-0.0623792 0.130503 0)
(-0.0585565 0.132681 0)
(-0.0549032 0.134624 0)
(-0.05142 0.136353 0)
(-0.0481067 0.137888 0)
(-0.0449619 0.13925 0)
(-0.0419833 0.140461 0)
(-0.0391676 0.141543 0)
(-0.0365109 0.142516 0)
(-0.0340081 0.143404 0)
(-0.0316538 0.144231 0)
(-0.0294416 0.14502 0)
(-0.0273644 0.145799 0)
(-0.0254149 0.146593 0)
(-0.0235846 0.147432 0)
(-0.0218651 0.148346 0)
(-0.020247 0.149364 0)
(-0.0187206 0.150517 0)
(-0.0172761 0.151839 0)
(-0.0159028 0.15336 0)
(-0.0145901 0.155112 0)
(-0.0133269 0.157126 0)
(-0.0121017 0.159434 0)
(-0.0109027 0.162064 0)
(-0.00971795 0.165043 0)
(-0.00853501 0.168392 0)
(-0.00734091 0.172125 0)
(-0.00612173 0.176239 0)
(-0.00486353 0.180696 0)
(-0.00356203 0.185373 0)
(-0.00220708 0.189771 0)
(-0.000937099 0.187671 0)
(-0.0928753 0.0961611 0)
(-0.0883299 0.10099 0)
(-0.0838781 0.105472 0)
(-0.0795299 0.109616 0)
(-0.075297 0.113429 0)
(-0.0711884 0.116926 0)
(-0.0672118 0.120118 0)
(-0.0633737 0.123023 0)
(-0.0596791 0.125658 0)
(-0.0561317 0.12804 0)
(-0.0527342 0.130188 0)
(-0.0494878 0.132123 0)
(-0.0463928 0.133864 0)
(-0.0434487 0.135431 0)
(-0.0406539 0.136843 0)
(-0.0380057 0.138121 0)
(-0.0355011 0.139286 0)
(-0.0331359 0.140359 0)
(-0.0309053 0.141364 0)
(-0.0288038 0.142324 0)
(-0.0268254 0.143264 0)
(-0.0249632 0.14421 0)
(-0.0232099 0.145191 0)
(-0.0215575 0.146234 0)
(-0.0199977 0.147371 0)
(-0.0185214 0.148631 0)
(-0.0171195 0.150047 0)
(-0.0157821 0.151648 0)
(-0.014499 0.153467 0)
(-0.0132599 0.155535 0)
(-0.0120539 0.157881 0)
(-0.0108698 0.160534 0)
(-0.00969605 0.163521 0)
(-0.0085208 0.166863 0)
(-0.00733158 0.170571 0)
(-0.00611501 0.174643 0)
(-0.00485766 0.17904 0)
(-0.00355578 0.183638 0)
(-0.00219847 0.187938 0)
(-0.000927674 0.185809 0)
(-0.0870182 0.0904889 0)
(-0.0828935 0.0954173 0)
(-0.0788458 0.100016 0)
(-0.0748845 0.104289 0)
(-0.0710203 0.108246 0)
(-0.067262 0.111896 0)
(-0.063617 0.115252 0)
(-0.0600917 0.118327 0)
(-0.0566912 0.121138 0)
(-0.0534194 0.123701 0)
(-0.0502792 0.126033 0)
(-0.0472722 0.128153 0)
(-0.0443995 0.130079 0)
(-0.0416607 0.131829 0)
(-0.0390551 0.133423 0)
(-0.0365807 0.134879 0)
(-0.0342351 0.136219 0)
(-0.0320149 0.137461 0)
(-0.029916 0.138629 0)
(-0.0279339 0.139744 0)
(-0.0260629 0.140832 0)
(-0.0242973 0.141918 0)
(-0.0226303 0.143028 0)
(-0.0210549 0.144192 0)
(-0.0195633 0.145437 0)
(-0.0181475 0.146795 0)
(-0.0167986 0.148296 0)
(-0.0155077 0.149971 0)
(-0.0142653 0.15185 0)
(-0.0130614 0.153964 0)
(-0.0118859 0.156343 0)
(-0.0107281 0.159015 0)
(-0.00957713 0.162005 0)
(-0.00842157 0.165335 0)
(-0.00724952 0.169016 0)
(-0.00604814 0.173043 0)
(-0.00480456 0.177378 0)
(-0.00351553 0.181894 0)
(-0.00216949 0.186096 0)
(-0.000910429 0.18395 0)
(-0.0809682 0.0853148 0)
(-0.0772488 0.0903244 0)
(-0.0735923 0.0950192 0)
(-0.070007 0.0994029 0)
(-0.0665029 0.103482 0)
(-0.0630882 0.107264 0)
(-0.0597698 0.11076 0)
(-0.0565538 0.113984 0)
(-0.0534453 0.116949 0)
(-0.0504483 0.119671 0)
(-0.0475658 0.122165 0)
(-0.0447999 0.12445 0)
(-0.0421518 0.12654 0)
(-0.0396219 0.128456 0)
(-0.0372097 0.130213 0)
(-0.0349141 0.13183 0)
(-0.0327332 0.133327 0)
(-0.0306642 0.134722 0)
(-0.0287039 0.136037 0)
(-0.0268482 0.137295 0)
(-0.0250925 0.138517 0)
(-0.0234315 0.13973 0)
(-0.0218593 0.140959 0)
(-0.0203696 0.142231 0)
(-0.0189554 0.143576 0)
(-0.0176092 0.145023 0)
(-0.016323 0.146601 0)
(-0.0150885 0.148341 0)
(-0.0138968 0.150274 0)
(-0.0127385 0.152429 0)
(-0.0116041 0.154835 0)
(-0.0104836 0.157521 0)
(-0.00936643 0.160511 0)
(-0.00824192 0.163825 0)
(-0.00709868 0.167475 0)
(-0.0059244 0.171455 0)
(-0.00470684 0.175726 0)
(-0.00344316 0.18016 0)
(-0.00212132 0.184262 0)
(-0.000885812 0.18211 0)
(-0.0747586 0.080627 0)
(-0.0714301 0.0857023 0)
(-0.0681524 0.0904765 0)
(-0.0649328 0.0949517 0)
(-0.0617801 0.0991329 0)
(-0.0587018 0.103027 0)
(-0.0557043 0.106645 0)
(-0.0527934 0.109997 0)
(-0.0499739 0.113095 0)
(-0.0472499 0.115956 0)
(-0.0446244 0.118592 0)
(-0.0420998 0.121021 0)
(-0.0396776 0.123258 0)
(-0.0373587 0.125319 0)
(-0.0351429 0.127222 0)
(-0.0330298 0.128983 0)
(-0.0310178 0.13062 0)
(-0.0291051 0.132153 0)
(-0.0272887 0.133602 0)
(-0.0255655 0.134987 0)
(-0.0239315 0.136331 0)
(-0.022382 0.137659 0)
(-0.0209119 0.138995 0)
(-0.0195156 0.140366 0)
(-0.0181868 0.141801 0)
(-0.0169186 0.143328 0)
(-0.0157038 0.144975 0)
(-0.0145346 0.146774 0)
(-0.0134028 0.148754 0)
(-0.0122997 0.150944 0)
(-0.0112163 0.153373 0)
(-0.010143 0.156067 0)
(-0.00907008 0.159053 0)
(-0.00798726 0.162348 0)
(-0.0068837 0.165964 0)
(-0.00574769 0.169895 0)
(-0.00456758 0.1741 0)
(-0.00334094 0.178451 0)
(-0.00205533 0.182454 0)
(-0.000854351 0.180306 0)
(-0.0684279 0.076415 0)
(-0.065477 0.0815429 0)
(-0.0625666 0.0863815 0)
(-0.0597024 0.0909318 0)
(-0.0568923 0.095198 0)
(-0.0541429 0.0991864 0)
(-0.05146 0.102906 0)
(-0.0488489 0.106366 0)
(-0.0463143 0.109579 0)
(-0.0438602 0.112559 0)
(-0.0414897 0.115318 0)
(-0.0392053 0.117873 0)
(-0.0370089 0.120237 0)
(-0.0349015 0.122427 0)
(-0.0328837 0.124457 0)
(-0.0309551 0.126346 0)
(-0.0291151 0.128108 0)
(-0.027362 0.129764 0)
(-0.0256937 0.131331 0)
(-0.0241076 0.132831 0)
(-0.0226003 0.134285 0)
(-0.0211679 0.135715 0)
(-0.019806 0.137148 0)
(-0.0185095 0.138608 0)
(-0.0172728 0.140124 0)
(-0.0160899 0.141722 0)
(-0.014954 0.143431 0)
(-0.013858 0.145282 0)
(-0.0127944 0.147303 0)
(-0.011755 0.149522 0)
(-0.0107313 0.151968 0)
(-0.0097146 0.154668 0)
(-0.00869541 0.157645 0)
(-0.00766403 0.160919 0)
(-0.00661017 0.164499 0)
(-0.00552266 0.168379 0)
(-0.0043905 0.172517 0)
(-0.00321157 0.176784 0)
(-0.00197325 0.180687 0)
(-0.000816739 0.178553 0)
(-0.0620237 0.07267 0)
(-0.0594385 0.077839 0)
(-0.0568843 0.0827283 0)
(-0.0543656 0.0873387 0)
(-0.0518889 0.0916734 0)
(-0.04946 0.0957384 0)
(-0.0470843 0.0995414 0)
(-0.0447666 0.103092 0)
(-0.0425114 0.106401 0)
(-0.0403225 0.109482 0)
(-0.0382033 0.112346 0)
(-0.0361564 0.115009 0)
(-0.0341838 0.117483 0)
(-0.0322869 0.119784 0)
(-0.0304666 0.121926 0)
(-0.0287231 0.123926 0)
(-0.027056 0.125799 0)
(-0.0254644 0.127562 0)
(-0.0239466 0.129235 0)
(-0.0225005 0.130836 0)
(-0.0211235 0.132387 0)
(-0.0198123 0.133909 0)
(-0.018563 0.135428 0)
(-0.0173712 0.136967 0)
(-0.0162321 0.138554 0)
(-0.0151402 0.140216 0)
(-0.0140894 0.141981 0)
(-0.0130733 0.143876 0)
(-0.0120848 0.145932 0)
(-0.0111166 0.148176 0)
(-0.0101606 0.150635 0)
(-0.00920846 0.153336 0)
(-0.00825143 0.156302 0)
(-0.00728021 0.15955 0)
(-0.00628499 0.163092 0)
(-0.00525515 0.166919 0)
(-0.00418026 0.17099 0)
(-0.0030585 0.175174 0)
(-0.00187726 0.178978 0)
(-0.000773909 0.176864 0)
(-0.0556088 0.0693853 0)
(-0.0533787 0.0745844 0)
(-0.05117 0.0795116 0)
(-0.0489863 0.0841674 0)
(-0.046833 0.0885549 0)
(-0.0447151 0.0926798 0)
(-0.0426375 0.0965494 0)
(-0.0406049 0.100173 0)
(-0.0386215 0.103561 0)
(-0.0366912 0.106725 0)
(-0.0348174 0.109676 0)
(-0.0330029 0.112429 0)
(-0.0312499 0.114997 0)
(-0.0295603 0.117393 0)
(-0.027935 0.119631 0)
(-0.0263748 0.121727 0)
(-0.0248797 0.123695 0)
(-0.0234492 0.125553 0)
(-0.0220822 0.127318 0)
(-0.0207772 0.129008 0)
(-0.0195321 0.130644 0)
(-0.0183441 0.132248 0)
(-0.01721 0.133842 0)
(-0.0161262 0.135452 0)
(-0.0150882 0.137102 0)
(-0.0140914 0.13882 0)
(-0.0131303 0.140632 0)
(-0.012199 0.142567 0)
(-0.0112912 0.144653 0)
(-0.0104 0.146916 0)
(-0.00951799 0.149384 0)
(-0.0086373 0.152083 0)
(-0.00774957 0.155034 0)
(-0.00684595 0.158256 0)
(-0.00591703 0.161757 0)
(-0.00495267 0.165531 0)
(-0.00394296 0.169533 0)
(-0.00288631 0.173634 0)
(-0.00177036 0.17734 0)
(-0.000727148 0.175252 0)
(-0.0492697 0.0665561 0)
(-0.0473844 0.0717737 0)
(-0.0455104 0.0767252 0)
(-0.0436501 0.0814113 0)
(-0.0418082 0.0858358 0)
(-0.0399895 0.0900041 0)
(-0.0381985 0.0939235 0)
(-0.0364398 0.0976029 0)
(-0.0347178 0.101052 0)
(-0.0330364 0.104282 0)
(-0.0313991 0.107305 0)
(-0.029809 0.110133 0)
(-0.0282686 0.112778 0)
(-0.0267799 0.115253 0)
(-0.0253443 0.117572 0)
(-0.0239629 0.11975 0)
(-0.0226361 0.1218 0)
(-0.0213638 0.123739 0)
(-0.0201455 0.125583 0)
(-0.01898 0.12735 0)
(-0.0178658 0.129061 0)
(-0.0168007 0.130736 0)
(-0.0157822 0.132396 0)
(-0.0148071 0.134067 0)
(-0.0138717 0.135773 0)
(-0.0129718 0.13754 0)
(-0.0121028 0.139394 0)
(-0.0112594 0.141363 0)
(-0.0104357 0.143473 0)
(-0.00962557 0.145752 0)
(-0.00882208 0.148226 0)
(-0.00801782 0.150919 0)
(-0.00720484 0.153853 0)
(-0.00637462 0.157046 0)
(-0.00551807 0.160506 0)
(-0.00462536 0.164224 0)
(-0.00368697 0.168157 0)
(-0.00270137 0.172175 0)
(-0.00165684 0.175785 0)
(-0.000678339 0.173726 0)
(-0.0431258 0.0641784 0)
(-0.0415748 0.0694003 0)
(-0.0400225 0.0743605 0)
(-0.0384713 0.0790608 0)
(-0.0369257 0.0835054 0)
(-0.0353906 0.0877002 0)
(-0.0338708 0.0916527 0)
(-0.032371 0.0953714 0)
(-0.0308959 0.0988658 0)
(-0.0294497 0.102146 0)
(-0.0280361 0.105224 0)
(-0.0266585 0.108111 0)
(-0.0253196 0.110818 0)
(-0.0240219 0.113359 0)
(-0.022767 0.115745 0)
(-0.0215564 0.117991 0)
(-0.0203907 0.12011 0)
(-0.0192703 0.122117 0)
(-0.0181951 0.124029 0)
(-0.0171644 0.125863 0)
(-0.0161771 0.127638 0)
(-0.0152317 0.129374 0)
(-0.014326 0.131092 0)
(-0.0134575 0.132816 0)
(-0.0126232 0.13457 0)
(-0.0118194 0.13638 0)
(-0.0110421 0.13827 0)
(-0.0102867 0.140268 0)
(-0.00954807 0.142399 0)
(-0.00882045 0.14469 0)
(-0.00809753 0.147167 0)
(-0.00737238 0.149852 0)
(-0.00663739 0.152767 0)
(-0.00588433 0.155929 0)
(-0.00510423 0.159346 0)
(-0.00428733 0.163007 0)
(-0.00342417 0.166871 0)
(-0.002513 0.170805 0)
(-0.00154325 0.174321 0)
(-0.00063051 0.17229 0)
(-0.0373414 0.0622474 0)
(-0.036111 0.0674545 0)
(-0.0348634 0.0724043 0)
(-0.0336022 0.0770999 0)
(-0.0323326 0.0815464 0)
(-0.0310601 0.0857503 0)
(-0.0297904 0.0897189 0)
(-0.0285289 0.0934605 0)
(-0.0272807 0.0969844 0)
(-0.0260505 0.1003 0)
(-0.0248425 0.103419 0)
(-0.0236604 0.10635 0)
(-0.0225072 0.109106 0)
(-0.0213857 0.111699 0)
(-0.0202978 0.114139 0)
(-0.0192453 0.116441 0)
(-0.0182292 0.118617 0)
(-0.0172502 0.120681 0)
(-0.0163084 0.12265 0)
(-0.0154038 0.12454 0)
(-0.0145355 0.12637 0)
(-0.0137025 0.128158 0)
(-0.0129032 0.129926 0)
(-0.0121355 0.131696 0)
(-0.011397 0.133492 0)
(-0.0106848 0.135338 0)
(-0.00999531 0.13726 0)
(-0.00932466 0.139282 0)
(-0.00866835 0.141431 0)
(-0.00802127 0.143732 0)
(-0.00737772 0.14621 0)
(-0.00673124 0.148886 0)
(-0.00607463 0.151781 0)
(-0.00539982 0.154911 0)
(-0.0046978 0.158283 0)
(-0.00395851 0.161887 0)
(-0.00317192 0.165679 0)
(-0.00233538 0.169528 0)
(-0.00144 0.172949 0)
(-0.000588735 0.170938 0)
(-0.0321351 0.060754 0)
(-0.0312047 0.0659206 0)
(-0.0302375 0.0708361 0)
(-0.0292392 0.0755053 0)
(-0.0282173 0.0799339 0)
(-0.0271788 0.0841286 0)
(-0.0261307 0.0880964 0)
(-0.0250796 0.0918453 0)
(-0.0240314 0.0953838 0)
(-0.0229914 0.0987209 0)
(-0.0219643 0.101866 0)
(-0.0209542 0.10483 0)
(-0.0199647 0.107622 0)
(-0.0189986 0.110255 0)
(-0.0180583 0.112738 0)
(-0.0171457 0.115084 0)
(-0.0162621 0.117307 0)
(-0.0154086 0.119419 0)
(-0.0145856 0.121435 0)
(-0.0137931 0.123372 0)
(-0.013031 0.125247 0)
(-0.0122985 0.12708 0)
(-0.0115943 0.12889 0)
(-0.0109171 0.1307 0)
(-0.0102647 0.132532 0)
(-0.00963494 0.13441 0)
(-0.00902484 0.136359 0)
(-0.00843115 0.138403 0)
(-0.00785006 0.140567 0)
(-0.0072772 0.142877 0)
(-0.00670751 0.145354 0)
(-0.00613521 0.148021 0)
(-0.00555356 0.150897 0)
(-0.00495474 0.153995 0)
(-0.00432956 0.157322 0)
(-0.00366716 0.160866 0)
(-0.0029559 0.164583 0)
(-0.00219081 0.168343 0)
(-0.0013653 0.171667 0)
(-0.000562827 0.169658 0)
(-0.0277807 0.0596774 0)
(-0.0271173 0.0647714 0)
(-0.026394 0.0696254 0)
(-0.0256208 0.0742448 0)
(-0.024808 0.0786352 0)
(-0.0239653 0.0828029 0)
(-0.0231014 0.0867541 0)
(-0.0222242 0.0904959 0)
(-0.0213407 0.0940358 0)
(-0.0204571 0.0973818 0)
(-0.0195787 0.100543 0)
(-0.01871 0.103527 0)
(-0.0178548 0.106345 0)
(-0.0170164 0.109007 0)
(-0.0161974 0.111523 0)
(-0.0153998 0.113905 0)
(-0.0146254 0.116165 0)
(-0.0138752 0.118315 0)
(-0.01315 0.12037 0)
(-0.0124502 0.122346 0)
(-0.0117756 0.12426 0)
(-0.0111259 0.12613 0)
(-0.0105003 0.127976 0)
(-0.00989769 0.129819 0)
(-0.00931645 0.131682 0)
(-0.00875475 0.133588 0)
(-0.00821034 0.13556 0)
(-0.00768057 0.137624 0)
(-0.00716235 0.139802 0)
(-0.0066521 0.142119 0)
(-0.00614562 0.144597 0)
(-0.00563799 0.147256 0)
(-0.00512329 0.150114 0)
(-0.00459426 0.153183 0)
(-0.00404173 0.156465 0)
(-0.00345364 0.159947 0)
(-0.00281485 0.163582 0)
(-0.00211386 0.167241 0)
(-0.00134323 0.170448 0)
(-0.000560058 0.168373 0)
(-0.0245832 0.0589582 0)
(-0.0241352 0.0639336 0)
(-0.023604 0.068689 0)
(-0.0230046 0.0732287 0)
(-0.0223508 0.0775569 0)
(-0.021655 0.0816778 0)
(-0.0209281 0.085596 0)
(-0.0201795 0.0893168 0)
(-0.0194171 0.0928461 0)
(-0.0186479 0.0961905 0)
(-0.0178779 0.0993574 0)
(-0.017112 0.102355 0)
(-0.0163544 0.105191 0)
(-0.0156086 0.107875 0)
(-0.0148774 0.110418 0)
(-0.0141631 0.112828 0)
(-0.0134676 0.115119 0)
(-0.012792 0.117302 0)
(-0.0121373 0.119391 0)
(-0.0115041 0.121402 0)
(-0.0108924 0.123349 0)
(-0.0103021 0.125252 0)
(-0.00973265 0.127131 0)
(-0.00918319 0.129004 0)
(-0.00865254 0.130895 0)
(-0.00813925 0.132827 0)
(-0.00764155 0.134822 0)
(-0.00715739 0.136905 0)
(-0.00668438 0.139098 0)
(-0.00621981 0.141425 0)
(-0.00576054 0.143907 0)
(-0.00530287 0.146564 0)
(-0.00484239 0.149411 0)
(-0.00437352 0.152458 0)
(-0.00388884 0.155705 0)
(-0.00337727 0.159135 0)
(-0.00282167 0.162695 0)
(-0.00220216 0.166253 0)
(-0.0015112 0.169355 0)
(-0.000670981 0.167237 0)
(-0.0228421 0.0584205 0)
(-0.0225305 0.0631824 0)
(-0.0221166 0.0677648 0)
(-0.0216208 0.072166 0)
(-0.0210603 0.0763856 0)
(-0.0204495 0.0804233 0)
(-0.0198009 0.0842799 0)
(-0.0191249 0.0879576 0)
(-0.0184304 0.0914594 0)
(-0.0177249 0.0947896 0)
(-0.0170148 0.0979534 0)
(-0.0163054 0.100957 0)
(-0.015601 0.103807 0)
(-0.0149054 0.106512 0)
(-0.0142216 0.10908 0)
(-0.013552 0.111521 0)
(-0.0128985 0.113845 0)
(-0.0122624 0.116063 0)
(-0.0116449 0.118189 0)
(-0.0110464 0.120237 0)
(-0.0104674 0.122222 0)
(-0.0099076 0.124162 0)
(-0.0093667 0.126076 0)
(-0.00884401 0.127984 0)
(-0.00833854 0.129907 0)
(-0.0078491 0.131867 0)
(-0.00737422 0.133888 0)
(-0.00691223 0.135992 0)
(-0.00646124 0.138203 0)
(-0.00601916 0.140542 0)
(-0.00558368 0.143031 0)
(-0.00515219 0.145687 0)
(-0.00472174 0.148526 0)
(-0.00428875 0.151554 0)
(-0.00384847 0.154767 0)
(-0.00339326 0.158137 0)
(-0.00290918 0.161592 0)
(-0.00237378 0.164947 0)
(-0.00176509 0.167627 0)
(-0.0009294 0.164446 0)
)
;

boundaryField
{
    leftWall
    {
        type            noSlip;
    }
    rightWall
    {
        type            noSlip;
    }
    lowerWall
    {
        type            noSlip;
    }
    atmosphere
    {
        type            pressureInletOutletVelocity;
        value           nonuniform List<vector> 
45
(
(-0.0221758 0.0344045 0)
(-0.0226772 0.0395831 0)
(-0.0229538 0.0444531 0)
(-0.0230567 0.0491738 0)
(-0.0230153 0.0537463 0)
(-0.0228421 0.0584205 0)
(-0.0225305 0.0631824 0)
(-0.0221166 0.0677648 0)
(-0.0216208 0.072166 0)
(-0.0210603 0.0763856 0)
(-0.0204495 0.0804233 0)
(-0.0198009 0.0842799 0)
(-0.0191249 0.0879576 0)
(-0.0184304 0.0914594 0)
(-0.0177249 0.0947896 0)
(-0.0170148 0.0979534 0)
(-0.0163054 0.100957 0)
(-0.015601 0.103807 0)
(-0.0149054 0.106512 0)
(-0.0142216 0.10908 0)
(-0.013552 0.111521 0)
(-0.0128985 0.113845 0)
(-0.0122624 0.116063 0)
(-0.0116449 0.118189 0)
(-0.0110464 0.120237 0)
(-0.0104674 0.122222 0)
(-0.0099076 0.124162 0)
(-0.0093667 0.126076 0)
(-0.00884401 0.127984 0)
(-0.00833854 0.129907 0)
(-0.0078491 0.131867 0)
(-0.00737422 0.133888 0)
(-0.00691223 0.135992 0)
(-0.00646124 0.138203 0)
(-0.00601916 0.140542 0)
(-0.00558368 0.143031 0)
(-0.00515219 0.145687 0)
(-0.00472174 0.148526 0)
(-0.00428875 0.151554 0)
(-0.00384847 0.154767 0)
(-0.00339326 0.158137 0)
(-0.00290918 0.161592 0)
(-0.00237378 0.164947 0)
(-0.00176509 0.167627 0)
(-0.0009294 0.164446 0)
)
;
    }
    defaultFaces
    {
        type            empty;
    }
    procBoundary3to1
    {
        type            processor;
        value           nonuniform List<vector> 
45
(
(-0.0521739 0.577184 0)
(-0.0291594 0.559425 0)
(-0.00840189 0.541162 0)
(0.0106264 0.522261 0)
(0.0278818 0.502996 0)
(0.0442982 0.482399 0)
(0.0593411 0.46034 0)
(0.0721892 0.438159 0)
(0.0829025 0.416123 0)
(0.091575 0.394469 0)
(0.0983412 0.373394 0)
(0.103358 0.353058 0)
(0.106797 0.333591 0)
(0.108835 0.315087 0)
(0.109648 0.297616 0)
(0.109409 0.28122 0)
(0.10828 0.265917 0)
(0.106412 0.251709 0)
(0.103941 0.238578 0)
(0.100986 0.226497 0)
(0.0976556 0.215429 0)
(0.0940387 0.205332 0)
(0.0902124 0.196161 0)
(0.0862403 0.187872 0)
(0.0821743 0.180421 0)
(0.0780557 0.173768 0)
(0.0739165 0.167879 0)
(0.0697805 0.162723 0)
(0.0656647 0.158274 0)
(0.06158 0.154512 0)
(0.0575327 0.151421 0)
(0.0535249 0.148992 0)
(0.049555 0.147218 0)
(0.0456191 0.146097 0)
(0.0417108 0.145631 0)
(0.0378219 0.145824 0)
(0.0339429 0.146686 0)
(0.0300632 0.148227 0)
(0.0261714 0.15046 0)
(0.0222557 0.153393 0)
(0.0183034 0.157028 0)
(0.0143028 0.161341 0)
(0.0102688 0.166241 0)
(0.00622703 0.171336 0)
(0.00240506 0.172728 0)
)
;
    }
    procBoundary3to2
    {
        type            processor;
        value           nonuniform List<vector> 
43
(
(-0.0967186 0.567029 0)
(-0.114454 0.540821 0)
(-0.130703 0.515052 0)
(-0.145436 0.489687 0)
(-0.158647 0.464728 0)
(-0.170331 0.440183 0)
(-0.180496 0.416075 0)
(-0.189155 0.392433 0)
(-0.196333 0.369298 0)
(-0.202062 0.346714 0)
(-0.206383 0.324732 0)
(-0.209347 0.303404 0)
(-0.211015 0.282784 0)
(-0.211452 0.262922 0)
(-0.210737 0.243866 0)
(-0.208949 0.225658 0)
(-0.206176 0.208331 0)
(-0.20251 0.191912 0)
(-0.198041 0.176416 0)
(-0.192863 0.161852 0)
(-0.187064 0.148215 0)
(-0.180729 0.135495 0)
(-0.17394 0.123673 0)
(-0.166769 0.112722 0)
(-0.159283 0.10261 0)
(-0.151539 0.0933039 0)
(-0.143588 0.0847635 0)
(-0.135472 0.0769492 0)
(-0.127226 0.0698207 0)
(-0.118881 0.0633383 0)
(-0.110462 0.0574636 0)
(-0.101989 0.0521604 0)
(-0.0934849 0.047395 0)
(-0.0849713 0.0431375 0)
(-0.0764766 0.0393626 0)
(-0.0680393 0.0360518 0)
(-0.0597143 0.0331971 0)
(-0.051583 0.0308059 0)
(-0.0437679 0.0289116 0)
(-0.0364583 0.0275812 0)
(-0.0299476 0.0269137 0)
(-0.0246789 0.0271302 0)
(-0.0213715 0.0288926 0)
)
;
    }
}


// ************************************************************************* //
