/*--------------------------------*- C++ -*----------------------------------*\
  =========                 |
  \\      /  F ield         | OpenFOAM: The Open Source CFD Toolbox
   \\    /   O peration     | Website:  https://openfoam.org
    \\  /    A nd           | Version:  7
     \\/     M anipulation  |
\*---------------------------------------------------------------------------*/
FoamFile
{
    version     2.0;
    format      ascii;
    class       volVectorField;
    location    "0.2";
    object      U;
}
// * * * * * * * * * * * * * * * * * * * * * * * * * * * * * * * * * * * * * //

dimensions      [0 1 -1 0 0 0 0];

internalField   nonuniform List<vector> 
1915
(
(-0.0758967 0.0467003 0)
(-0.124679 -0.127626 0)
(0.270569 0.223255 0)
(0.113223 -0.035744 0)
(0.463768 0.431201 0)
(0.228009 0.165938 0)
(0.531288 0.648734 0)
(0.276143 0.42977 0)
(0.551192 0.86383 0)
(0.291674 0.714841 0)
(0.565301 1.07954 0)
(0.298274 1.01153 0)
(0.58452 1.29982 0)
(0.306231 1.31765 0)
(0.602373 1.52371 0)
(0.317594 1.63604 0)
(0.599627 1.74205 0)
(0.323833 1.96319 0)
(0.553785 1.93083 0)
(0.333579 2.29667 0)
(-0.0485649 0.0293684 0)
(-0.111906 0.0287615 0)
(-0.168598 0.0205702 0)
(-0.202132 0.00892279 0)
(-0.21171 -0.0011297 0)
(-0.20541 -0.0074222 0)
(-0.189536 -0.0103129 0)
(-0.167656 -0.0117401 0)
(-0.142904 -0.0120539 0)
(-0.11739 -0.0116618 0)
(-0.0925541 -0.0108321 0)
(-0.0692997 -0.00975561 0)
(-0.0481442 -0.00854841 0)
(-0.0293783 -0.00728069 0)
(-0.0131251 -0.00603621 0)
(0.000703066 -0.00491618 0)
(0.0123308 -0.00397614 0)
(0.0219881 -0.00318153 0)
(0.0298782 -0.00248685 0)
(0.0361922 -0.00187609 0)
(0.0410912 -0.00134602 0)
(0.0447066 -0.00086924 0)
(0.0471506 -0.000434883 0)
(0.0485097 -2.45265e-05 0)
(0.0489064 0.000389171 0)
(0.0484079 0.000993765 0)
(0.0470812 0.00135173 0)
(0.0450324 0.00146687 0)
(0.0422359 0.0019615 0)
(0.0387074 0.0024327 0)
(0.0345532 0.0026521 0)
(0.0297764 0.00296992 0)
(0.024337 0.00344069 0)
(0.0184367 0.00372039 0)
(0.0121583 0.00378957 0)
(0.00576509 0.00377954 0)
(-0.000339703 0.00335253 0)
(-0.00514415 0.00233426 0)
(-0.00743999 0.000313988 0)
(-0.00498943 -0.0029524 0)
(-0.0529987 0.0832142 0)
(-0.12103 0.0687512 0)
(-0.170056 0.0471352 0)
(-0.197777 0.022594 0)
(-0.206653 0.00244082 0)
(-0.202191 -0.0118658 0)
(-0.187532 -0.020861 0)
(-0.166768 -0.0258448 0)
(-0.142916 -0.0278934 0)
(-0.118123 -0.0279302 0)
(-0.093834 -0.0266541 0)
(-0.070981 -0.0245822 0)
(-0.0500966 -0.0220744 0)
(-0.031429 -0.0193798 0)
(-0.0150364 -0.0166891 0)
(-0.000867809 -0.0141459 0)
(0.0111823 -0.0118236 0)
(0.0212544 -0.00973393 0)
(0.0295111 -0.00786553 0)
(0.0361191 -0.00619947 0)
(0.0412434 -0.00471745 0)
(0.0450385 -0.00338388 0)
(0.0476437 -0.00217415 0)
(0.0491885 -0.00106574 0)
(0.0497533 -3.32748e-05 0)
(0.049425 0.000901459 0)
(0.048292 0.00176887 0)
(0.0463987 0.00260685 0)
(0.04381 0.0033649 0)
(0.0406089 0.00405335 0)
(0.0368074 0.00472978 0)
(0.0324419 0.00537935 0)
(0.027589 0.00592058 0)
(0.0222987 0.0063128 0)
(0.0167118 0.00656967 0)
(0.0109837 0.00641009 0)
(0.00545174 0.00559514 0)
(0.000710767 0.00363032 0)
(-0.00248974 3.5343e-05 0)
(-0.00195223 -0.00619766 0)
(-0.0505286 0.145201 0)
(-0.123042 0.113901 0)
(-0.171556 0.0756722 0)
(-0.199867 0.0360897 0)
(-0.20857 0.00395082 0)
(-0.203108 -0.0186246 0)
(-0.187913 -0.0330734 0)
(-0.166928 -0.0411507 0)
(-0.143131 -0.0445635 0)
(-0.118596 -0.0447435 0)
(-0.0946973 -0.0428121 0)
(-0.0722887 -0.0395965 0)
(-0.0518422 -0.035679 0)
(-0.0335707 -0.0314698 0)
(-0.0175194 -0.0272623 0)
(-0.00364122 -0.0232485 0)
(0.00816284 -0.0195246 0)
(0.0180332 -0.0161224 0)
(0.0261341 -0.013048 0)
(0.0326277 -0.0102891 0)
(0.037671 -0.00781669 0)
(0.0414194 -0.00558875 0)
(0.044018 -0.00356706 0)
(0.0455956 -0.00173085 0)
(0.0462515 -7.11792e-05 0)
(0.0460775 0.00144808 0)
(0.0451589 0.00283767 0)
(0.0435539 0.0041176 0)
(0.0413393 0.00533363 0)
(0.0385869 0.00646992 0)
(0.0353313 0.00752143 0)
(0.0316264 0.008499 0)
(0.0275563 0.00937241 0)
(0.023191 0.0100586 0)
(0.0186324 0.0104391 0)
(0.0140369 0.0102928 0)
(0.00958461 0.00923172 0)
(0.00552203 0.00668358 0)
(0.0020208 0.00193434 0)
(0.00109177 -0.00634643 0)
(-0.0545962 0.207207 0)
(-0.134356 0.160357 0)
(-0.184409 0.10439 0)
(-0.212044 0.0489349 0)
(-0.218063 0.0045561 0)
(-0.209511 -0.0267364 0)
(-0.191712 -0.0465588 0)
(-0.168848 -0.0574728 0)
(-0.143879 -0.0619515 0)
(-0.118746 -0.0620215 0)
(-0.0946771 -0.0592384 0)
(-0.0723847 -0.0547385 0)
(-0.0522214 -0.0493225 0)
(-0.0343146 -0.0435455 0)
(-0.0186599 -0.0377848 0)
(-0.00518155 -0.0322764 0)
(0.00624175 -0.0271451 0)
(0.0157732 -0.0224431 0)
(0.0235917 -0.0181835 0)
(0.0298632 -0.0143545 0)
(0.03474 -0.0109219 0)
(0.0383725 -0.00783983 0)
(0.0409057 -0.00506318 0)
(0.0424707 -0.00255774 0)
(0.0431755 -0.000295119 0)
(0.0431118 0.00176047 0)
(0.0423622 0.00363445 0)
(0.040997 0.00535553 0)
(0.0390899 0.00695624 0)
(0.0367074 0.00843714 0)
(0.0339017 0.00979745 0)
(0.030734 0.0110351 0)
(0.0272781 0.0121102 0)
(0.0236087 0.0129361 0)
(0.0198173 0.0133786 0)
(0.0160125 0.0131981 0)
(0.01228 0.0120128 0)
(0.00865749 0.00926488 0)
(0.00506035 0.00423592 0)
(0.0028994 -0.00438894 0)
(-0.0658479 0.27763 0)
(-0.155765 0.210869 0)
(-0.208053 0.133911 0)
(-0.234075 0.0599978 0)
(-0.235258 0.00225337 0)
(-0.221327 -0.0377253 0)
(-0.198823 -0.0624449 0)
(-0.172399 -0.0755798 0)
(-0.145014 -0.0805272 0)
(-0.118431 -0.0799924 0)
(-0.0936461 -0.0759931 0)
(-0.0711473 -0.0699638 0)
(-0.0511002 -0.0628937 0)
(-0.0335004 -0.0554539 0)
(-0.0182556 -0.0480887 0)
(-0.0052291 -0.0410694 0)
(0.00574502 -0.0345374 0)
(0.0148601 -0.028553 0)
(0.022312 -0.0231319 0)
(0.028275 -0.0182625 0)
(0.0329039 -0.0139067 0)
(0.0363473 -0.0100102 0)
(0.0387496 -0.00651594 0)
(0.0402419 -0.0033751 0)
(0.0409342 -0.000546649 0)
(0.0409178 0.00200947 0)
(0.0402737 0.00432847 0)
(0.039075 0.00644411 0)
(0.037393 0.0083856 0)
(0.0352929 0.0101644 0)
(0.0328327 0.0117828 0)
(0.0300727 0.0132297 0)
(0.0270786 0.0144613 0)
(0.023917 0.0153912 0)
(0.020658 0.0158777 0)
(0.0173632 0.0156889 0)
(0.0140446 0.0144789 0)
(0.0106231 0.0117663 0)
(0.00691988 0.00693813 0)
(0.00389957 -0.00124743 0)
(-0.0842808 0.364615 0)
(-0.189612 0.267253 0)
(-0.244209 0.164222 0)
(-0.267168 0.0679758 0)
(-0.260561 -0.00460597 0)
(-0.238421 -0.0531777 0)
(-0.208894 -0.0819818 0)
(-0.177203 -0.0963404 0)
(-0.146232 -0.100848 0)
(-0.117436 -0.098987 0)
(-0.0914658 -0.0932426 0)
(-0.0684968 -0.085318 0)
(-0.0484444 -0.0763559 0)
(-0.0311215 -0.0671115 0)
(-0.0163095 -0.0580674 0)
(-0.00378609 -0.0495085 0)
(0.00667215 -0.0415804 0)
(0.015295 -0.0343418 0)
(0.0222994 -0.0278021 0)
(0.0278718 -0.0219402 0)
(0.0321734 -0.0167082 0)
(0.0353542 -0.0120408 0)
(0.0375572 -0.0078698 0)
(0.0389117 -0.00413437 0)
(0.0395265 -0.000782709 0)
(0.0394913 0.00223242 0)
(0.038885 0.00495397 0)
(0.0377799 0.00742102 0)
(0.0362443 0.00966508 0)
(0.0343413 0.0117036 0)
(0.0321283 0.0135406 0)
(0.0296613 0.0151621 0)
(0.0269961 0.0165243 0)
(0.0241853 0.0175435 0)
(0.0212743 0.0180833 0)
(0.0182848 0.0179351 0)
(0.0151753 0.0168036 0)
(0.0118076 0.0143016 0)
(0.00798436 0.00994436 0)
(0.0044006 0.00257621 0)
(-0.112796 0.475177 0)
(-0.245321 0.331103 0)
(-0.297973 0.194983 0)
(-0.314287 0.0707928 0)
(-0.294924 -0.0184359 0)
(-0.260647 -0.0751672 0)
(-0.221344 -0.106704 0)
(-0.182615 -0.120792 0)
(-0.146984 -0.123566 0)
(-0.115359 -0.119385 0)
(-0.0878761 -0.111187 0)
(-0.064286 -0.100892 0)
(-0.0441874 -0.0897345 0)
(-0.0271665 -0.0785041 0)
(-0.0128477 -0.0676835 0)
(-0.000904563 -0.0575463 0)
(0.00895462 -0.0482237 0)
(0.0170008 -0.0397579 0)
(0.0234742 -0.0321406 0)
(0.0285755 -0.0253329 0)
(0.0324732 -0.0192717 0)
(0.0353195 -0.0138794 0)
(0.0372556 -0.00907625 0)
(0.0384075 -0.00479035 0)
(0.0388812 -0.000959175 0)
(0.0387634 0.00247302 0)
(0.0381298 0.00555672 0)
(0.0370498 0.00833673 0)
(0.0355879 0.0108486 0)
(0.0338036 0.013114 0)
(0.0317499 0.0151394 0)
(0.0294761 0.0169116 0)
(0.0270268 0.0183897 0)
(0.0244392 0.019497 0)
(0.0217354 0.0201109 0)
(0.0189062 0.0200528 0)
(0.0158752 0.019083 0)
(0.0124793 0.0169052 0)
(0.00853052 0.0131523 0)
(0.0045879 0.00673767 0)
(-0.160383 0.644291 0)
(-0.346216 0.404506 0)
(-0.379858 0.223172 0)
(-0.38039 0.0638575 0)
(-0.33954 -0.0432195 0)
(-0.287526 -0.106487 0)
(-0.235176 -0.13836 0)
(-0.187642 -0.149947 0)
(-0.146466 -0.149225 0)
(-0.111624 -0.141452 0)
(-0.0825001 -0.129931 0)
(-0.0582951 -0.116699 0)
(-0.0382228 -0.102999 0)
(-0.021606 -0.089582 0)
(-0.00789187 -0.0768819 0)
(0.00335986 -0.0651271 0)
(0.0125146 -0.0544114 0)
(0.0198867 -0.0447447 0)
(0.0257403 -0.0360902 0)
(0.030289 -0.028384 0)
(0.0337079 -0.0215435 0)
(0.03615 -0.0154759 0)
(0.0377541 -0.010089 0)
(0.0386417 -0.00529891 0)
(0.0389142 -0.00103231 0)
(0.0386542 0.00277561 0)
(0.0379331 0.00618301 0)
(0.036816 0.00924066 0)
(0.0353625 0.0119886 0)
(0.0336266 0.0144527 0)
(0.0316554 0.0166429 0)
(0.0294897 0.018549 0)
(0.0271627 0.020136 0)
(0.0246966 0.021337 0)
(0.0220943 0.022048 0)
(0.0193242 0.0221227 0)
(0.0162898 0.0213747 0)
(0.0128246 0.019587 0)
(0.00875984 0.0164902 0)
(0.00460052 0.011055 0)
(-0.27321 0.86509 0)
(-0.545261 0.483471 0)
(-0.50554 0.234942 0)
(-0.47027 0.0369965 0)
(-0.39431 -0.0854551 0)
(-0.317467 -0.150795 0)
(-0.248649 -0.178838 0)
(-0.19083 -0.184699 0)
(-0.143605 -0.178187 0)
(-0.105497 -0.165278 0)
(-0.0748723 -0.149436 0)
(-0.0502555 -0.132649 0)
(-0.0304192 -0.116041 0)
(-0.0144004 -0.100237 0)
(-0.00146363 -0.0855641 0)
(0.00894742 -0.0721638 0)
(0.0172694 -0.0600664 0)
(0.0238571 -0.0492329 0)
(0.0289957 -0.0395876 0)
(0.0329087 -0.0310357 0)
(0.0357747 -0.0234709 0)
(0.0377459 -0.0167825 0)
(0.0389566 -0.0108637 0)
(0.0395225 -0.00561808 0)
(0.0395387 -0.000961124 0)
(0.0390825 0.00318132 0)
(0.03822 0.00687511 0)
(0.0370106 0.010177 0)
(0.0355079 0.0131317 0)
(0.0337594 0.0157698 0)
(0.0318049 0.0181053 0)
(0.0296764 0.0201333 0)
(0.0273959 0.021826 0)
(0.0249722 0.0231291 0)
(0.0223935 0.0239582 0)
(0.0196128 0.0241987 0)
(0.0165245 0.0237119 0)
(0.012971 0.0223462 0)
(0.00880668 0.0199087 0)
(0.00452394 0.0154073 0)
(-0.408911 1.3521 0)
(-0.844521 0.535297 0)
(-0.683841 0.203257 0)
(-0.580592 -0.025926 0)
(-0.454717 -0.153532 0)
(-0.346572 -0.211964 0)
(-0.258858 -0.229734 0)
(-0.190149 -0.225571 0)
(-0.137043 -0.210495 0)
(-0.0961091 -0.19072 0)
(-0.0644646 -0.169501 0)
(-0.0398725 -0.148537 0)
(-0.0206372 -0.128676 0)
(-0.00551159 -0.110312 0)
(0.0064116 -0.0935953 0)
(0.015794 -0.0785437 0)
(0.0231322 -0.0650951 0)
(0.028813 -0.0531444 0)
(0.0331357 -0.042567 0)
(0.0363283 -0.0332316 0)
(0.0385691 -0.0250047 0)
(0.0400059 -0.0177552 0)
(0.0407664 -0.0113603 0)
(0.0409582 -0.00571037 0)
(0.0406689 -0.000709399 0)
(0.0399689 0.00372605 0)
(0.0389178 0.00766934 0)
(0.0375682 0.0111831 0)
(0.0359669 0.0143171 0)
(0.034154 0.0171067 0)
(0.0321614 0.0195711 0)
(0.030012 0.0217113 0)
(0.0277177 0.0235086 0)
(0.0252764 0.0249214 0)
(0.0226646 0.0258854 0)
(0.0198263 0.0263151 0)
(0.0166539 0.0261121 0)
(0.0130047 0.0251773 0)
(0.00875699 0.0233748 0)
(0.00440798 0.0197282 0)
(0.482887 2.05088 0)
(0.379536 2.51162 0)
(0.372929 2.09917 0)
(0.355823 2.53497 0)
(0.275172 2.10841 0)
(0.316824 2.50537 0)
(0.206264 2.11335 0)
(0.307725 2.47131 0)
(0.271587 2.17866 0)
(0.339817 2.43067 0)
(0.386058 2.27449 0)
(0.391634 2.40241 0)
(0.464784 2.35637 0)
(0.438474 2.38479 0)
(0.57172 2.33798 0)
(0.499592 2.37055 0)
(0.650074 2.29789 0)
(0.616484 2.36262 0)
(0.705485 2.22918 0)
(0.730874 2.33901 0)
(0.841804 2.27331 0)
(0.897468 2.1302 0)
(0.880744 1.93203 0)
(0.813741 1.7265 0)
(0.725358 1.54503 0)
(0.637329 1.3969 0)
(0.557081 1.27814 0)
(0.485973 1.18176 0)
(0.423441 1.10226 0)
(0.368373 1.03551 0)
(0.319454 0.978395 0)
(0.275384 0.92859 0)
(0.235086 0.884398 0)
(0.197771 0.84454 0)
(0.162912 0.808051 0)
(0.130161 0.7742 0)
(0.0992886 0.742434 0)
(0.0701423 0.712329 0)
(0.0426193 0.68355 0)
(0.0166534 0.655832 0)
(-0.00779598 0.628963 0)
(-0.0307423 0.602788 0)
(-0.0521739 0.577184 0)
(0.287855 1.64425 0)
(-2.77618 -0.0322535 0)
(-2.7611 -0.049817 0)
(-1.87395 0.810845 0)
(0.320995 2.35599 0)
(-0.624803 0.871788 0)
(-2.34886 -0.480444 0)
(-2.06734 0.255255 0)
(0.303327 2.49751 0)
(0.133542 1.80586 0)
(-1.40321 0.255387 0)
(-1.76102 0.368284 0)
(0.297171 2.49566 0)
(0.349896 2.19845 0)
(-0.523302 1.02518 0)
(-1.36208 0.678007 0)
(0.36028 2.46322 0)
(0.392454 2.36375 0)
(0.144544 1.85863 0)
(-0.84141 1.09564 0)
(0.436401 2.44268 0)
(0.443886 2.41015 0)
(0.393527 2.22183 0)
(-0.131357 1.60246 0)
(0.491739 2.42231 0)
(0.545565 2.43017 0)
(0.485472 2.32811 0)
(0.347276 1.98229 0)
(0.552664 2.39458 0)
(0.628991 2.41163 0)
(0.692482 2.32053 0)
(0.680261 1.9354 0)
(0.63667 2.35258 0)
(0.712305 2.3598 0)
(0.870589 2.25721 0)
(1.04494 1.85136 0)
(0.776294 2.30403 0)
(0.858581 2.24095 0)
(1.02409 2.13511 0)
(1.27343 1.7822 0)
(0.923905 2.24378 0)
(1.04402 2.10474 0)
(1.229 1.87675 0)
(1.51131 1.52838 0)
(1.0534 2.1243 0)
(1.22825 1.95891 0)
(1.43977 1.63536 0)
(1.68701 1.17218 0)
(1.10866 1.93086 0)
(1.33252 1.76068 0)
(1.55247 1.45118 0)
(1.73138 1.05065 0)
(1.04885 1.70789 0)
(1.27612 1.55812 0)
(1.46639 1.30031 0)
(1.58619 0.985558 0)
(0.924564 1.50886 0)
(1.11602 1.38347 0)
(1.26777 1.18137 0)
(1.35526 0.936784 0)
(0.793796 1.34962 0)
(0.942662 1.24389 0)
(1.06102 1.08545 0)
(1.13133 0.896369 0)
(0.679403 1.22569 0)
(0.793912 1.13439 0)
(0.886353 1.0077 0)
(0.944564 0.859279 0)
(0.583255 1.12819 0)
(0.672717 1.04822 0)
(0.745911 0.944315 0)
(0.794613 0.825147 0)
(0.502348 1.04983 0)
(0.573872 0.979128 0)
(0.63306 0.891974 0)
(0.674408 0.794038 0)
(0.433721 0.985374 0)
(0.492342 0.922407 0)
(0.541351 0.847842 0)
(0.577072 0.765596 0)
(0.374762 0.931114 0)
(0.424003 0.874649 0)
(0.465551 0.809806 0)
(0.496955 0.73944 0)
(0.323203 0.884377 0)
(0.365541 0.833454 0)
(0.40157 0.776351 0)
(0.429653 0.715225 0)
(0.277248 0.843259 0)
(0.314441 0.797131 0)
(0.346355 0.74636 0)
(0.371879 0.69261 0)
(0.235598 0.806379 0)
(0.268907 0.764455 0)
(0.297722 0.718982 0)
(0.321274 0.671263 0)
(0.197362 0.772723 0)
(0.227701 0.734526 0)
(0.254157 0.693569 0)
(0.276187 0.650894 0)
(0.161945 0.741545 0)
(0.189982 0.706682 0)
(0.214622 0.669639 0)
(0.235475 0.631266 0)
(0.128947 0.712293 0)
(0.155177 0.680438 0)
(0.178404 0.646837 0)
(0.19834 0.612191 0)
(0.098091 0.684552 0)
(0.122887 0.655432 0)
(0.145001 0.624892 0)
(0.164219 0.593521 0)
(0.0691832 0.658 0)
(0.0928285 0.631386 0)
(0.114056 0.603599 0)
(0.132705 0.57514 0)
(0.0420859 0.632387 0)
(0.0647982 0.608086 0)
(0.0853103 0.582799 0)
(0.103504 0.556958 0)
(0.0167025 0.607513 0)
(0.038648 0.585361 0)
(0.0585757 0.562366 0)
(0.0763995 0.538903 0)
(-0.00703307 0.583227 0)
(0.0142733 0.563083 0)
(0.0337148 0.542208 0)
(0.0512321 0.520927 0)
(-0.0291594 0.559425 0)
(-0.00840189 0.541162 0)
(0.0106264 0.522261 0)
(0.0278818 0.502996 0)
(-1.46599 1.30969 0)
(-1.24205 0.459019 0)
(-0.909249 0.0869194 0)
(-0.694615 -0.142432 0)
(-0.510059 -0.25478 0)
(-0.368087 -0.292978 0)
(-0.261561 -0.292056 0)
(-0.182909 -0.272709 0)
(-0.125062 -0.245988 0)
(-0.0823628 -0.217523 0)
(-0.050579 -0.189882 0)
(-0.0267099 -0.16416 0)
(-0.00861457 -0.140741 0)
(0.00520675 -0.119677 0)
(0.0158046 -0.100876 0)
(0.0239197 -0.0841895 0)
(0.0300907 -0.0694364 0)
(0.0347212 -0.0564301 0)
(0.0381135 -0.044988 0)
(0.0404925 -0.0349369 0)
(0.0420305 -0.0261132 0)
(0.0428673 -0.0183636 0)
(0.0431202 -0.0115485 0)
(0.0428866 -0.00554451 0)
(0.0422448 -0.000244361 0)
(0.0412564 0.00444438 0)
(0.0399735 0.00860237 0)
(0.038441 0.0122981 0)
(0.0366977 0.0155865 0)
(0.0347757 0.0185081 0)
(0.0326988 0.0210875 0)
(0.030481 0.0233327 0)
(0.0281252 0.0252343 0)
(0.0256201 0.026764 0)
(0.0229339 0.0278762 0)
(0.0200055 0.0285116 0)
(0.0167299 0.0286056 0)
(0.0129824 0.0281001 0)
(0.00866312 0.0269005 0)
(0.00428026 0.0240244 0)
(-1.7938 0.727012 0)
(-1.3895 0.229704 0)
(-1.06655 -0.116892 0)
(-0.776059 -0.314208 0)
(-0.543409 -0.389508 0)
(-0.372701 -0.393394 0)
(-0.251233 -0.364862 0)
(-0.165757 -0.325057 0)
(-0.105585 -0.283696 0)
(-0.0629431 -0.244876 0)
(-0.0323748 -0.209934 0)
(-0.0102212 -0.179023 0)
(0.00600651 -0.151857 0)
(0.01799 -0.128039 0)
(0.0268694 -0.10718 0)
(0.0334252 -0.0889213 0)
(0.038209 -0.0729461 0)
(0.0416207 -0.0589725 0)
(0.0439514 -0.0467533 0)
(0.0454124 -0.0360698 0)
(0.0461624 -0.0267263 0)
(0.0463277 -0.0185461 0)
(0.0460119 -0.0113726 0)
(0.0452991 -0.00506925 0)
(0.0442563 0.000482106 0)
(0.0429347 0.00538221 0)
(0.0413771 0.00971867 0)
(0.0396196 0.0135657 0)
(0.0376926 0.0169835 0)
(0.0356196 0.0200177 0)
(0.0334158 0.0226987 0)
(0.0310872 0.0250417 0)
(0.0286285 0.0270466 0)
(0.0260208 0.0286982 0)
(0.0232265 0.0299678 0)
(0.0201826 0.0308186 0)
(0.0167892 0.0312142 0)
(0.0129401 0.0311275 0)
(0.00855538 0.0304927 0)
(0.00415383 0.0283034 0)
(-1.69662 0.406073 0)
(-1.42091 -0.0216758 0)
(-1.12657 -0.360618 0)
(-0.80449 -0.525018 0)
(-0.541001 -0.550125 0)
(-0.351933 -0.508131 0)
(-0.222758 -0.44432 0)
(-0.135753 -0.379742 0)
(-0.0769679 -0.32148 0)
(-0.0369613 -0.271224 0)
(-0.00939636 -0.228545 0)
(0.00980319 -0.192316 0)
(0.0233014 -0.161436 0)
(0.0328391 -0.134975 0)
(0.0395663 -0.112193 0)
(0.04425 -0.0925072 0)
(0.0474171 -0.0754488 0)
(0.0494389 -0.0606373 0)
(0.0505778 -0.0477584 0)
(0.0510194 -0.0365479 0)
(0.0509004 -0.0267775 0)
(0.0503277 -0.0182483 0)
(0.049387 -0.0107875 0)
(0.0481465 -0.00424627 0)
(0.0466588 0.00150311 0)
(0.0449636 0.00656894 0)
(0.0430929 0.0110451 0)
(0.0410733 0.0150112 0)
(0.0389258 0.0185322 0)
(0.0366651 0.0216588 0)
(0.0342981 0.0244271 0)
(0.031823 0.0268596 0)
(0.0292273 0.028965 0)
(0.026486 0.0307399 0)
(0.0235577 0.0321709 0)
(0.0203792 0.03324 0)
(0.0168574 0.033933 0)
(0.0129032 0.0342462 0)
(0.00845442 0.0341328 0)
(0.0040376 0.0325477 0)
(-1.47736 0.351107 0)
(-1.3584 -0.212487 0)
(-1.09507 -0.616544 0)
(-0.7682 -0.760459 0)
(-0.491755 -0.726969 0)
(-0.298518 -0.629557 0)
(-0.171937 -0.524868 0)
(-0.0906313 -0.432762 0)
(-0.0380571 -0.356589 0)
(-0.00388341 -0.29472 0)
(0.0185615 -0.244431 0)
(0.0334097 -0.203153 0)
(0.0432328 -0.168863 0)
(0.0496798 -0.140048 0)
(0.0538076 -0.115605 0)
(0.0563031 -0.0947197 0)
(0.0576263 -0.076776 0)
(0.0580916 -0.0612971 0)
(0.0579137 -0.0479052 0)
(0.0572402 -0.0362932 0)
(0.0561772 -0.0262037 0)
(0.0548058 -0.0174177 0)
(0.0531895 -0.00974846 0)
(0.0513775 -0.00303646 0)
(0.0494061 0.00285353 0)
(0.0473016 0.00803652 0)
(0.0450843 0.0126117 0)
(0.04277 0.0166631 0)
(0.0403702 0.0202602 0)
(0.0378905 0.0234583 0)
(0.0353297 0.0262991 0)
(0.0326785 0.0288114 0)
(0.0299183 0.0310126 0)
(0.0270191 0.0329095 0)
(0.0239368 0.0345017 0)
(0.0206094 0.035787 0)
(0.0169508 0.0367684 0)
(0.0128876 0.037459 0)
(0.00837223 0.0378231 0)
(0.00393623 0.0367662 0)
(-1.09601 0.42173 0)
(-1.11256 -0.336684 0)
(-0.92411 -0.858047 0)
(-0.640951 -0.998127 0)
(-0.381714 -0.904224 0)
(-0.205762 -0.746181 0)
(-0.095966 -0.598631 0)
(-0.0292882 -0.478931 0)
(0.0114118 -0.385631 0)
(0.0362248 -0.313136 0)
(0.0513216 -0.256144 0)
(0.0603688 -0.210579 0)
(0.0655775 -0.17349 0)
(0.0683106 -0.14281 0)
(0.0694161 -0.117099 0)
(0.0694306 -0.0953315 0)
(0.0687029 -0.0767612 0)
(0.067462 -0.0608273 0)
(0.0658568 -0.0470982 0)
(0.0639849 -0.035231 0)
(0.0619131 -0.0249447 0)
(0.0596909 -0.0160047 0)
(0.0573558 -0.00821335 0)
(0.0549355 -0.00140341 0)
(0.0524476 0.00456587 0)
(0.0499037 0.00981457 0)
(0.0473115 0.0144459 0)
(0.0446753 0.0185476 0)
(0.0419966 0.0221927 0)
(0.0392719 0.0254406 0)
(0.0364923 0.0283377 0)
(0.0336414 0.030919 0)
(0.0306949 0.033209 0)
(0.0276188 0.0352237 0)
(0.0243675 0.0369738 0)
(0.0208805 0.0384693 0)
(0.0170785 0.0397265 0)
(0.0129016 0.04077 0)
(0.00831483 0.0415698 0)
(0.00385152 0.0409717 0)
(-0.531937 0.64707 0)
(-0.620436 -0.366312 0)
(-0.565691 -1.03179 0)
(-0.396985 -1.19519 0)
(-0.201058 -1.05512 0)
(-0.0705276 -0.841958 0)
(0.0051855 -0.655411 0)
(0.0474329 -0.511978 0)
(0.0705009 -0.404793 0)
(0.0825062 -0.324123 0)
(0.0881683 -0.26223 0)
(0.09013 -0.213661 0)
(0.0899075 -0.174701 0)
(0.0883945 -0.142844 0)
(0.0861232 -0.116385 0)
(0.0834158 -0.0941369 0)
(0.0804695 -0.0752547 0)
(0.077403 -0.0591166 0)
(0.0742835 -0.0452525 0)
(0.0711479 -0.033295 0)
(0.068017 -0.0229475 0)
(0.0649039 -0.0139658 0)
(0.0618169 -0.00614556 0)
(0.0587594 0.00068457 0)
(0.0557295 0.00666828 0)
(0.0527227 0.0119287 0)
(0.0497329 0.0165717 0)
(0.0467531 0.0206872 0)
(0.0437743 0.0243512 0)
(0.0407843 0.027626 0)
(0.037766 0.0305625 0)
(0.0346969 0.0332003 0)
(0.0315475 0.0355705 0)
(0.0282805 0.0376965 0)
(0.0248491 0.039598 0)
(0.0211947 0.041295 0)
(0.017244 0.0428132 0)
(0.0129488 0.0441848 0)
(0.00828436 0.0453808 0)
(0.00378355 0.0451794 0)
(0.120223 1.00159 0)
(0.0276563 -0.282028 0)
(-0.0586613 -1.0804 0)
(-0.0410683 -1.30402 0)
(0.0430836 -1.14752 0)
(0.100957 -0.897653 0)
(0.126907 -0.684104 0)
(0.135935 -0.52569 0)
(0.136604 -0.410573 0)
(0.133161 -0.325642 0)
(0.127859 -0.261432 0)
(0.121814 -0.211604 0)
(0.115587 -0.171983 0)
(0.10946 -0.139807 0)
(0.103572 -0.113227 0)
(0.097982 -0.0909694 0)
(0.0927077 -0.0721361 0)
(0.0877385 -0.0560757 0)
(0.0830494 -0.0423003 0)
(0.078609 -0.0304322 0)
(0.0743874 -0.0201698 0)
(0.0703581 -0.0112658 0)
(0.0664979 -0.00351523 0)
(0.0627842 0.00325331 0)
(0.0591949 0.0091838 0)
(0.0557086 0.0144001 0)
(0.0523053 0.0190087 0)
(0.0489661 0.0231008 0)
(0.0456716 0.0267535 0)
(0.0424008 0.0300318 0)
(0.0391293 0.0329893 0)
(0.0358284 0.03567 0)
(0.0324642 0.0381098 0)
(0.0289963 0.0403385 0)
(0.0253772 0.0423829 0)
(0.0215499 0.0442705 0)
(0.0174467 0.0460337 0)
(0.013029 0.047709 0)
(0.00828042 0.0492649 0)
(0.0037314 0.0494047 0)
(0.614887 1.15861 0)
(0.647014 -0.205436 0)
(0.497213 -1.03995 0)
(0.372231 -1.30556 0)
(0.32424 -1.15597 0)
(0.291828 -0.896789 0)
(0.258616 -0.676342 0)
(0.229647 -0.51576 0)
(0.205653 -0.400621 0)
(0.185599 -0.316345 0)
(0.168689 -0.25294 0)
(0.154263 -0.2039 0)
(0.141802 -0.165002 0)
(0.130921 -0.133477 0)
(0.121329 -0.107473 0)
(0.112802 -0.0857206 0)
(0.105163 -0.0673267 0)
(0.0982674 -0.0516458 0)
(0.0919919 -0.0381964 0)
(0.0862349 -0.0266071 0)
(0.0809132 -0.0165822 0)
(0.0759595 -0.00788021 0)
(0.0713183 -0.000301096 0)
(0.0669407 0.00632167 0)
(0.0627838 0.0121297 0)
(0.0588094 0.017245 0)
(0.0549834 0.0217726 0)
(0.051275 0.0258031 0)
(0.0476548 0.029414 0)
(0.0440932 0.0326713 0)
(0.0405589 0.0356307 0)
(0.0370174 0.0383393 0)
(0.0334306 0.0408369 0)
(0.0297556 0.0431582 0)
(0.0259442 0.0453354 0)
(0.0219411 0.0474012 0)
(0.0176831 0.0493929 0)
(0.0131395 0.0513484 0)
(0.00830091 0.0532308 0)
(0.00369358 0.0536626 0)
(1.15323 1.04188 0)
(1.14498 -0.0667855 0)
(1.00446 -0.941191 0)
(0.783339 -1.20904 0)
(0.603036 -1.07248 0)
(0.477574 -0.832953 0)
(0.386097 -0.62939 0)
(0.320416 -0.481066 0)
(0.272753 -0.374412 0)
(0.236769 -0.295942 0)
(0.208684 -0.236573 0)
(0.18615 -0.190424 0)
(0.167637 -0.153671 0)
(0.152124 -0.123789 0)
(0.138913 -0.0990753 0)
(0.127512 -0.0783556 0)
(0.117557 -0.0607995 0)
(0.10877 -0.0458053 0)
(0.100936 -0.0329229 0)
(0.0938823 -0.0218042 0)
(0.0874757 -0.0121713 0)
(0.0816088 -0.00379666 0)
(0.0761937 0.00350797 0)
(0.0711565 0.00990059 0)
(0.0664339 0.0155168 0)
(0.061971 0.020474 0)
(0.0577202 0.0248738 0)
(0.0536392 0.0288046 0)
(0.049689 0.0323428 0)
(0.045832 0.0355543 0)
(0.04203 0.038496 0)
(0.0382435 0.0412168 0)
(0.0344304 0.0437592 0)
(0.0305456 0.0461616 0)
(0.0265404 0.04846 0)
(0.0223608 0.0506911 0)
(0.0179473 0.0528945 0)
(0.0132758 0.055108 0)
(0.00834258 0.0572866 0)
(0.00366822 0.0579668 0)
(1.48758 1.08647 0)
(1.51694 0.0422267 0)
(1.42581 -0.773518 0)
(1.11771 -1.02006 0)
(0.830135 -0.906832 0)
(0.630981 -0.713393 0)
(0.494533 -0.547948 0)
(0.400021 -0.424453 0)
(0.333051 -0.333562 0)
(0.283642 -0.26534 0)
(0.245869 -0.212845 0)
(0.216141 -0.171476 0)
(0.192155 -0.138171 0)
(0.172394 -0.110856 0)
(0.155829 -0.0881064 0)
(0.141739 -0.0689214 0)
(0.129599 -0.0525856 0)
(0.119019 -0.0385748 0)
(0.109697 -0.0264932 0)
(0.101402 -0.0160316 0)
(0.0939519 -0.00694119 0)
(0.0872025 0.000983276 0)
(0.0810366 0.00791253 0)
(0.0753569 0.0139923 0)
(0.0700806 0.0193488 0)
(0.0651376 0.0240919 0)
(0.0604674 0.0283179 0)
(0.0560171 0.0321113 0)
(0.0517385 0.0355461 0)
(0.0475864 0.0386871 0)
(0.0435167 0.0415909 0)
(0.0394849 0.0443075 0)
(0.0354457 0.046881 0)
(0.0313518 0.0493521 0)
(0.0271541 0.0517595 0)
(0.0227997 0.0541424 0)
(0.018232 0.0565412 0)
(0.0134323 0.0589918 0)
(0.00840142 0.0614392 0)
(0.00365323 0.0623292 0)
(1.77744 0.910065 0)
(1.87932 0.0909956 0)
(1.69656 -0.585194 0)
(1.30542 -0.764774 0)
(0.965968 -0.689171 0)
(0.732675 -0.559869 0)
(0.573571 -0.443919 0)
(0.462415 -0.352232 0)
(0.382795 -0.28151 0)
(0.323751 -0.226473 0)
(0.27856 -0.182887 0)
(0.24305 -0.147747 0)
(0.214503 -0.118936 0)
(0.191103 -0.0949616 0)
(0.171602 -0.0747551 0)
(0.155118 -0.0575474 0)
(0.141006 -0.0427752 0)
(0.128787 -0.030018 0)
(0.118095 -0.0189526 0)
(0.108645 -0.0093218 0)
(0.100218 -0.000915001 0)
(0.0926365 0.00644301 0)
(0.0857588 0.0129015 0)
(0.0794662 0.0185899 0)
(0.0736589 0.0236215 0)
(0.0682529 0.0280967 0)
(0.0631762 0.0321046 0)
(0.0583661 0.0357241 0)
(0.0537664 0.0390257 0)
(0.049325 0.0420718 0)
(0.0449921 0.0449178 0)
(0.0407191 0.0476136 0)
(0.0364575 0.050204 0)
(0.0321586 0.052731 0)
(0.0277725 0.0552349 0)
(0.0232472 0.0577558 0)
(0.0185288 0.0603341 0)
(0.0136024 0.0630022 0)
(0.00847298 0.0656937 0)
(0.00364644 0.0667596 0)
(1.92828 0.616956 0)
(1.94305 0.014452 0)
(1.68535 -0.360822 0)
(1.31914 -0.483674 0)
(1.00598 -0.463923 0)
(0.780912 -0.39963 0)
(0.621011 -0.33169 0)
(0.50534 -0.27206 0)
(0.42006 -0.222561 0)
(0.35557 -0.18187 0)
(0.305578 -0.148245 0)
(0.265974 -0.120209 0)
(0.23399 -0.0966024 0)
(0.207717 -0.0765299 0)
(0.185816 -0.0593126 0)
(0.16732 -0.0444371 0)
(0.151514 -0.031513 0)
(0.137863 -0.0202394 0)
(0.125953 -0.0103773 0)
(0.115466 -0.00173061 0)
(0.106152 0.00586531 0)
(0.0978086 0.0125516 0)
(0.0902731 0.0184521 0)
(0.0834094 0.0236765 0)
(0.0771039 0.0283229 0)
(0.0712606 0.0324801 0)
(0.0657976 0.036228 0)
(0.0606439 0.0396392 0)
(0.055736 0.0427791 0)
(0.0510159 0.0457068 0)
(0.0464289 0.0484756 0)
(0.0419227 0.0511341 0)
(0.0374463 0.0537272 0)
(0.0329494 0.0562972 0)
(0.0283819 0.0588848 0)
(0.0236923 0.0615302 0)
(0.0188286 0.0642727 0)
(0.0137793 0.0671402 0)
(0.00855258 0.0700534 0)
(0.00364562 0.0712656 0)
(1.82868 0.608686 0)
(1.75652 0.191137 0)
(1.5239 -0.0987072 0)
(1.23788 -0.234328 0)
(0.984675 -0.265535 0)
(0.788891 -0.251144 0)
(0.641403 -0.222122 0)
(0.52989 -0.190558 0)
(0.444707 -0.160822 0)
(0.378574 -0.134137 0)
(0.326324 -0.110606 0)
(0.284357 -0.0899842 0)
(0.250133 -0.071926 0)
(0.221833 -0.0560836 0)
(0.198137 -0.0421463 0)
(0.178068 -0.0298533 0)
(0.160894 -0.01899 0)
(0.146054 -0.00937899 0)
(0.133113 -0.000871343 0)
(0.121732 0.00666324 0)
(0.111641 0.0133403 0)
(0.102622 0.0192642 0)
(0.0944956 0.0245302 0)
(0.0871141 0.0292261 0)
(0.0803525 0.0334332 0)
(0.0741058 0.0372267 0)
(0.0682839 0.0406767 0)
(0.0628089 0.0438478 0)
(0.0576112 0.0467995 0)
(0.0526278 0.0495866 0)
(0.0478001 0.0522595 0)
(0.0430726 0.0548649 0)
(0.0383923 0.0574468 0)
(0.0337077 0.0600469 0)
(0.0289683 0.0627056 0)
(0.0241233 0.0654624 0)
(0.0191221 0.0683544 0)
(0.0139559 0.0714046 0)
(0.00863548 0.0745197 0)
(0.0036486 0.0758522 0)
(1.61347 0.643558 0)
(1.52361 0.323845 0)
(1.34275 0.0905747 0)
(1.12996 -0.0429335 0)
(0.933076 -0.102314 0)
(0.770506 -0.121484 0)
(0.641119 -0.121381 0)
(0.538847 -0.112369 0)
(0.4578 -0.0995949 0)
(0.393035 -0.0855855 0)
(0.34072 -0.0715845 0)
(0.297982 -0.0582007 0)
(0.262675 -0.0457061 0)
(0.233193 -0.0341935 0)
(0.208326 -0.0236692 0)
(0.187153 -0.0140976 0)
(0.168962 -0.00542904 0)
(0.153202 0.00239545 0)
(0.139437 0.00943748 0)
(0.127323 0.015762 0)
(0.116582 0.0214351 0)
(0.106986 0.0265228 0)
(0.0983481 0.0310909 0)
(0.0905118 0.0352038 0)
(0.0833451 0.0389248 0)
(0.0767362 0.0423151 0)
(0.0705893 0.0454335 0)
(0.0648209 0.048336 0)
(0.0593569 0.0510755 0)
(0.0541303 0.0537017 0)
(0.0490792 0.0562615 0)
(0.0441461 0.0587989 0)
(0.0392761 0.0613562 0)
(0.034417 0.063974 0)
(0.0295179 0.0666917 0)
(0.0245286 0.0695472 0)
(0.0194 0.072575 0)
(0.0141252 0.0757925 0)
(0.00871703 0.0790917 0)
(0.00365328 0.080522 0)
(1.36869 0.67147 0)
(1.3002 0.42186 0)
(1.17084 0.229656 0)
(1.01644 0.10265 0)
(0.866715 0.0282534 0)
(0.735788 -0.0121431 0)
(0.626047 -0.0322374 0)
(0.535455 -0.0402836 0)
(0.461014 -0.0412275 0)
(0.399753 -0.0380513 0)
(0.349091 -0.0325682 0)
(0.30692 -0.0258927 0)
(0.27156 -0.0187078 0)
(0.241683 -0.011428 0)
(0.216248 -0.00430558 0)
(0.194432 0.00250858 0)
(0.175583 0.00892462 0)
(0.159182 0.0148956 0)
(0.144813 0.0204041 0)
(0.132139 0.0254536 0)
(0.120884 0.0300623 0)
(0.110821 0.034259 0)
(0.10176 0.0380799 0)
(0.0935402 0.0415664 0)
(0.0860264 0.0447634 0)
(0.0791031 0.0477174 0)
(0.0726707 0.0504757 0)
(0.0666421 0.0530853 0)
(0.0609399 0.0555917 0)
(0.0554942 0.0580391 0)
(0.0502412 0.0604701 0)
(0.0451213 0.0629258 0)
(0.040079 0.0654461 0)
(0.0350611 0.0680699 0)
(0.030017 0.0708349 0)
(0.0248971 0.0737772 0)
(0.0196532 0.0769282 0)
(0.0142802 0.0802989 0)
(0.00879273 0.0837663 0)
(0.00365765 0.0852749 0)
(1.14779 0.68959 0)
(1.10479 0.490754 0)
(1.01687 0.329099 0)
(0.90729 0.210719 0)
(0.795421 0.130262 0)
(0.692075 0.0777727 0)
(0.601093 0.0445174 0)
(0.522818 0.0242823 0)
(0.456219 0.0127942 0)
(0.399801 0.00714081 0)
(0.352017 0.00534486 0)
(0.311455 0.00606206 0)
(0.276895 0.0083793 0)
(0.247311 0.0116757 0)
(0.221857 0.0155266 0)
(0.199834 0.0196405 0)
(0.180674 0.0238177 0)
(0.16391 0.0279243 0)
(0.149158 0.0318741 0)
(0.136101 0.0356162 0)
(0.124476 0.0391252 0)
(0.114061 0.0423954 0)
(0.10467 0.0454352 0)
(0.0961443 0.0482638 0)
(0.0883473 0.0509081 0)
(0.0811627 0.0534003 0)
(0.0744891 0.055776 0)
(0.0682378 0.0580727 0)
(0.0623295 0.0603286 0)
(0.0566928 0.0625819 0)
(0.0512624 0.0648707 0)
(0.045978 0.0672325 0)
(0.0407832 0.0697045 0)
(0.0356251 0.0723235 0)
(0.030453 0.0751251 0)
(0.0252181 0.0781432 0)
(0.0198733 0.0814055 0)
(0.0144147 0.0849168 0)
(0.00885829 0.0885383 0)
(0.00365979 0.0901084 0)
(0.964576 0.695991 0)
(0.941191 0.534964 0)
(0.883771 0.39769 0)
(0.807342 0.289515 0)
(0.724754 0.208809 0)
(0.644286 0.150536 0)
(0.570073 0.109372 0)
(0.503662 0.080892 0)
(0.445248 0.0616642 0)
(0.394355 0.049112 0)
(0.350223 0.0413381 0)
(0.312014 0.0369585 0)
(0.278917 0.0349686 0)
(0.250192 0.0346395 0)
(0.225191 0.0354416 0)
(0.203353 0.0369896 0)
(0.184202 0.039004 0)
(0.167336 0.0412843 0)
(0.152414 0.0436892 0)
(0.13915 0.0461221 0)
(0.127299 0.0485207 0)
(0.116651 0.0508484 0)
(0.107029 0.0530887 0)
(0.0982778 0.0552403 0)
(0.0902654 0.0573131 0)
(0.0828764 0.0593257 0)
(0.0760101 0.0613024 0)
(0.0695773 0.0632713 0)
(0.0634985 0.0652631 0)
(0.0577018 0.0673101 0)
(0.0521216 0.0694454 0)
(0.0466973 0.071703 0)
(0.0413727 0.0741169 0)
(0.0360949 0.0767214 0)
(0.0308141 0.0795499 0)
(0.0254818 0.0826337 0)
(0.0200522 0.0859968 0)
(0.0145225 0.0896372 0)
(0.00890972 0.0934004 0)
(0.00365797 0.0950174 0)
(0.816376 0.693775 0)
(0.806493 0.561331 0)
(0.7705 0.443945 0)
(0.717987 0.34626 0)
(0.657571 0.268585 0)
(0.59554 0.208658 0)
(0.535732 0.163377 0)
(0.480168 0.12973 0)
(0.429714 0.10511 0)
(0.384553 0.0873869 0)
(0.344481 0.0748788 0)
(0.309102 0.0662822 0)
(0.277941 0.060598 0)
(0.250512 0.0570646 0)
(0.22635 0.0551035 0)
(0.20503 0.0542761 0)
(0.186173 0.0542523 0)
(0.169445 0.0547852 0)
(0.154555 0.0556927 0)
(0.141252 0.0568428 0)
(0.129315 0.0581428 0)
(0.118552 0.0595307 0)
(0.108797 0.0609681 0)
(0.099904 0.0624358 0)
(0.0917464 0.0639284 0)
(0.0842127 0.0654517 0)
(0.0772045 0.0670194 0)
(0.0706341 0.0686507 0)
(0.0644231 0.070369 0)
(0.0585 0.0722006 0)
(0.0528 0.0741739 0)
(0.0472628 0.0763188 0)
(0.041833 0.0786664 0)
(0.0364582 0.0812482 0)
(0.0310895 0.0840952 0)
(0.0256793 0.0872357 0)
(0.0201828 0.0906899 0)
(0.0145981 0.0944492 0)
(0.0089434 0.098343 0)
(0.00365061 0.0999944 0)
(0.696657 0.686167 0)
(0.695653 0.57548 0)
(0.674375 0.474332 0)
(0.638916 0.386681 0)
(0.59511 0.313705 0)
(0.547683 0.254657 0)
(0.499945 0.207851 0)
(0.453969 0.171327 0)
(0.410931 0.143194 0)
(0.371391 0.121776 0)
(0.335515 0.105658 0)
(0.303226 0.0936843 0)
(0.274313 0.0849225 0)
(0.248498 0.0786321 0)
(0.225477 0.0742285 0)
(0.20495 0.0712539 0)
(0.18663 0.0693522 0)
(0.170252 0.0682489 0)
(0.155578 0.0677346 0)
(0.142392 0.0676522 0)
(0.130503 0.067886 0)
(0.119739 0.0683536 0)
(0.109948 0.0689992 0)
(0.100996 0.0697877 0)
(0.092764 0.070701 0)
(0.0851465 0.0717333 0)
(0.0780489 0.0728884 0)
(0.0713867 0.0741775 0)
(0.0650835 0.0756171 0)
(0.0590697 0.0772278 0)
(0.0532816 0.0790332 0)
(0.0476604 0.0810594 0)
(0.0421516 0.0833343 0)
(0.0367042 0.0858866 0)
(0.03127 0.0887447 0)
(0.0258027 0.0919341 0)
(0.0202587 0.0954709 0)
(0.0146368 0.0993401 0)
(0.00895612 0.103355 0)
(0.00363632 0.10503 0)
(0.599059 0.675263 0)
(0.603721 0.581357 0)
(0.592441 0.493539 0)
(0.569102 0.415093 0)
(0.537687 0.347488 0)
(0.501724 0.290774 0)
(0.463942 0.244143 0)
(0.42626 0.20639 0)
(0.389933 0.176196 0)
(0.355709 0.152293 0)
(0.323975 0.133539 0)
(0.294873 0.118951 0)
(0.268386 0.107699 0)
(0.2444 0.0990973 0)
(0.222745 0.0925862 0)
(0.203227 0.0877136 0)
(0.185645 0.0841181 0)
(0.1698 0.0815133 0)
(0.155504 0.079675 0)
(0.142578 0.0784303 0)
(0.13086 0.0776476 0)
(0.120202 0.0772298 0)
(0.110468 0.0771071 0)
(0.101537 0.0772325 0)
(0.0933009 0.0775764 0)
(0.0856601 0.0781234 0)
(0.0785262 0.0788688 0)
(0.0718187 0.0798164 0)
(0.0654645 0.0809763 0)
(0.0593967 0.0823639 0)
(0.0535537 0.0839985 0)
(0.0478786 0.0859022 0)
(0.0423185 0.0880999 0)
(0.0368237 0.0906175 0)
(0.0313477 0.0934807 0)
(0.0258454 0.0967123 0)
(0.0202742 0.100324 0)
(0.0146343 0.104295 0)
(0.00894512 0.108423 0)
(0.00361393 0.110112 0)
(0.518283 0.662456 0)
(0.526478 0.581706 0)
(0.521979 0.504884 0)
(0.507281 0.434665 0)
(0.485126 0.372523 0)
(0.458133 0.318897 0)
(0.428495 0.27351 0)
(0.397889 0.235673 0)
(0.36752 0.204505 0)
(0.3382 0.17908 0)
(0.310433 0.158507 0)
(0.284496 0.141975 0)
(0.260509 0.128771 0)
(0.238478 0.118283 0)
(0.218343 0.109997 0)
(0.199998 0.103483 0)
(0.183315 0.0983913 0)
(0.168154 0.0944353 0)
(0.154372 0.0913869 0)
(0.141831 0.0890655 0)
(0.130397 0.0873304 0)
(0.119943 0.0860747 0)
(0.110354 0.0852189 0)
(0.101522 0.0847066 0)
(0.093348 0.0844996 0)
(0.0857433 0.0845742 0)
(0.0786254 0.0849187 0)
(0.071919 0.0855303 0)
(0.0655553 0.0864139 0)
(0.0594708 0.0875798 0)
(0.0536067 0.0890433 0)
(0.0479085 0.0908231 0)
(0.0423255 0.092941 0)
(0.0368097 0.0954203 0)
(0.0313164 0.0982842 0)
(0.0258018 0.101552 0)
(0.0202251 0.105234 0)
(0.0145871 0.1093 0)
(0.0089081 0.113531 0)
(0.00358246 0.115227 0)
(0.450167 0.648629 0)
(0.460545 0.578361 0)
(0.460684 0.510662 0)
(0.452207 0.447687 0)
(0.437016 0.390789 0)
(0.417056 0.340568 0)
(0.394058 0.297055 0)
(0.369441 0.259904 0)
(0.344297 0.228558 0)
(0.319426 0.20236 0)
(0.295376 0.180633 0)
(0.272502 0.162729 0)
(0.251009 0.148051 0)
(0.230993 0.136071 0)
(0.212472 0.126327 0)
(0.195413 0.118427 0)
(0.17975 0.11204 0)
(0.165392 0.106892 0)
(0.152242 0.102758 0)
(0.140193 0.0994566 0)
(0.12914 0.0968443 0)
(0.11898 0.0948086 0)
(0.109614 0.0932644 0)
(0.100952 0.0921485 0)
(0.0929046 0.0914162 0)
(0.0853928 0.0910378 0)
(0.0783416 0.0909956 0)
(0.0716819 0.0912816 0)
(0.0653498 0.091896 0)
(0.0592857 0.092845 0)
(0.0534344 0.09414 0)
(0.0477443 0.0957969 0)
(0.042167 0.0978343 0)
(0.036657 0.100273 0)
(0.0311713 0.103135 0)
(0.0256679 0.106435 0)
(0.0201078 0.11018 0)
(0.0144926 0.114335 0)
(0.00884324 0.118665 0)
(0.00354114 0.120359 0)
(0.391584 0.634282 0)
(0.403326 0.572507 0)
(0.406696 0.512434 0)
(0.402767 0.455795 0)
(0.392871 0.403777 0)
(0.378456 0.35702 0)
(0.360877 0.31572 0)
(0.341311 0.279755 0)
(0.320716 0.248794 0)
(0.299834 0.222391 0)
(0.279216 0.200043 0)
(0.25925 0.181245 0)
(0.24019 0.16551 0)
(0.222191 0.152391 0)
(0.205331 0.141485 0)
(0.18963 0.132443 0)
(0.175072 0.12496 0)
(0.16161 0.118781 0)
(0.149182 0.113691 0)
(0.137713 0.109514 0)
(0.127125 0.106108 0)
(0.117337 0.103358 0)
(0.108267 0.101177 0)
(0.0998392 0.0994989 0)
(0.0919777 0.0982735 0)
(0.0846122 0.097467 0)
(0.077676 0.0970573 0)
(0.0711068 0.0970325 0)
(0.064846 0.0973886 0)
(0.0588388 0.0981284 0)
(0.0530338 0.0992603 0)
(0.0473826 0.100797 0)
(0.0418398 0.102756 0)
(0.0363624 0.105154 0)
(0.0309093 0.108011 0)
(0.025441 0.111341 0)
(0.0199199 0.115145 0)
(0.0143488 0.119384 0)
(0.00874919 0.123806 0)
(0.00348939 0.125493 0)
(0.340259 0.619666 0)
(0.352884 0.564892 0)
(0.358565 0.511257 0)
(0.358026 0.460156 0)
(0.352212 0.412605 0)
(0.342204 0.369224 0)
(0.329066 0.330289 0)
(0.31376 0.295816 0)
(0.297107 0.265632 0)
(0.279778 0.239445 0)
(0.262295 0.216896 0)
(0.245051 0.197596 0)
(0.228325 0.181158 0)
(0.212307 0.167211 0)
(0.197113 0.155413 0)
(0.182807 0.145456 0)
(0.169408 0.13707 0)
(0.156907 0.13002 0)
(0.145271 0.124105 0)
(0.134455 0.119161 0)
(0.124401 0.115048 0)
(0.115051 0.111656 0)
(0.106339 0.108897 0)
(0.0982038 0.106703 0)
(0.0905813 0.105021 0)
(0.0834113 0.103817 0)
(0.0766353 0.103063 0)
(0.070198 0.102746 0)
(0.0640467 0.102858 0)
(0.0581314 0.103399 0)
(0.0524051 0.104376 0)
(0.0468231 0.105798 0)
(0.0413429 0.10768 0)
(0.0359244 0.110039 0)
(0.0305291 0.112891 0)
(0.0251194 0.116248 0)
(0.0196599 0.120109 0)
(0.0141544 0.124427 0)
(0.0086251 0.128935 0)
(0.00342685 0.130609 0)
(0.294573 0.604894 0)
(0.307799 0.555989 0)
(0.315185 0.50785 0)
(0.317226 0.461603 0)
(0.314606 0.41811 0)
(0.30814 0.377942 0)
(0.298662 0.341407 0)
(0.286955 0.308599 0)
(0.273716 0.279454 0)
(0.259536 0.253792 0)
(0.244896 0.231364 0)
(0.230175 0.21188 0)
(0.215659 0.195036 0)
(0.201555 0.180533 0)
(0.188005 0.168082 0)
(0.1751 0.157421 0)
(0.162889 0.148312 0)
(0.15139 0.140544 0)
(0.140596 0.133935 0)
(0.130485 0.128331 0)
(0.121022 0.123603 0)
(0.112164 0.119644 0)
(0.103864 0.116368 0)
(0.0960717 0.113709 0)
(0.0887358 0.111613 0)
(0.0818056 0.110044 0)
(0.0752312 0.108973 0)
(0.0689642 0.108385 0)
(0.062958 0.10827 0)
(0.057168 0.108626 0)
(0.0515515 0.109457 0)
(0.0460677 0.110772 0)
(0.0406776 0.112583 0)
(0.0353439 0.114905 0)
(0.0300308 0.117753 0)
(0.024703 0.121136 0)
(0.0193274 0.125051 0)
(0.0139091 0.129444 0)
(0.00847059 0.134034 0)
(0.00335335 0.135691 0)
(0.253379 0.590009 0)
(0.26704 0.546103 0)
(0.275721 0.502706 0)
(0.27977 0.460735 0)
(0.279689 0.42092 0)
(0.276099 0.383772 0)
(0.269658 0.349599 0)
(0.261004 0.318541 0)
(0.250722 0.290602 0)
(0.239327 0.265685 0)
(0.227252 0.243624 0)
(0.214853 0.224209 0)
(0.202408 0.207207 0)
(0.190131 0.192379 0)
(0.178178 0.179488 0)
(0.166658 0.168312 0)
(0.155641 0.158646 0)
(0.145166 0.150306 0)
(0.135246 0.143129 0)
(0.125879 0.136973 0)
(0.117049 0.131721 0)
(0.108727 0.127271 0)
(0.100882 0.123543 0)
(0.093475 0.120471 0)
(0.0864668 0.118006 0)
(0.0798157 0.116108 0)
(0.07348 0.114751 0)
(0.0674183 0.113916 0)
(0.0615903 0.113594 0)
(0.0559566 0.11378 0)
(0.0504791 0.114478 0)
(0.0451212 0.115694 0)
(0.0398473 0.11744 0)
(0.0346232 0.119728 0)
(0.0294159 0.122573 0)
(0.0241928 0.125983 0)
(0.0189231 0.12995 0)
(0.0136131 0.134415 0)
(0.00828576 0.139082 0)
(0.00326892 0.140717 0)
(0.215863 0.57502 0)
(0.229856 0.535431 0)
(0.239549 0.496171 0)
(0.245192 0.457993 0)
(0.247158 0.421514 0)
(0.24593 0.387182 0)
(0.242029 0.355294 0)
(0.235975 0.326011 0)
(0.228258 0.299379 0)
(0.219323 0.275361 0)
(0.209555 0.253852 0)
(0.19928 0.234705 0)
(0.188762 0.217747 0)
(0.178212 0.202789 0)
(0.167793 0.189642 0)
(0.157624 0.178121 0)
(0.147788 0.168052 0)
(0.13834 0.159276 0)
(0.129311 0.151649 0)
(0.120713 0.145045 0)
(0.112544 0.139357 0)
(0.104792 0.134493 0)
(0.097436 0.130378 0)
(0.0904501 0.12695 0)
(0.0838043 0.124161 0)
(0.0774661 0.121973 0)
(0.0714017 0.120361 0)
(0.0655767 0.119307 0)
(0.0599568 0.118798 0)
(0.0545078 0.118832 0)
(0.0491966 0.11941 0)
(0.0439903 0.120538 0)
(0.0388572 0.122226 0)
(0.0337664 0.124486 0)
(0.0286876 0.127332 0)
(0.023591 0.130768 0)
(0.0184485 0.134785 0)
(0.0132673 0.13932 0)
(0.00807113 0.14406 0)
(0.00317375 0.145669 0)
(0.181441 0.559919 0)
(0.1957 0.524107 0)
(0.206201 0.488494 0)
(0.213131 0.453703 0)
(0.216774 0.420256 0)
(0.217505 0.388545 0)
(0.215743 0.358845 0)
(0.211913 0.331322 0)
(0.206426 0.306052 0)
(0.199663 0.283035 0)
(0.191963 0.262214 0)
(0.183621 0.243492 0)
(0.174885 0.226741 0)
(0.165956 0.211819 0)
(0.156996 0.198575 0)
(0.14813 0.186858 0)
(0.139448 0.176523 0)
(0.131018 0.167435 0)
(0.122881 0.159469 0)
(0.115064 0.152516 0)
(0.107575 0.14648 0)
(0.100415 0.141277 0)
(0.0935746 0.136839 0)
(0.087037 0.133109 0)
(0.0807818 0.130043 0)
(0.0747849 0.127607 0)
(0.0690198 0.125774 0)
(0.0634589 0.124527 0)
(0.0580735 0.123855 0)
(0.0528351 0.123755 0)
(0.0477147 0.124228 0)
(0.042684 0.125279 0)
(0.0377146 0.126918 0)
(0.032779 0.129156 0)
(0.0278502 0.132005 0)
(0.0229009 0.135469 0)
(0.0179058 0.139537 0)
(0.0128733 0.144138 0)
(0.00782761 0.148947 0)
(0.00306821 0.150527 0)
(0.149692 0.544694 0)
(0.164168 0.512225 0)
(0.175329 0.479858 0)
(0.183315 0.448114 0)
(0.188344 0.417433 0)
(0.190715 0.388159 0)
(0.190766 0.36054 0)
(0.188846 0.334742 0)
(0.1853 0.310853 0)
(0.180455 0.288903 0)
(0.174606 0.268869 0)
(0.16802 0.250691 0)
(0.160921 0.234279 0)
(0.153502 0.219529 0)
(0.145919 0.206323 0)
(0.138297 0.19454 0)
(0.130732 0.184063 0)
(0.123297 0.174776 0)
(0.116045 0.166576 0)
(0.109008 0.159366 0)
(0.102209 0.153063 0)
(0.0956548 0.147593 0)
(0.089347 0.142896 0)
(0.083278 0.13892 0)
(0.0774355 0.135625 0)
(0.0718027 0.132979 0)
(0.0663603 0.130959 0)
(0.0610868 0.129549 0)
(0.0559592 0.128738 0)
(0.0509539 0.128525 0)
(0.0460465 0.128908 0)
(0.0412127 0.129895 0)
(0.036428 0.131494 0)
(0.0316681 0.133716 0)
(0.0269091 0.136572 0)
(0.0221267 0.140067 0)
(0.0172981 0.144183 0)
(0.0124332 0.148849 0)
(0.00755638 0.153724 0)
(0.00295275 0.155271 0)
(0.120304 0.529334 0)
(0.134964 0.499855 0)
(0.14667 0.470405 0)
(0.15553 0.44142 0)
(0.161717 0.413274 0)
(0.165471 0.386266 0)
(0.167067 0.360621 0)
(0.166793 0.336496 0)
(0.16494 0.313988 0)
(0.161786 0.293143 0)
(0.157592 0.273964 0)
(0.152593 0.25642 0)
(0.146994 0.240454 0)
(0.140973 0.225988 0)
(0.134681 0.212934 0)
(0.128238 0.2012 0)
(0.121743 0.190687 0)
(0.115273 0.181304 0)
(0.108885 0.172963 0)
(0.102621 0.165582 0)
(0.0965101 0.15909 0)
(0.0905682 0.153423 0)
(0.0848036 0.148527 0)
(0.079217 0.144358 0)
(0.0738031 0.14088 0)
(0.0685522 0.138066 0)
(0.0634512 0.135893 0)
(0.0584844 0.134349 0)
(0.0536341 0.133424 0)
(0.0488815 0.133116 0)
(0.0442065 0.133427 0)
(0.0395888 0.134363 0)
(0.0350076 0.135931 0)
(0.0304419 0.138145 0)
(0.025871 0.141014 0)
(0.0212734 0.14454 0)
(0.0166291 0.148706 0)
(0.0119493 0.153433 0)
(0.00725881 0.15837 0)
(0.00282791 0.159882 0)
(0.0930502 0.513833 0)
(0.107864 0.487054 0)
(0.120023 0.460246 0)
(0.129614 0.433776 0)
(0.136775 0.407963 0)
(0.1417 0.383068 0)
(0.144616 0.359291 0)
(0.145764 0.336781 0)
(0.145388 0.315636 0)
(0.143727 0.295915 0)
(0.141009 0.277638 0)
(0.137441 0.260797 0)
(0.133209 0.245357 0)
(0.128477 0.231267 0)
(0.123386 0.218462 0)
(0.118052 0.206872 0)
(0.112575 0.19642 0)
(0.107031 0.187031 0)
(0.101482 0.178634 0)
(0.0959752 0.171161 0)
(0.0905442 0.164551 0)
(0.0852127 0.158751 0)
(0.0799949 0.153715 0)
(0.0748982 0.149405 0)
(0.0699236 0.14579 0)
(0.0650674 0.142846 0)
(0.0603221 0.140555 0)
(0.0556773 0.138905 0)
(0.0511204 0.137891 0)
(0.0466368 0.13751 0)
(0.0422108 0.137765 0)
(0.0378259 0.138662 0)
(0.0334648 0.140212 0)
(0.0291099 0.142424 0)
(0.0247433 0.145309 0)
(0.0203468 0.148869 0)
(0.015903 0.153084 0)
(0.0114245 0.157872 0)
(0.00693633 0.162866 0)
(0.0026942 0.164341 0)
(0.0677583 0.498187 0)
(0.0826999 0.473869 0)
(0.0952365 0.449472 0)
(0.105439 0.425309 0)
(0.11342 0.401653 0)
(0.119341 0.378731 0)
(0.123388 0.356722 0)
(0.125765 0.335764 0)
(0.126678 0.315957 0)
(0.126333 0.297364 0)
(0.124928 0.280019 0)
(0.122647 0.263929 0)
(0.119656 0.24908 0)
(0.116106 0.23544 0)
(0.112127 0.222964 0)
(0.107832 0.2116 0)
(0.103314 0.20129 0)
(0.0986527 0.191975 0)
(0.0939108 0.183598 0)
(0.0891381 0.176104 0)
(0.0843731 0.169443 0)
(0.0796442 0.163571 0)
(0.0749711 0.158449 0)
(0.0703663 0.154047 0)
(0.0658362 0.150338 0)
(0.0613826 0.147302 0)
(0.057003 0.144926 0)
(0.0526918 0.143201 0)
(0.0484407 0.142121 0)
(0.0442396 0.141687 0)
(0.0400766 0.141903 0)
(0.0359387 0.142776 0)
(0.0318121 0.144316 0)
(0.0276825 0.146534 0)
(0.023535 0.149441 0)
(0.019354 0.153037 0)
(0.0151253 0.157302 0)
(0.0108625 0.162147 0)
(0.00659105 0.167193 0)
(0.00255253 0.168629 0)
(0.0442982 0.482399 0)
(0.0593411 0.46034 0)
(0.0721892 0.438159 0)
(0.0829025 0.416123 0)
(0.091575 0.394469 0)
(0.0983412 0.373394 0)
(0.103358 0.353058 0)
(0.106797 0.333591 0)
(0.108835 0.315087 0)
(0.109648 0.297616 0)
(0.109409 0.28122 0)
(0.10828 0.265917 0)
(0.106412 0.251709 0)
(0.103941 0.238578 0)
(0.100986 0.226497 0)
(0.0976556 0.215429 0)
(0.0940387 0.205332 0)
(0.0902124 0.196161 0)
(0.0862403 0.187872 0)
(0.0821743 0.180421 0)
(0.0780557 0.173768 0)
(0.0739165 0.167879 0)
(0.0697805 0.162723 0)
(0.0656647 0.158274 0)
(0.06158 0.154512 0)
(0.0575327 0.151421 0)
(0.0535249 0.148992 0)
(0.049555 0.147218 0)
(0.0456191 0.146097 0)
(0.0417108 0.145631 0)
(0.0378219 0.145824 0)
(0.0339429 0.146686 0)
(0.0300632 0.148227 0)
(0.0261714 0.15046 0)
(0.0222557 0.153393 0)
(0.0183034 0.157028 0)
(0.0143028 0.161341 0)
(0.0102688 0.166241 0)
(0.00622703 0.171336 0)
(0.00240506 0.172728 0)
)
;

boundaryField
{
    leftWall
    {
        type            noSlip;
    }
    rightWall
    {
        type            noSlip;
    }
    lowerWall
    {
        type            noSlip;
    }
    atmosphere
    {
        type            pressureInletOutletVelocity;
        value           nonuniform 0();
    }
    defaultFaces
    {
        type            empty;
    }
    procBoundary1to0
    {
        type            processor;
        value           nonuniform List<vector> 
44
(
(0.164075 0.100946 0)
(0.589508 0.297565 0)
(0.751714 0.49354 0)
(0.785115 0.666122 0)
(0.793117 0.822419 0)
(0.808531 0.976822 0)
(0.83156 1.13419 0)
(0.847754 1.29307 0)
(0.826962 1.44534 0)
(0.733388 1.57938 0)
(0.579678 1.69335 0)
(0.424608 1.78496 0)
(0.321258 1.87209 0)
(0.360225 1.92376 0)
(0.472577 1.96654 0)
(0.571096 2.01895 0)
(0.563255 2.05189 0)
(0.532828 2.07853 0)
(0.52918 2.06323 0)
(0.538181 2.0015 0)
(0.71663 2.11763 0)
(0.71663 2.11763 0)
(0.69611 1.97178 0)
(0.658432 1.81162 0)
(0.609754 1.65511 0)
(0.554494 1.51577 0)
(0.497398 1.39608 0)
(0.442319 1.29456 0)
(0.390994 1.20813 0)
(0.343889 1.13402 0)
(0.300775 1.06982 0)
(0.261069 1.01345 0)
(0.22412 0.963282 0)
(0.189376 0.918034 0)
(0.156449 0.876713 0)
(0.125092 0.838537 0)
(0.0951597 0.802897 0)
(0.0665689 0.769313 0)
(0.039278 0.737394 0)
(0.0132732 0.706824 0)
(-0.0114394 0.677347 0)
(-0.0348318 0.648765 0)
(-0.0568709 0.620919 0)
(-0.0775094 0.593708 0)
)
;
    }
    procBoundary1to3
    {
        type            processor;
        value           nonuniform List<vector> 
45
(
(-0.0720935 0.55208 0)
(-0.0496807 0.536028 0)
(-0.0294239 0.519535 0)
(-0.0107643 0.502476 0)
(0.00625619 0.485087 0)
(0.0225673 0.466476 0)
(0.0376833 0.446505 0)
(0.0507837 0.426373 0)
(0.0619204 0.40631 0)
(0.0711731 0.386521 0)
(0.078656 0.36718 0)
(0.0845025 0.34843 0)
(0.088858 0.330391 0)
(0.0918742 0.313155 0)
(0.0937043 0.296793 0)
(0.0944982 0.281352 0)
(0.0943996 0.26686 0)
(0.0935428 0.253328 0)
(0.0920512 0.240754 0)
(0.0900362 0.229122 0)
(0.0875966 0.218409 0)
(0.0848187 0.208585 0)
(0.081777 0.199619 0)
(0.0785344 0.191476 0)
(0.0751435 0.184125 0)
(0.0716473 0.177535 0)
(0.0680803 0.171679 0)
(0.0644696 0.166534 0)
(0.0608356 0.162081 0)
(0.0571931 0.158304 0)
(0.0535521 0.155193 0)
(0.0499186 0.152742 0)
(0.0462948 0.150946 0)
(0.0426803 0.149807 0)
(0.0390722 0.149328 0)
(0.0354658 0.149515 0)
(0.0318549 0.150379 0)
(0.0282319 0.151932 0)
(0.0245885 0.154185 0)
(0.0209156 0.157149 0)
(0.0172034 0.160825 0)
(0.0134428 0.165187 0)
(0.00964958 0.17014 0)
(0.00584925 0.175279 0)
(0.00225402 0.176628 0)
)
;
    }
}


// ************************************************************************* //
