/*--------------------------------*- C++ -*----------------------------------*\
  =========                 |
  \\      /  F ield         | OpenFOAM: The Open Source CFD Toolbox
   \\    /   O peration     | Website:  https://openfoam.org
    \\  /    A nd           | Version:  7
     \\/     M anipulation  |
\*---------------------------------------------------------------------------*/
FoamFile
{
    version     2.0;
    format      ascii;
    class       volVectorField;
    location    "0.3";
    object      U;
}
// * * * * * * * * * * * * * * * * * * * * * * * * * * * * * * * * * * * * * //

dimensions      [0 1 -1 0 0 0 0];

internalField   nonuniform List<vector> 
2268
(
(-0.0482972 0.0157588 0)
(-0.0633635 -0.00258306 0)
(-0.029622 -0.0159999 0)
(0.0200406 -0.0188955 0)
(0.0775876 -0.0198794 0)
(0.135956 -0.0195454 0)
(0.193897 -0.0189998 0)
(0.251088 -0.018577 0)
(0.307627 -0.0182663 0)
(0.363534 -0.017966 0)
(0.418485 -0.0175432 0)
(0.471722 -0.0168378 0)
(0.521927 -0.0156418 0)
(0.567018 -0.0136273 0)
(0.603436 -0.0102808 0)
(0.626757 -0.00392888 0)
(0.624574 0.00717682 0)
(0.580331 0.024177 0)
(0.482258 0.0455911 0)
(0.319446 0.0645399 0)
(0.118399 0.072835 0)
(-0.164907 0.0208144 0)
(-0.108062 -0.0850459 0)
(-0.0333534 0.0353003 0)
(-0.021069 -0.00638971 0)
(0.0151431 -0.0307082 0)
(0.065045 -0.0394791 0)
(0.121284 -0.0424808 0)
(0.179104 -0.0428211 0)
(0.23696 -0.0424358 0)
(0.294365 -0.0419968 0)
(0.351157 -0.0415647 0)
(0.407136 -0.0409737 0)
(0.461858 -0.0399614 0)
(0.514529 -0.0381862 0)
(0.563881 -0.0351807 0)
(0.607976 -0.0302229 0)
(0.643944 -0.0221724 0)
(0.667371 -0.00875405 0)
(0.675535 0.0129436 0)
(0.661901 0.0451991 0)
(0.612789 0.0873959 0)
(0.504873 0.131375 0)
(0.334705 0.160569 0)
(0.0542625 0.11625 0)
(0.0278006 -0.0873494 0)
(-0.0103034 0.0412876 0)
(0.00761347 -0.0191511 0)
(0.0463785 -0.0505433 0)
(0.0961352 -0.0634126 0)
(0.151022 -0.067777 0)
(0.207488 -0.0685127 0)
(0.264179 -0.0681043 0)
(0.320565 -0.0674691 0)
(0.376361 -0.0667232 0)
(0.431257 -0.0656468 0)
(0.484756 -0.0638623 0)
(0.536064 -0.0608609 0)
(0.583976 -0.0559382 0)
(0.626721 -0.0480488 0)
(0.661773 -0.035605 0)
(0.685476 -0.0162525 0)
(0.694089 0.0134139 0)
(0.683253 0.0569843 0)
(0.64697 0.116011 0)
(0.572988 0.183812 0)
(0.453236 0.238088 0)
(0.233639 0.20077 0)
(0.127206 -0.0282189 0)
(0.00435614 0.0367792 0)
(0.0284232 -0.0334901 0)
(0.0706536 -0.0719411 0)
(0.121042 -0.0880968 0)
(0.175051 -0.0936262 0)
(0.230253 -0.0946751 0)
(0.285653 -0.0942116 0)
(0.340793 -0.0933428 0)
(0.395354 -0.0922227 0)
(0.448976 -0.0905807 0)
(0.50114 -0.0879347 0)
(0.551072 -0.0836229 0)
(0.597649 -0.0767297 0)
(0.639276 -0.0659256 0)
(0.673748 -0.0492573 0)
(0.698024 -0.0240044 0)
(0.708632 0.0134561 0)
(0.701917 0.0669941 0)
(0.67403 0.139002 0)
(0.618136 0.224728 0)
(0.526681 0.302835 0)
(0.353715 0.288069 0)
(0.200579 0.0755896 0)
(0.011175 0.0264519 0)
(0.0427974 -0.0512293 0)
(0.0894298 -0.0946555 0)
(0.141177 -0.113065 0)
(0.194813 -0.11938 0)
(0.249003 -0.120631 0)
(0.303196 -0.120105 0)
(0.357084 -0.119013 0)
(0.410373 -0.117514 0)
(0.462697 -0.115288 0)
(0.513542 -0.111758 0)
(0.562172 -0.106132 0)
(0.607564 -0.0973158 0)
(0.648317 -0.0837476 0)
(0.682561 -0.0631829 0)
(0.7078 -0.0325984 0)
(0.721087 0.0117837 0)
(0.719442 0.0739291 0)
(0.699893 0.156538 0)
(0.657771 0.256394 0)
(0.583956 0.355903 0)
(0.443798 0.375722 0)
(0.260495 0.219313 0)
(0.0142362 0.0127224 0)
(0.0526431 -0.0720861 0)
(0.103752 -0.118728 0)
(0.157161 -0.138265 0)
(0.210729 -0.144838 0)
(0.264113 -0.146085 0)
(0.317217 -0.145439 0)
(0.369906 -0.144112 0)
(0.421947 -0.142231 0)
(0.472994 -0.13942 0)
(0.522558 -0.135019 0)
(0.569959 -0.128124 0)
(0.614281 -0.117501 0)
(0.654341 -0.101413 0)
(0.688621 -0.0773957 0)
(0.715146 -0.0421876 0)
(0.731543 0.00810239 0)
(0.735507 0.0774593 0)
(0.724703 0.168811 0)
(0.69575 0.280555 0)
(0.637517 0.399865 0)
(0.52655 0.462072 0)
(0.318647 0.395992 0)
(0.0161283 -0.00321178 0)
(0.0597762 -0.0955255 0)
(0.114714 -0.144112 0)
(0.169639 -0.163774 0)
(0.22319 -0.17007 0)
(0.27586 -0.171079 0)
(0.327948 -0.170218 0)
(0.379482 -0.168619 0)
(0.430298 -0.166341 0)
(0.480086 -0.162943 0)
(0.528392 -0.157691 0)
(0.574598 -0.149588 0)
(0.617907 -0.137298 0)
(0.657363 -0.118968 0)
(0.691824 -0.0919823 0)
(0.719832 -0.0528992 0)
(0.739605 0.00225047 0)
(0.749525 0.0774304 0)
(0.748022 0.175757 0)
(0.733106 0.297273 0)
(0.693051 0.434305 0)
(0.618828 0.545831 0)
(0.38736 0.603024 0)
(0.0179558 -0.0207134 0)
(0.065468 -0.120985 0)
(0.123269 -0.17054 0)
(0.179283 -0.189504 0)
(0.232685 -0.195072 0)
(0.284626 -0.19562 0)
(0.335714 -0.194438 0)
(0.386108 -0.19251 0)
(0.435704 -0.189805 0)
(0.484233 -0.185809 0)
(0.531286 -0.179717 0)
(0.576301 -0.17046 0)
(0.6186 -0.156641 0)
(0.657457 -0.136356 0)
(0.692123 -0.106913 0)
(0.721662 -0.0647495 0)
(0.744887 -0.00586545 0)
(0.760879 0.0736124 0)
(0.769082 0.176789 0)
(0.76938 0.304871 0)
(0.752993 0.454547 0)
(0.724643 0.612515 0)
(0.480189 0.880048 0)
(0.00722653 0.00275247 0)
(-0.0594473 0.0241439 0)
(-0.153355 0.0201489 0)
(-0.189741 0.00678861 0)
(-0.188523 -0.00293385 0)
(-0.163699 -0.00865726 0)
(-0.127991 -0.0108641 0)
(-0.0878599 -0.0113216 0)
(-0.0483901 -0.010518 0)
(-0.0130953 -0.00880396 0)
(0.015456 -0.00666402 0)
(0.0357957 -0.0043733 0)
(0.0477151 -0.00220397 0)
(0.0518499 -0.000197179 0)
(0.0492098 0.00140325 0)
(0.0411884 0.00255493 0)
(0.0293925 0.00324699 0)
(0.0169543 0.00317826 0)
(0.00499242 0.00194839 0)
(-0.0334527 0.0214456 0)
(-0.120809 0.0549428 0)
(-0.193284 0.0392087 0)
(-0.212253 0.010122 0)
(-0.201304 -0.00905557 0)
(-0.175114 -0.0204208 0)
(-0.138694 -0.0255953 0)
(-0.0984438 -0.0268478 0)
(-0.058755 -0.0251366 0)
(-0.0228587 -0.0213988 0)
(0.00670491 -0.0164474 0)
(0.0285483 -0.0109145 0)
(0.0421686 -0.00553443 0)
(0.0479544 -0.000668681 0)
(0.046993 0.0033339 0)
(0.0405967 0.00630766 0)
(0.0302597 0.00795786 0)
(0.0181279 0.00793953 0)
(0.00553901 0.00725249 0)
(-0.0727599 0.0663188 0)
(-0.160427 0.0857651 0)
(-0.210258 0.0529271 0)
(-0.220602 0.0100764 0)
(-0.205851 -0.0171564 0)
(-0.178209 -0.0333385 0)
(-0.141392 -0.0411176 0)
(-0.101376 -0.0429818 0)
(-0.0621042 -0.0403898 0)
(-0.0265246 -0.0347143 0)
(0.00294253 -0.0269919 0)
(0.0250764 -0.0183422 0)
(0.0393076 -0.0097641 0)
(0.0458906 -0.00195814 0)
(0.0457656 0.0045763 0)
(0.040228 0.00946494 0)
(0.0307198 0.0124353 0)
(0.0190141 0.0132368 0)
(0.00627137 0.0121231 0)
(-0.103605 0.12326 0)
(-0.193678 0.114601 0)
(-0.226174 0.0618815 0)
(-0.22788 0.00786003 0)
(-0.208716 -0.0264857 0)
(-0.179196 -0.0471521 0)
(-0.141481 -0.0572676 0)
(-0.101156 -0.059618 0)
(-0.0619622 -0.0560135 0)
(-0.0266394 -0.0483019 0)
(0.0025585 -0.0378088 0)
(0.0245549 -0.0260132 0)
(0.0388672 -0.0142222 0)
(0.0457135 -0.00342372 0)
(0.045951 0.00566583 0)
(0.040799 0.0125391 0)
(0.0316039 0.0168762 0)
(0.0199823 0.018452 0)
(0.00701125 0.0177221 0)
(-0.132362 0.192863 0)
(-0.226667 0.141458 0)
(-0.241916 0.0650365 0)
(-0.233649 0.00272371 0)
(-0.210123 -0.0372798 0)
(-0.178648 -0.0618801 0)
(-0.139651 -0.0740737 0)
(-0.0984945 -0.0767042 0)
(-0.0589516 -0.0719234 0)
(-0.0236856 -0.0620095 0)
(0.0052199 -0.0486728 0)
(0.0268242 -0.033705 0)
(0.0408088 -0.0187113 0)
(0.0474505 -0.00493736 0)
(0.0475783 0.00670222 0)
(0.0423444 0.0155838 0)
(0.0329994 0.0213449 0)
(0.0210837 0.0238169 0)
(0.00764182 0.0236504 0)
(-0.163571 0.276493 0)
(-0.259488 0.164483 0)
(-0.25427 0.0604985 0)
(-0.234566 -0.00515123 0)
(-0.208338 -0.0489499 0)
(-0.175823 -0.0771387 0)
(-0.135658 -0.0913134 0)
(-0.0933724 -0.0940624 0)
(-0.0531336 -0.0879289 0)
(-0.0177211 -0.0756467 0)
(0.0109014 -0.0593626 0)
(0.0319271 -0.0411916 0)
(0.0452353 -0.0230114 0)
(0.0512302 -0.00629907 0)
(0.0507735 0.00786327 0)
(0.0449821 0.0187536 0)
(0.03503 0.0259721 0)
(0.022422 0.0294129 0)
(0.00819804 0.0299254 0)
(-0.196899 0.367509 0)
(-0.279842 0.173717 0)
(-0.253258 0.0451042 0)
(-0.223251 -0.0142894 0)
(-0.199757 -0.0600488 0)
(-0.169012 -0.092307 0)
(-0.128674 -0.108859 0)
(-0.0853751 -0.111737 0)
(-0.0442822 -0.104034 0)
(-0.00859909 -0.0891448 0)
(0.0197221 -0.0697497 0)
(0.0399974 -0.0483075 0)
(0.052307 -0.0269359 0)
(0.0572234 -0.00730604 0)
(0.0557025 0.00935679 0)
(0.0488675 0.0222526 0)
(0.0378459 0.0309444 0)
(0.0241372 0.0353872 0)
(0.00878098 0.0365863 0)
(-0.248846 0.56611 0)
(-0.221748 0.15358 0)
(-0.212454 0.0215368 0)
(-0.186094 -0.0220638 0)
(-0.178219 -0.0709702 0)
(-0.155346 -0.107849 0)
(-0.117406 -0.127064 0)
(-0.0738663 -0.13021 0)
(-0.031894 -0.120832 0)
(0.00414684 -0.103002 0)
(0.0320566 -0.0801108 0)
(0.0513044 -0.0550988 0)
(0.0622285 -0.0303682 0)
(0.0656175 -0.00774373 0)
(0.0625407 0.01145 0)
(0.054157 0.0263704 0)
(0.0416009 0.0365589 0)
(0.0264051 0.0420244 0)
(0.00956635 0.043789 0)
(0.0212185 -0.0511333 0)
(0.073086 -0.164209 0)
(0.133697 -0.213425 0)
(0.190572 -0.230037 0)
(0.243441 -0.233835 0)
(0.294182 -0.233322 0)
(0.34375 -0.231441 0)
(0.392433 -0.228881 0)
(0.440207 -0.225428 0)
(0.486864 -0.220453 0)
(0.532056 -0.213049 0)
(0.575303 -0.202059 0)
(0.616084 -0.18606 0)
(0.654024 -0.163186 0)
(0.688997 -0.13075 0)
(0.72088 -0.0850587 0)
(0.749377 -0.0221218 0)
(0.774573 0.0614905 0)
(0.797722 0.168192 0)
(0.822339 0.299123 0)
(0.852747 0.453662 0)
(0.916389 0.636427 0)
(0.996803 0.98699 0)
(0.0263747 -0.0979445 0)
(0.0828311 -0.227289 0)
(0.145266 -0.273193 0)
(0.201427 -0.284756 0)
(0.252401 -0.285262 0)
(0.300918 -0.282873 0)
(0.348201 -0.279814 0)
(0.394605 -0.276277 0)
(0.440131 -0.271774 0)
(0.484608 -0.265518 0)
(0.527726 -0.256464 0)
(0.569033 -0.24338 0)
(0.608078 -0.224961 0)
(0.644832 -0.19972 0)
(0.679988 -0.165313 0)
(0.714429 -0.117921 0)
(0.74868 -0.0535912 0)
(0.783526 0.0302207 0)
(0.821234 0.133954 0)
(0.86678 0.255674 0)
(0.927878 0.390907 0)
(1.01349 0.535699 0)
(1.15288 0.709868 0)
(0.0312356 -0.152008 0)
(0.0930535 -0.293144 0)
(0.15727 -0.332001 0)
(0.211272 -0.336851 0)
(0.258997 -0.333651 0)
(0.30436 -0.329502 0)
(0.348772 -0.325517 0)
(0.392544 -0.321253 0)
(0.435607 -0.31594 0)
(0.477767 -0.308659 0)
(0.51872 -0.298217 0)
(0.557944 -0.283272 0)
(0.594849 -0.26274 0)
(0.629506 -0.235913 0)
(0.663374 -0.201289 0)
(0.698287 -0.154705 0)
(0.735228 -0.0918935 0)
(0.774972 -0.0109917 0)
(0.819308 0.0866203 0)
(0.871745 0.196168 0)
(0.936948 0.309856 0)
(1.01691 0.417907 0)
(1.12929 0.515369 0)
(0.031647 -0.215407 0)
(0.108138 -0.365192 0)
(0.17323 -0.390395 0)
(0.221724 -0.386323 0)
(0.264137 -0.379588 0)
(0.305257 -0.374365 0)
(0.346158 -0.370024 0)
(0.386815 -0.365383 0)
(0.426936 -0.359448 0)
(0.466257 -0.351253 0)
(0.504476 -0.33946 0)
(0.541006 -0.322522 0)
(0.575039 -0.299544 0)
(0.606495 -0.270956 0)
(0.637222 -0.236954 0)
(0.669701 -0.192653 0)
(0.705438 -0.13322 0)
(0.745475 -0.0570711 0)
(0.791322 0.0335353 0)
(0.845123 0.132293 0)
(0.908897 0.231995 0)
(0.984105 0.324428 0)
(1.07759 0.405535 0)
(0.0390842 -0.292897 0)
(0.143131 -0.447443 0)
(0.194592 -0.446677 0)
(0.229106 -0.431426 0)
(0.26451 -0.421919 0)
(0.301463 -0.416061 0)
(0.339065 -0.411226 0)
(0.376628 -0.405744 0)
(0.41362 -0.398563 0)
(0.449643 -0.388828 0)
(0.484306 -0.375115 0)
(0.51708 -0.355649 0)
(0.54751 -0.32965 0)
(0.575918 -0.29877 0)
(0.603175 -0.265456 0)
(0.630612 -0.223663 0)
(0.661219 -0.167952 0)
(0.697899 -0.0971388 0)
(0.742937 -0.0134777 0)
(0.797011 0.0770377 0)
(0.86019 0.166424 0)
(0.933554 0.246088 0)
(1.0184 0.312227 0)
(0.107318 -0.384198 0)
(0.215389 -0.532006 0)
(0.214392 -0.482603 0)
(0.226914 -0.459301 0)
(0.257815 -0.449859 0)
(0.293021 -0.443965 0)
(0.328793 -0.438347 0)
(0.364146 -0.431604 0)
(0.398634 -0.422762 0)
(0.431687 -0.411052 0)
(0.462578 -0.394859 0)
(0.490924 -0.371926 0)
(0.517086 -0.340927 0)
(0.542487 -0.303888 0)
(0.56517 -0.270545 0)
(0.582543 -0.230576 0)
(0.602278 -0.178531 0)
(0.631225 -0.114386 0)
(0.673933 -0.039243 0)
(0.732762 0.0428065 0)
(0.807787 0.122616 0)
(0.895013 0.190439 0)
(0.986905 0.245098 0)
(0.303232 -0.599646 0)
(0.334621 -0.598537 0)
(0.202592 -0.449953 0)
(0.21631 -0.453201 0)
(0.250659 -0.451314 0)
(0.287557 -0.448337 0)
(0.323277 -0.444534 0)
(0.357414 -0.439388 0)
(0.389893 -0.432145 0)
(0.41992 -0.422139 0)
(0.446526 -0.408173 0)
(0.470607 -0.389544 0)
(0.496522 -0.368514 0)
(0.535769 -0.348225 0)
(0.558217 -0.307014 0)
(0.565048 -0.258974 0)
(0.570048 -0.208618 0)
(0.581048 -0.149534 0)
(0.608812 -0.0803266 0)
(0.660716 -0.00622597 0)
(0.739051 0.0752805 0)
(0.84769 0.151986 0)
(0.956323 0.200151 0)
(0.240628 -0.935687 0)
(0.0681481 -0.421273 0)
(0.143456 -0.372212 0)
(0.214336 -0.513663 0)
(0.258533 -0.562909 0)
(0.306562 -0.566632 0)
(0.357533 -0.561412 0)
(0.407884 -0.553266 0)
(0.457266 -0.540957 0)
(0.506081 -0.523144 0)
(0.554649 -0.500694 0)
(0.602316 -0.476378 0)
(0.647293 -0.447196 0)
(0.689582 -0.40088 0)
(0.730182 -0.344919 0)
(0.771472 -0.292144 0)
(0.812304 -0.252447 0)
(0.852116 -0.226958 0)
(0.893049 -0.211663 0)
(0.937509 -0.199237 0)
(0.988143 -0.180162 0)
(1.0554 -0.138497 0)
(1.0154 0.0327001 0)
(-0.158817 -0.993853 0)
(-0.031341 -0.555372 0)
(0.0967303 -0.514411 0)
(0.201053 -0.565298 0)
(0.270114 -0.588321 0)
(0.328602 -0.586984 0)
(0.38528 -0.578102 0)
(0.440158 -0.567164 0)
(0.493354 -0.554262 0)
(0.545732 -0.538311 0)
(0.59802 -0.518666 0)
(0.650025 -0.495125 0)
(0.700904 -0.46599 0)
(0.751211 -0.427417 0)
(0.80395 -0.379739 0)
(0.861266 -0.329723 0)
(0.921649 -0.282371 0)
(0.982851 -0.238291 0)
(1.04329 -0.195155 0)
(1.10084 -0.148163 0)
(1.15115 -0.0904344 0)
(1.1925 -0.0160517 0)
(1.22387 0.0582395 0)
(-0.0609972 -0.758268 0)
(-0.00399566 -0.705855 0)
(0.10782 -0.654639 0)
(0.198335 -0.648773 0)
(0.267356 -0.647693 0)
(0.326157 -0.640771 0)
(0.382035 -0.630705 0)
(0.436347 -0.61928 0)
(0.489228 -0.606223 0)
(0.541104 -0.590532 0)
(0.592475 -0.571248 0)
(0.643563 -0.547523 0)
(0.694609 -0.518234 0)
(0.746895 -0.482101 0)
(0.802861 -0.439744 0)
(0.864065 -0.394716 0)
(0.929917 -0.35005 0)
(0.998796 -0.306486 0)
(1.06906 -0.262562 0)
(1.1394 -0.214505 0)
(1.20892 -0.155542 0)
(1.28167 -0.0762124 0)
(1.36684 0.0241295 0)
(0.00767193 -0.789248 0)
(0.0414737 -0.782728 0)
(0.115177 -0.741033 0)
(0.183942 -0.721582 0)
(0.244216 -0.71016 0)
(0.298834 -0.698815 0)
(0.351051 -0.686637 0)
(0.401953 -0.67368 0)
(0.451703 -0.659359 0)
(0.500466 -0.642733 0)
(0.548543 -0.622881 0)
(0.596333 -0.598999 0)
(0.64453 -0.570399 0)
(0.694521 -0.536791 0)
(0.748179 -0.499069 0)
(0.80685 -0.45938 0)
(0.870779 -0.419589 0)
(0.939559 -0.380161 0)
(1.01286 -0.339861 0)
(1.09096 -0.295601 0)
(1.17514 -0.242289 0)
(1.26972 -0.173803 0)
(1.37852 -0.0892745 0)
(0.0168676 -0.813693 0)
(0.0531112 -0.836841 0)
(0.104904 -0.801513 0)
(0.157475 -0.779309 0)
(0.207658 -0.763646 0)
(0.255462 -0.749799 0)
(0.301887 -0.736204 0)
(0.347369 -0.722143 0)
(0.391946 -0.706819 0)
(0.435659 -0.689363 0)
(0.478718 -0.669012 0)
(0.521568 -0.64522 0)
(0.565011 -0.617737 0)
(0.610305 -0.58678 0)
(0.658981 -0.553312 0)
(0.712336 -0.518836 0)
(0.771192 -0.484623 0)
(0.836138 -0.451033 0)
(0.908007 -0.417204 0)
(0.988373 -0.380898 0)
(1.0796 -0.338387 0)
(1.18605 -0.284796 0)
(1.31009 -0.216054 0)
(0.0178118 -0.845174 0)
(0.0486416 -0.876909 0)
(0.0846226 -0.846464 0)
(0.124635 -0.824927 0)
(0.164976 -0.808223 0)
(0.204772 -0.793403 0)
(0.244027 -0.779044 0)
(0.282732 -0.764229 0)
(0.320791 -0.748124 0)
(0.358191 -0.72998 0)
(0.395111 -0.709254 0)
(0.432 -0.685697 0)
(0.469633 -0.659433 0)
(0.509128 -0.631025 0)
(0.551807 -0.601501 0)
(0.598954 -0.572137 0)
(0.651724 -0.544011 0)
(0.711314 -0.517614 0)
(0.779298 -0.492626 0)
(0.858009 -0.467684 0)
(0.950471 -0.439974 0)
(1.0613 -0.404633 0)
(1.1933 -0.354522 0)
(0.0149137 -0.875745 0)
(0.0373771 -0.904158 0)
(0.0611226 -0.879258 0)
(0.0905227 -0.859987 0)
(0.121445 -0.84381 0)
(0.152821 -0.828977 0)
(0.184257 -0.814385 0)
(0.215513 -0.799161 0)
(0.246422 -0.782546 0)
(0.276957 -0.763958 0)
(0.307297 -0.743088 0)
(0.337883 -0.719977 0)
(0.369445 -0.695062 0)
(0.402981 -0.669173 0)
(0.439678 -0.643453 0)
(0.480789 -0.619173 0)
(0.527612 -0.597461 0)
(0.581623 -0.579095 0)
(0.644735 -0.564359 0)
(0.719609 -0.552756 0)
(0.80958 -0.542291 0)
(0.919476 -0.528003 0)
(1.0533 -0.500033 0)
(0.00907484 -0.898213 0)
(0.023507 -0.920289 0)
(0.0380415 -0.901879 0)
(0.0582238 -0.885512 0)
(0.0803288 -0.870606 0)
(0.103422 -0.85634 0)
(0.126994 -0.841926 0)
(0.150729 -0.826624 0)
(0.174449 -0.809819 0)
(0.198146 -0.791113 0)
(0.222022 -0.77043 0)
(0.246515 -0.748077 0)
(0.272309 -0.724754 0)
(0.300311 -0.701511 0)
(0.331593 -0.679635 0)
(0.367342 -0.660488 0)
(0.408848 -0.64535 0)
(0.457616 -0.635331 0)
(0.515552 -0.63131 0)
(0.585221 -0.633632 0)
(0.669803 -0.641172 0)
(0.773929 -0.649173 0)
(0.902439 -0.645632 0)
(0.00294171 -0.910767 0)
(0.0100122 -0.928387 0)
(0.0173705 -0.915956 0)
(0.029416 -0.902432 0)
(0.0434644 -0.889105 0)
(0.058788 -0.87576 0)
(0.0748935 -0.861853 0)
(0.0914753 -0.84681 0)
(0.108391 -0.830175 0)
(0.125676 -0.811746 0)
(0.143565 -0.791662 0)
(0.162497 -0.770461 0)
(0.183114 -0.749063 0)
(0.206233 -0.728701 0)
(0.232812 -0.710798 0)
(0.263911 -0.696829 0)
(0.300693 -0.688228 0)
(0.344477 -0.686388 0)
(0.396857 -0.692662 0)
(0.459891 -0.7081 0)
(0.536067 -0.732395 0)
(0.629205 -0.761258 0)
(0.744076 -0.781362 0)
(-0.00217793 -0.913377 0)
(-0.00159028 -0.930707 0)
(-0.000148059 -0.922674 0)
(0.00480231 -0.911694 0)
(0.0117087 -0.900061 0)
(0.0200352 -0.88786 0)
(0.0293615 -0.874734 0)
(0.0394398 -0.860269 0)
(0.0501898 -0.844181 0)
(0.0617039 -0.826449 0)
(0.0742492 -0.807406 0)
(0.088262 -0.787778 0)
(0.104331 -0.768659 0)
(0.123175 -0.751423 0)
(0.145606 -0.737595 0)
(0.172502 -0.728727 0)
(0.204783 -0.726344 0)
(0.243414 -0.731985 0)
(0.289443 -0.747265 0)
(0.344104 -0.773661 0)
(0.40879 -0.811503 0)
(0.48608 -0.857228 0)
(0.57999 -0.897495 0)
(-0.00588895 -0.908207 0)
(-0.0107519 -0.928081 0)
(-0.0143852 -0.922992 0)
(-0.0154543 -0.914313 0)
(-0.0146814 -0.904396 0)
(-0.0124384 -0.893472 0)
(-0.00905103 -0.88134 0)
(-0.00468675 -0.867742 0)
(0.000647281 -0.852553 0)
(0.00709868 -0.835917 0)
(0.0149588 -0.818325 0)
(0.0246451 -0.800648 0)
(0.036678 -0.784102 0)
(0.051651 -0.770148 0)
(0.0701995 -0.760358 0)
(0.0929631 -0.756296 0)
(0.120537 -0.759467 0)
(0.153427 -0.771383 0)
(0.192012 -0.793656 0)
(0.236582 -0.827884 0)
(0.287315 -0.874826 0)
(0.345477 -0.93194 0)
(0.4141 -0.987536 0)
(-0.00819187 -0.898332 0)
(-0.0174931 -0.92032 0)
(-0.0254985 -0.91791 0)
(-0.0314683 -0.911357 0)
(-0.0357974 -0.903103 0)
(-0.0386835 -0.893512 0)
(-0.0403488 -0.882525 0)
(-0.0408757 -0.870025 0)
(-0.0402027 -0.856031 0)
(-0.038138 -0.840819 0)
(-0.0343817 -0.825002 0)
(-0.0285534 -0.809549 0)
(-0.0202244 -0.79574 0)
(-0.00894881 -0.785065 0)
(0.00570224 -0.779078 0)
(0.0240963 -0.779271 0)
(0.0464666 -0.787016 0)
(0.0728376 -0.80363 0)
(0.102937 -0.830494 0)
(0.136191 -0.869072 0)
(0.171712 -0.920384 0)
(0.209593 -0.983155 0)
(0.251905 -1.04864 0)
(-0.0095854 -0.884763 0)
(-0.0222022 -0.90871 0)
(-0.0336734 -0.90855 0)
(-0.0435296 -0.903877 0)
(-0.0519769 -0.89717 0)
(-0.0590616 -0.888906 0)
(-0.0649085 -0.879149 0)
(-0.0695242 -0.867908 0)
(-0.0727927 -0.855317 0)
(-0.0744981 -0.841756 0)
(-0.0743537 -0.827915 0)
(-0.0720392 -0.81481 0)
(-0.0672373 -0.803732 0)
(-0.0596678 -0.796135 0)
(-0.0491206 -0.793495 0)
(-0.0355025 -0.797159 0)
(-0.0189152 -0.808286 0)
(0.000241919 -0.827876 0)
(0.0211562 -0.85692 0)
(0.0425965 -0.89655 0)
(0.0628617 -0.947934 0)
(0.0811162 -1.01108 0)
(0.0983595 -1.08064 0)
(-0.0102914 -0.868861 0)
(-0.0251978 -0.894226 0)
(-0.0392477 -0.895909 0)
(-0.0520646 -0.892843 0)
(-0.0637222 -0.887526 0)
(-0.0741396 -0.880532 0)
(-0.0833571 -0.872028 0)
(-0.0913213 -0.862125 0)
(-0.0978817 -0.851046 0)
(-0.102819 -0.839238 0)
(-0.10588 -0.827429 0)
(-0.106822 -0.816635 0)
(-0.105451 -0.808104 0)
(-0.101656 -0.803209 0)
(-0.0954373 -0.80329 0)
(-0.0869532 -0.809505 0)
(-0.0765923 -0.822735 0)
(-0.0650765 -0.843605 0)
(-0.0535719 -0.872646 0)
(-0.0437591 -0.910552 0)
(-0.0378463 -0.958457 0)
(-0.0372029 -1.01739 0)
(-0.042517 -1.08525 0)
(-0.0104799 -0.851649 0)
(-0.0267893 -0.877788 0)
(-0.0426131 -0.880888 0)
(-0.0575671 -0.879135 0)
(-0.0716225 -0.87502 0)
(-0.0845935 -0.869192 0)
(-0.0964522 -0.861902 0)
(-0.107103 -0.853336 0)
(-0.116382 -0.843776 0)
(-0.124084 -0.833702 0)
(-0.130007 -0.823843 0)
(-0.133994 -0.815171 0)
(-0.135975 -0.808856 0)
(-0.135997 -0.806143 0)
(-0.134248 -0.808208 0)
(-0.131094 -0.815993 0)
(-0.127133 -0.830093 0)
(-0.123294 -0.850753 0)
(-0.120932 -0.878026 0)
(-0.121933 -0.912123 0)
(-0.128733 -0.95391 0)
(-0.14309 -1.005 0)
(-0.167033 -1.06618 0)
(-0.0102904 -0.833944 0)
(-0.027263 -0.860197 0)
(-0.044171 -0.864271 0)
(-0.0605511 -0.863523 0)
(-0.0762958 -0.860399 0)
(-0.0911375 -0.855597 0)
(-0.104996 -0.849426 0)
(-0.117752 -0.84212 0)
(-0.129243 -0.833994 0)
(-0.139295 -0.825528 0)
(-0.147766 -0.817418 0)
(-0.154587 -0.810565 0)
(-0.159802 -0.806024 0)
(-0.163598 -0.804893 0)
(-0.166314 -0.808165 0)
(-0.168469 -0.816565 0)
(-0.1708 -0.830422 0)
(-0.174334 -0.849633 0)
(-0.180478 -0.873813 0)
(-0.191135 -0.90267 0)
(-0.208733 -0.936651 0)
(-0.235236 -0.977505 0)
(-0.273696 -1.02805 0)
(-0.00984381 -0.816367 0)
(-0.0268848 -0.842113 0)
(-0.0443084 -0.846722 0)
(-0.0615181 -0.846668 0)
(-0.0783493 -0.844309 0)
(-0.0944746 -0.840364 0)
(-0.109777 -0.835171 0)
(-0.124128 -0.82899 0)
(-0.137381 -0.822136 0)
(-0.149402 -0.815068 0)
(-0.160112 -0.808421 0)
(-0.169523 -0.803003 0)
(-0.177781 -0.799734 0)
(-0.185182 -0.799554 0)
(-0.192183 -0.803272 0)
(-0.199405 -0.811413 0)
(-0.207658 -0.824075 0)
(-0.217991 -0.840867 0)
(-0.231764 -0.861024 0)
(-0.250765 -0.883774 0)
(-0.277253 -0.909038 0)
(-0.313236 -0.938295 0)
(-0.362434 -0.97542 0)
(-0.00924518 -0.79936 0)
(-0.0258988 -0.824059 0)
(-0.0433839 -0.828784 0)
(-0.0609358 -0.829119 0)
(-0.0783513 -0.827296 0)
(-0.0952641 -0.82402 0)
(-0.111534 -0.819636 0)
(-0.127033 -0.814398 0)
(-0.141639 -0.808604 0)
(-0.155265 -0.802666 0)
(-0.16789 -0.797145 0)
(-0.1796 -0.792737 0)
(-0.19062 -0.790223 0)
(-0.201331 -0.790378 0)
(-0.212266 -0.79384 0)
(-0.224107 -0.800959 0)
(-0.237691 -0.811646 0)
(-0.254037 -0.825292 0)
(-0.274395 -0.840828 0)
(-0.300362 -0.85705 0)
(-0.333928 -0.873302 0)
(-0.377018 -0.890473 0)
(-0.433589 -0.912567 0)
(-0.00858185 -0.783214 0)
(-0.0245226 -0.806426 0)
(-0.0417173 -0.810888 0)
(-0.0592234 -0.811327 0)
(-0.0768132 -0.809815 0)
(-0.0940989 -0.807015 0)
(-0.110927 -0.80325 0)
(-0.12718 -0.79875 0)
(-0.142767 -0.793773 0)
(-0.157643 -0.788672 0)
(-0.171842 -0.783919 0)
(-0.185509 -0.780093 0)
(-0.198928 -0.777836 0)
(-0.212535 -0.777765 0)
(-0.226908 -0.780359 0)
(-0.242755 -0.785819 0)
(-0.260907 -0.793918 0)
(-0.282322 -0.803896 0)
(-0.308109 -0.81447 0)
(-0.339635 -0.824079 0)
(-0.378565 -0.831495 0)
(-0.426624 -0.836829 0)
(-0.487609 -0.843499 0)
(-0.00791792 -0.768082 0)
(-0.0229384 -0.789491 0)
(-0.0395817 -0.793364 0)
(-0.0567411 -0.79365 0)
(-0.074176 -0.79224 0)
(-0.0914917 -0.789728 0)
(-0.10853 -0.78639 0)
(-0.12519 -0.782413 0)
(-0.141409 -0.778002 0)
(-0.157187 -0.77344 0)
(-0.172602 -0.769105 0)
(-0.187843 -0.765461 0)
(-0.203233 -0.763013 0)
(-0.219235 -0.762232 0)
(-0.236444 -0.763455 0)
(-0.255567 -0.76676 0)
(-0.277404 -0.771821 0)
(-0.302835 -0.777789 0)
(-0.332826 -0.78325 0)
(-0.368494 -0.786391 0)
(-0.411165 -0.785485 0)
(-0.462249 -0.779822 0)
(-0.52506 -0.771804 0)
(-0.00728818 -0.754021 0)
(-0.0212839 -0.77343 0)
(-0.0371956 -0.776455 0)
(-0.0537829 -0.776369 0)
(-0.0708034 -0.774874 0)
(-0.0878671 -0.772474 0)
(-0.104819 -0.769379 0)
(-0.121575 -0.765718 0)
(-0.138106 -0.761631 0)
(-0.154446 -0.757325 0)
(-0.17071 -0.753087 0)
(-0.187118 -0.749269 0)
(-0.204009 -0.746251 0)
(-0.221854 -0.744372 0)
(-0.241238 -0.743845 0)
(-0.262841 -0.744646 0)
(-0.287414 -0.746381 0)
(-0.315757 -0.748161 0)
(-0.348692 -0.748521 0)
(-0.387103 -0.7455 0)
(-0.431977 -0.737003 0)
(-0.484352 -0.721587 0)
(-0.546819 -0.700528 0)
(-0.00669585 -0.741023 0)
(-0.0196458 -0.758333 0)
(-0.0347194 -0.760326 0)
(-0.0505742 -0.759696 0)
(-0.0669793 -0.757961 0)
(-0.0835594 -0.75552 0)
(-0.10017 -0.752503 0)
(-0.116746 -0.748967 0)
(-0.13329 -0.744983 0)
(-0.149865 -0.74068 0)
(-0.166615 -0.736258 0)
(-0.183774 -0.731968 0)
(-0.201685 -0.728077 0)
(-0.220802 -0.724811 0)
(-0.241683 -0.722275 0)
(-0.26496 -0.720363 0)
(-0.291322 -0.71864 0)
(-0.321477 -0.716209 0)
(-0.356118 -0.711618 0)
(-0.395918 -0.70286 0)
(-0.441563 -0.687619 0)
(-0.493717 -0.663898 0)
(-0.554177 -0.631967 0)
(-0.00611909 -0.729061 0)
(-0.0180649 -0.744222 0)
(-0.0322601 -0.745075 0)
(-0.0472759 -0.743784 0)
(-0.0629119 -0.741695 0)
(-0.0788169 -0.739091 0)
(-0.0948645 -0.736011 0)
(-0.111015 -0.732434 0)
(-0.127297 -0.72836 0)
(-0.143799 -0.723845 0)
(-0.160683 -0.719008 0)
(-0.178187 -0.714009 0)
(-0.196642 -0.709021 0)
(-0.216477 -0.704172 0)
(-0.238199 -0.69948 0)
(-0.262381 -0.694775 0)
(-0.289633 -0.689595 0)
(-0.320569 -0.683067 0)
(-0.355761 -0.673792 0)
(-0.395701 -0.659805 0)
(-0.440818 -0.638709 0)
(-0.49146 -0.608157 0)
(-0.5487 -0.567633 0)
(-0.00553064 -0.718115 0)
(-0.0165523 -0.731064 0)
(-0.0298842 -0.730745 0)
(-0.043994 -0.728741 0)
(-0.0587414 -0.726231 0)
(-0.0738093 -0.723378 0)
(-0.0891005 -0.720123 0)
(-0.104604 -0.716368 0)
(-0.120372 -0.712045 0)
(-0.136516 -0.707141 0)
(-0.153204 -0.701705 0)
(-0.17067 -0.695825 0)
(-0.189225 -0.689591 0)
(-0.209254 -0.683051 0)
(-0.231212 -0.676156 0)
(-0.255597 -0.668686 0)
(-0.282936 -0.66017 0)
(-0.313742 -0.649772 0)
(-0.348472 -0.636179 0)
(-0.387462 -0.617525 0)
(-0.430938 -0.591448 0)
(-0.479006 -0.555439 0)
(-0.53216 -0.50842 0)
(-0.00493062 -0.708161 0)
(-0.0151137 -0.718783 0)
(-0.0276377 -0.717341 0)
(-0.0407939 -0.714644 0)
(-0.0545512 -0.711701 0)
(-0.0686383 -0.70855 0)
(-0.082999 -0.705039 0)
(-0.0976558 -0.700996 0)
(-0.112686 -0.696293 0)
(-0.128212 -0.690861 0)
(-0.144404 -0.684693 0)
(-0.161485 -0.677813 0)
(-0.179733 -0.67025 0)
(-0.199489 -0.661989 0)
(-0.221145 -0.652927 0)
(-0.245124 -0.642812 0)
(-0.271862 -0.631174 0)
(-0.301773 -0.617225 0)
(-0.335205 -0.599754 0)
(-0.372363 -0.57703 0)
(-0.413314 -0.546808 0)
(-0.457989 -0.506553 0)
(-0.506469 -0.454818 0)
(-0.00437399 -0.699147 0)
(-0.0137725 -0.707279 0)
(-0.0255644 -0.704852 0)
(-0.0377122 -0.701559 0)
(-0.0503787 -0.698222 0)
(-0.0633484 -0.694761 0)
(-0.0766194 -0.690937 0)
(-0.0902511 -0.68652 0)
(-0.104342 -0.681334 0)
(-0.119022 -0.67527 0)
(-0.134455 -0.668275 0)
(-0.150842 -0.660328 0)
(-0.168429 -0.651408 0)
(-0.187506 -0.641454 0)
(-0.208402 -0.630324 0)
(-0.231464 -0.617748 0)
(-0.257041 -0.603266 0)
(-0.285453 -0.586146 0)
(-0.316943 -0.565283 0)
(-0.35161 -0.539103 0)
(-0.389395 -0.505516 0)
(-0.430114 -0.46206 0)
(-0.473568 -0.407057 0)
(-0.00393712 -0.69106 0)
(-0.0125582 -0.69646 0)
(-0.0237087 -0.693287 0)
(-0.0347595 -0.689564 0)
(-0.0462213 -0.685918 0)
(-0.0579381 -0.682156 0)
(-0.0699721 -0.677981 0)
(-0.0824208 -0.673121 0)
(-0.0953988 -0.667372 0)
(-0.109035 -0.660599 0)
(-0.12348 -0.652718 0)
(-0.138908 -0.643676 0)
(-0.15553 -0.633414 0)
(-0.173587 -0.621838 0)
(-0.193344 -0.608783 0)
(-0.21508 -0.593968 0)
(-0.239061 -0.576953 0)
(-0.265522 -0.557066 0)
(-0.294616 -0.533312 0)
(-0.326348 -0.504274 0)
(-0.360568 -0.468043 0)
(-0.397011 -0.422277 0)
(-0.435312 -0.365163 0)
(-0.00360468 -0.683993 0)
(-0.011419 -0.686247 0)
(-0.0220924 -0.682687 0)
(-0.0319125 -0.678769 0)
(-0.0420402 -0.674921 0)
(-0.0523699 -0.670879 0)
(-0.063034 -0.666317 0)
(-0.0741639 -0.660955 0)
(-0.085881 -0.654581 0)
(-0.0983053 -0.647047 0)
(-0.111566 -0.638253 0)
(-0.125812 -0.62812 0)
(-0.141212 -0.616564 0)
(-0.157963 -0.603468 0)
(-0.176277 -0.58865 0)
(-0.196368 -0.571834 0)
(-0.218433 -0.552605 0)
(-0.242631 -0.530352 0)
(-0.269038 -0.50419 0)
(-0.297587 -0.472855 0)
(-0.328056 -0.43462 0)
(-0.360126 -0.387295 0)
(-0.393341 -0.328985 0)
(-0.00335492 -0.677817 0)
(-0.0101663 -0.676408 0)
(-0.0207177 -0.673098 0)
(-0.0291215 -0.669313 0)
(-0.0377711 -0.665383 0)
(-0.0465864 -0.661073 0)
(-0.0557665 -0.656085 0)
(-0.0654651 -0.650165 0)
(-0.0757985 -0.643117 0)
(-0.0868681 -0.634793 0)
(-0.0987778 -0.625084 0)
(-0.111645 -0.613892 0)
(-0.125605 -0.601113 0)
(-0.140813 -0.586616 0)
(-0.157435 -0.57021 0)
(-0.175634 -0.551628 0)
(-0.195553 -0.530486 0)
(-0.21729 -0.50624 0)
(-0.240863 -0.478107 0)
(-0.266145 -0.444973 0)
(-0.292861 -0.405291 0)
(-0.320651 -0.357023 0)
(-0.349008 -0.298237 0)
(-0.00400099 -0.671821 0)
(-0.008816 -0.666437 0)
(-0.0196812 -0.664549 0)
(-0.0263496 -0.661336 0)
(-0.0333467 -0.657432 0)
(-0.0405297 -0.652839 0)
(-0.0481348 -0.647375 0)
(-0.0563146 -0.640849 0)
(-0.0651634 -0.633096 0)
(-0.0747545 -0.623978 0)
(-0.0851629 -0.613377 0)
(-0.096476 -0.601183 0)
(-0.108799 -0.587275 0)
(-0.122254 -0.571506 0)
(-0.136973 -0.553685 0)
(-0.15308 -0.533555 0)
(-0.170681 -0.51077 0)
(-0.189835 -0.484849 0)
(-0.210521 -0.455115 0)
(-0.23258 -0.4206 0)
(-0.255697 -0.379929 0)
(-0.279473 -0.33122 0)
(-0.303358 -0.272525 0)
(-0.00846241 -0.665784 0)
(-0.00811811 -0.656047 0)
(-0.0192594 -0.657172 0)
(-0.023586 -0.654966 0)
(-0.0287068 -0.651102 0)
(-0.0341592 -0.646162 0)
(-0.040128 -0.640159 0)
(-0.046726 -0.63299 0)
(-0.0540068 -0.624525 0)
(-0.0620076 -0.614636 0)
(-0.0707732 -0.603198 0)
(-0.0803648 -0.590084 0)
(-0.0908624 -0.575156 0)
(-0.102363 -0.558256 0)
(-0.114973 -0.539187 0)
(-0.128796 -0.517708 0)
(-0.143918 -0.493505 0)
(-0.160387 -0.466164 0)
(-0.178173 -0.435109 0)
(-0.197117 -0.399519 0)
(-0.216898 -0.358197 0)
(-0.237087 -0.309435 0)
(-0.257074 -0.2513 0)
(-0.0215298 -0.660788 0)
(-0.00863971 -0.646928 0)
(-0.0196443 -0.65186 0)
(-0.0207899 -0.650674 0)
(-0.0237881 -0.646624 0)
(-0.0274548 -0.641154 0)
(-0.0317674 -0.634514 0)
(-0.0367481 -0.626668 0)
(-0.0423934 -0.617505 0)
(-0.0487005 -0.606894 0)
(-0.0556859 -0.594693 0)
(-0.0633884 -0.580759 0)
(-0.071868 -0.564934 0)
(-0.0812028 -0.547044 0)
(-0.0914828 -0.526889 0)
(-0.102801 -0.504233 0)
(-0.115243 -0.478789 0)
(-0.128867 -0.450197 0)
(-0.143675 -0.417977 0)
(-0.159561 -0.381452 0)
(-0.176267 -0.339624 0)
(-0.193396 -0.291001 0)
(-0.210298 -0.233741 0)
(-0.0484241 -0.652353 0)
(-0.0085236 -0.645467 0)
(-0.0204112 -0.651472 0)
(-0.017805 -0.649992 0)
(-0.0184807 -0.645076 0)
(-0.0203832 -0.638735 0)
(-0.0230864 -0.631319 0)
(-0.0264569 -0.622774 0)
(-0.0304246 -0.612958 0)
(-0.0349497 -0.601707 0)
(-0.0400256 -0.588852 0)
(-0.0456734 -0.574224 0)
(-0.0519369 -0.557645 0)
(-0.0588784 -0.538922 0)
(-0.066574 -0.517843 0)
(-0.075109 -0.494167 0)
(-0.084573 -0.467616 0)
(-0.0950512 -0.43786 0)
(-0.106607 -0.404485 0)
(-0.119246 -0.366932 0)
(-0.132873 -0.324397 0)
(-0.147277 -0.275661 0)
(-0.161963 -0.219079 0)
(-0.0938929 -0.619822 0)
(-0.00551589 -0.661026 0)
(-0.0196175 -0.658459 0)
(-0.013835 -0.653343 0)
(-0.0124056 -0.646545 0)
(-0.0128013 -0.63903 0)
(-0.0140849 -0.630812 0)
(-0.0159395 -0.621669 0)
(-0.0182442 -0.611357 0)
(-0.0209396 -0.599655 0)
(-0.0240066 -0.586355 0)
(-0.027454 -0.57126 0)
(-0.0313096 -0.55417 0)
(-0.0356173 -0.534874 0)
(-0.0404338 -0.513142 0)
(-0.0458289 -0.488715 0)
(-0.051886 -0.461302 0)
(-0.0587046 -0.430566 0)
(-0.0664 -0.396098 0)
(-0.0750974 -0.357378 0)
(-0.0849246 -0.313706 0)
(-0.0959828 -0.264091 0)
(-0.108255 -0.207265 0)
(-0.129408 -0.54893 0)
(-0.00233709 -0.688281 0)
(-0.0115511 -0.664266 0)
(-0.00637232 -0.65312 0)
(-0.00475585 -0.643917 0)
(-0.004521 -0.635251 0)
(-0.00481069 -0.626379 0)
(-0.00536589 -0.6168 0)
(-0.00610327 -0.606144 0)
(-0.00698682 -0.594128 0)
(-0.00800411 -0.580519 0)
(-0.00915659 -0.565103 0)
(-0.0104548 -0.547669 0)
(-0.0119162 -0.527997 0)
(-0.0135646 -0.505847 0)
(-0.0154315 -0.480952 0)
(-0.0175591 -0.453003 0)
(-0.0200069 -0.421638 0)
(-0.0228624 -0.386406 0)
(-0.02626 -0.346714 0)
(-0.0304209 -0.301738 0)
(-0.035745 -0.250291 0)
(-0.0429693 -0.190811 0)
(1.0227 0.841286 0)
(0.73474 0.594478 0)
(0.36706 0.33367 0)
(0.170739 0.148128 0)
(1.29696 0.774263 0)
(1.29752 0.746912 0)
(1.21129 0.668484 0)
(1.10613 0.569496 0)
(1.24262 0.582819 0)
(1.31587 0.621636 0)
(1.36543 0.641829 0)
(1.38285 0.633831 0)
(1.16122 0.463029 0)
(1.21869 0.498463 0)
(1.27508 0.530669 0)
(1.32552 0.55458 0)
(1.08679 0.357878 0)
(1.13111 0.387473 0)
(1.17622 0.418325 0)
(1.22159 0.447348 0)
(1.04927 0.286289 0)
(1.08459 0.313564 0)
(1.11925 0.341303 0)
(1.15509 0.367049 0)
(1.021 0.235551 0)
(1.05739 0.259716 0)
(1.09237 0.284776 0)
(1.13022 0.308816 0)
(1.01399 0.1479 0)
(1.02915 0.199448 0)
(1.05239 0.237162 0)
(1.09565 0.265851 0)
(1.26004 0.0782943 0)
(1.27784 0.07116 0)
(1.29329 0.0536434 0)
(1.30772 0.0480195 0)
(1.43408 0.0895361 0)
(1.46646 0.123846 0)
(1.48872 0.152307 0)
(1.50371 0.177776 0)
(1.4665 -0.0237235 0)
(1.51828 0.0199291 0)
(1.56621 0.0657103 0)
(1.6081 0.115471 0)
(1.41214 -0.152199 0)
(1.47561 -0.104112 0)
(1.53848 -0.0497405 0)
(1.59744 0.0119983 0)
(1.30368 -0.298296 0)
(1.37443 -0.250327 0)
(1.44622 -0.190698 0)
(1.51585 -0.118076 0)
(1.16691 -0.455427 0)
(1.24154 -0.410707 0)
(1.31851 -0.34883 0)
(1.39502 -0.267433 0)
(1.01243 -0.615571 0)
(1.08626 -0.576971 0)
(1.16365 -0.516559 0)
(1.2426 -0.430699 0)
(0.842648 -0.76673 0)
(0.91043 -0.73629 0)
(0.983006 -0.680914 0)
(1.05955 -0.595796 0)
(0.660982 -0.898523 0)
(0.718772 -0.878623 0)
(0.782797 -0.832701 0)
(0.853244 -0.7547 0)
(0.473755 -1.00425 0)
(0.518752 -0.997258 0)
(0.571082 -0.965476 0)
(0.631818 -0.901254 0)
(0.288736 -1.0799 0)
(0.319132 -1.08664 0)
(0.357226 -1.07194 0)
(0.404715 -1.02626 0)
(0.112538 -1.12381 0)
(0.127534 -1.14353 0)
(0.149828 -1.14698 0)
(0.181864 -1.12293 0)
(-0.0498229 -1.13562 0)
(-0.0502683 -1.16577 0)
(-0.0447209 -1.18654 0)
(-0.0304814 -1.18646 0)
(-0.192304 -1.11784 0)
(-0.20625 -1.15455 0)
(-0.216353 -1.18912 0)
(-0.22021 -1.21112 0)
(-0.312872 -1.07575 0)
(-0.337778 -1.11469 0)
(-0.361224 -1.15803 0)
(-0.3813 -1.1966 0)
(-0.411751 -1.01466 0)
(-0.445099 -1.05147 0)
(-0.479313 -1.09771 0)
(-0.512554 -1.14578 0)
(-0.489433 -0.939961 0)
(-0.528498 -0.970888 0)
(-0.570265 -1.01445 0)
(-0.61326 -1.06431 0)
(-0.54662 -0.857201 0)
(-0.588641 -0.879633 0)
(-0.634559 -0.916197 0)
(-0.683631 -0.961152 0)
(-0.584227 -0.771505 0)
(-0.626609 -0.784199 0)
(-0.673385 -0.811118 0)
(-0.724559 -0.846865 0)
(-0.603752 -0.687348 0)
(-0.644399 -0.69046 0)
(-0.6893 -0.706973 0)
(-0.738992 -0.731895 0)
(-0.607299 -0.607936 0)
(-0.644872 -0.602628 0)
(-0.686154 -0.609483 0)
(-0.731922 -0.624035 0)
(-0.597171 -0.535091 0)
(-0.631049 -0.522963 0)
(-0.667934 -0.521674 0)
(-0.708678 -0.527372 0)
(-0.575653 -0.469545 0)
(-0.605696 -0.452174 0)
(-0.638068 -0.444401 0)
(-0.673604 -0.443013 0)
(-0.544937 -0.41142 0)
(-0.571239 -0.39013 0)
(-0.599306 -0.377317 0)
(-0.62991 -0.370388 0)
(-0.507106 -0.360568 0)
(-0.529843 -0.336397 0)
(-0.553902 -0.31969 0)
(-0.579988 -0.308403 0)
(-0.464117 -0.316699 0)
(-0.483507 -0.290457 0)
(-0.503864 -0.270763 0)
(-0.525837 -0.256032 0)
(-0.417699 -0.279405 0)
(-0.433986 -0.251735 0)
(-0.450956 -0.229787 0)
(-0.469196 -0.212351 0)
(-0.369274 -0.248185 0)
(-0.382726 -0.219604 0)
(-0.396631 -0.196006 0)
(-0.411507 -0.176483 0)
(-0.319943 -0.222503 0)
(-0.330852 -0.193425 0)
(-0.342019 -0.168678 0)
(-0.353888 -0.14759 0)
(-0.270494 -0.201753 0)
(-0.279204 -0.172535 0)
(-0.287986 -0.14708 0)
(-0.297209 -0.124889 0)
(-0.221311 -0.185071 0)
(-0.228309 -0.156075 0)
(-0.235187 -0.130384 0)
(-0.242219 -0.107603 0)
(-0.171745 -0.171285 0)
(-0.17789 -0.14278 0)
(-0.183797 -0.117379 0)
(-0.189573 -0.0947468 0)
(-0.117891 -0.159916 0)
(-0.124513 -0.131824 0)
(-0.131433 -0.106905 0)
(-0.137734 -0.0845968 0)
(-0.0502241 -0.140542 0)
(-0.0559783 -0.109997 0)
(-0.0623983 -0.0828662 0)
(-0.0701209 -0.0599651 0)
(0.215981 0.228127 0)
(0.37276 0.323164 0)
(0.00396983 0.0307669 0)
(-0.0547084 -0.0410564 0)
(-0.101838 -0.0907614 0)
(-0.109025 -0.133083 0)
(-0.0865561 -0.155853 0)
(-0.0483714 -0.159401 0)
(-0.00715342 -0.147187 0)
(0.0287746 -0.124278 0)
(0.0557902 -0.0954553 0)
(0.0731784 -0.0645482 0)
(0.0815401 -0.034401 0)
(0.0820176 -0.0070382 0)
(0.0758945 0.0161378 0)
(0.06444 0.0342532 0)
(0.0488788 0.0468528 0)
(0.0308561 0.054026 0)
(0.011277 0.056687 0)
(0.951553 0.449445 0)
(0.812768 0.336859 0)
(0.744724 0.305416 0)
(0.421496 0.186222 0)
(0.213863 -0.0280402 0)
(0.0768699 -0.127827 0)
(0.0179285 -0.176607 0)
(0.0150749 -0.19224 0)
(0.0409631 -0.180948 0)
(0.0721562 -0.1522 0)
(0.0964735 -0.11459 0)
(0.110381 -0.074728 0)
(0.11428 -0.0366324 0)
(0.109725 -0.00261432 0)
(0.0983901 0.0259641 0)
(0.0817737 0.0483028 0)
(0.0611982 0.0640563 0)
(0.038453 0.0734172 0)
(0.0142793 0.0771716 0)
(1.34075 0.577921 0)
(1.234 0.505904 0)
(1.11372 0.428494 0)
(1.00574 0.359948 0)
(0.777839 0.293988 0)
(0.461757 0.0652163 0)
(0.258162 -0.110867 0)
(0.149636 -0.186788 0)
(0.121767 -0.200076 0)
(0.132433 -0.174243 0)
(0.148908 -0.129714 0)
(0.157089 -0.0804532 0)
(0.154898 -0.033774 0)
(0.14387 0.00721679 0)
(0.125969 0.0412185 0)
(0.102902 0.0676599 0)
(0.0761218 0.086415 0)
(0.0475476 0.0978714 0)
(0.0177724 0.102912 0)
(1.38282 0.566061 0)
(1.39359 0.556793 0)
(1.34048 0.533777 0)
(1.25923 0.490911 0)
(1.16343 0.427743 0)
(0.96939 0.342603 0)
(0.652334 0.150328 0)
(0.407892 -0.0681508 0)
(0.269622 -0.170239 0)
(0.223798 -0.177683 0)
(0.218164 -0.136043 0)
(0.215479 -0.0793625 0)
(0.20437 -0.0241665 0)
(0.184789 0.0238171 0)
(0.158666 0.0630823 0)
(0.127753 0.0933723 0)
(0.0935272 0.114872 0)
(0.0579912 0.12824 0)
(0.0216815 0.134468 0)
(1.29493 0.484516 0)
(1.3742 0.523981 0)
(1.40405 0.549435 0)
(1.38143 0.558526 0)
(1.32414 0.539494 0)
(1.23969 0.489405 0)
(1.04812 0.383311 0)
(0.75365 0.191797 0)
(0.505756 -0.0336036 0)
(0.365509 -0.133228 0)
(0.311841 -0.12226 0)
(0.287608 -0.0666126 0)
(0.263026 -0.00510957 0)
(0.232171 0.0490607 0)
(0.195958 0.0929893 0)
(0.155837 0.126587 0)
(0.113079 0.150396 0)
(0.0696252 0.165354 0)
(0.0259806 0.172497 0)
(1.21779 0.401041 0)
(1.30777 0.450775 0)
(1.37719 0.509095 0)
(1.4074 0.56104 0)
(1.39265 0.592012 0)
(1.34472 0.584634 0)
(1.26425 0.54095 0)
(1.04926 0.422225 0)
(0.786664 0.203211 0)
(0.563045 -0.00599487 0)
(0.438161 -0.0684415 0)
(0.375847 -0.0339067 0)
(0.330634 0.0274099 0)
(0.285078 0.0853116 0)
(0.236765 0.13246 0)
(0.186222 0.168362 0)
(0.134137 0.193805 0)
(0.082118 0.209911 0)
(0.0305764 0.217629 0)
(1.19226 0.343762 0)
(1.27363 0.399851 0)
(1.34526 0.460895 0)
(1.39688 0.53203 0)
(1.41024 0.599922 0)
(1.38665 0.636755 0)
(1.33905 0.631093 0)
(1.24259 0.582029 0)
(1.01154 0.427326 0)
(0.778763 0.194421 0)
(0.594364 0.0441842 0)
(0.481225 0.0305572 0)
(0.406028 0.0788009 0)
(0.341671 0.135216 0)
(0.279393 0.182921 0)
(0.217543 0.219506 0)
(0.155748 0.245602 0)
(0.0949409 0.2623 0)
(0.0352749 0.270226 0)
(1.16684 0.29882 0)
(1.25674 0.34768 0)
(1.34035 0.421218 0)
(1.39745 0.507261 0)
(1.4168 0.594658 0)
(1.40046 0.664647 0)
(1.36383 0.690126 0)
(1.31087 0.680994 0)
(1.16434 0.595293 0)
(0.947326 0.399253 0)
(0.752647 0.205651 0)
(0.5966 0.134577 0)
(0.485788 0.154482 0)
(0.399144 0.201276 0)
(0.321621 0.245466 0)
(0.248113 0.280429 0)
(0.176738 0.305877 0)
(0.107423 0.322507 0)
(0.0398571 0.330257 0)
(1.26491 0.142501 0)
(1.2422 0.259995 0)
(1.33715 0.37047 0)
(1.40424 0.486484 0)
(1.42483 0.598628 0)
(1.40396 0.68716 0)
(1.36566 0.735544 0)
(1.323 0.746063 0)
(1.24114 0.717761 0)
(1.05034 0.570057 0)
(0.876825 0.382834 0)
(0.704548 0.271563 0)
(0.562451 0.255919 0)
(0.453303 0.284663 0)
(0.360688 0.320384 0)
(0.276043 0.350952 0)
(0.195829 0.374232 0)
(0.118822 0.390079 0)
(0.0440618 0.397322 0)
(1.51713 0.210955 0)
(1.52979 0.179751 0)
(1.53123 0.193267 0)
(1.42595 0.445267 0)
(1.42235 0.615273 0)
(1.39716 0.719003 0)
(1.35255 0.779779 0)
(1.31121 0.798763 0)
(1.25638 0.804234 0)
(1.09564 0.701744 0)
(0.950959 0.546556 0)
(0.786182 0.423791 0)
(0.626278 0.377652 0)
(0.499099 0.383718 0)
(0.39361 0.40663 0)
(0.29944 0.430111 0)
(0.211792 0.449721 0)
(0.128411 0.464104 0)
(0.0476542 0.470614 0)
(1.66471 0.201029 0)
(1.70164 0.278417 0)
(1.70028 0.301922 0)
(1.4642 0.531604 0)
(1.40926 0.654415 0)
(1.37407 0.761645 0)
(1.32648 0.825394 0)
(1.28352 0.849544 0)
(1.24001 0.869018 0)
(1.11565 0.810739 0)
(0.985676 0.690574 0)
(0.836973 0.577452 0)
(0.671237 0.511225 0)
(0.532591 0.494376 0)
(0.417899 0.501804 0)
(0.316736 0.516141 0)
(0.22363 0.530875 0)
(0.135581 0.543254 0)
(0.0504137 0.548865 0)
(1.68196 0.124408 0)
(1.74084 0.29469 0)
(1.74973 0.447113 0)
(1.48832 0.639134 0)
(1.38921 0.726365 0)
(1.33735 0.815936 0)
(1.2876 0.872793 0)
(1.24323 0.898784 0)
(1.20617 0.921551 0)
(1.11263 0.898467 0)
(0.994275 0.816135 0)
(0.859658 0.725805 0)
(0.694712 0.649622 0)
(0.551247 0.611803 0)
(0.431887 0.602636 0)
(0.326886 0.60667 0)
(0.2307 0.615817 0)
(0.139947 0.625893 0)
(0.0521624 0.630567 0)
(1.61903 0.0232876 0)
(1.70324 0.277239 0)
(1.72528 0.552925 0)
(1.52898 0.754985 0)
(1.3622 0.810101 0)
(1.29036 0.882469 0)
(1.23892 0.922916 0)
(1.19587 0.941808 0)
(1.1638 0.963063 0)
(1.09141 0.968064 0)
(0.984486 0.92767 0)
(0.856358 0.86801 0)
(0.69516 0.787775 0)
(0.553769 0.731021 0)
(0.434775 0.705359 0)
(0.329474 0.698955 0)
(0.232791 0.702432 0)
(0.14139 0.710221 0)
(0.0528535 0.714082 0)
(1.51236 -0.0976904 0)
(1.6224 0.239749 0)
(1.66892 0.630171 0)
(1.52144 0.891413 0)
(1.30676 0.911802 0)
(1.23473 0.958864 0)
(1.18421 0.973842 0)
(1.14512 0.98059 0)
(1.1184 0.998757 0)
(1.05996 1.02409 0)
(0.958314 1.03407 0)
(0.825504 1.00583 0)
(0.672341 0.921393 0)
(0.540235 0.846723 0)
(0.426831 0.80592 0)
(0.324814 0.790127 0)
(0.230167 0.788559 0)
(0.140066 0.794423 0)
(0.0525439 0.797721 0)
(1.36843 -0.24009 0)
(1.50677 0.174692 0)
(1.58742 0.685731 0)
(1.46739 1.01601 0)
(1.24245 1.02733 0)
(1.1784 1.0365 0)
(1.13126 1.02244 0)
(1.09806 1.01526 0)
(1.07893 1.02893 0)
(1.02783 1.07406 0)
(0.904213 1.14555 0)
(0.763956 1.13979 0)
(0.628041 1.0446 0)
(0.512671 0.953114 0)
(0.409671 0.900338 0)
(0.314077 0.877508 0)
(0.223603 0.872232 0)
(0.136418 0.876865 0)
(0.0513705 0.879932 0)
(1.18528 -0.395985 0)
(1.35311 0.0792042 0)
(1.46828 0.712681 0)
(1.37268 1.12063 0)
(1.19079 1.13823 0)
(1.13202 1.10766 0)
(1.08927 1.06611 0)
(1.05847 1.0434 0)
(1.04518 1.06147 0)
(0.971992 1.14827 0)
(0.81125 1.27356 0)
(0.677639 1.26359 0)
(0.569628 1.14939 0)
(0.476085 1.04492 0)
(0.386564 0.985494 0)
(0.299311 0.959087 0)
(0.214343 0.951975 0)
(0.131134 0.956298 0)
(0.0495541 0.959518 0)
(0.973535 -0.560085 0)
(1.16522 -0.0500817 0)
(1.30662 0.709169 0)
(1.23158 1.18551 0)
(1.1494 1.22134 0)
(1.10324 1.16701 0)
(1.06169 1.09735 0)
(1.01697 1.05297 0)
(0.980272 1.11635 0)
(0.870423 1.27367 0)
(0.700005 1.40993 0)
(0.590056 1.36539 0)
(0.511239 1.23022 0)
(0.438457 1.12005 0)
(0.362051 1.06028 0)
(0.28311 1.03405 0)
(0.203879 1.02707 0)
(0.125009 1.03201 0)
(0.0473586 1.03573 0)
(0.74125 -0.72491 0)
(0.921404 -0.197817 0)
(1.13707 0.69431 0)
(1.12529 1.20015 0)
(1.11133 1.25357 0)
(1.07776 1.22221 0)
(1.03595 1.15138 0)
(0.934581 1.06459 0)
(0.794151 1.16567 0)
(0.718528 1.40403 0)
(0.602578 1.52276 0)
(0.524892 1.43907 0)
(0.46674 1.28971 0)
(0.40773 1.18132 0)
(0.340423 1.12623 0)
(0.267834 1.10303 0)
(0.1935 1.09763 0)
(0.118696 1.10383 0)
(0.0449997 1.10827 0)
(0.497036 -0.877796 0)
(0.658776 -0.362415 0)
(0.975377 0.521512 0)
(1.06117 1.18301 0)
(1.06122 1.25956 0)
(1.04007 1.27117 0)
(0.996655 1.25245 0)
(0.886228 1.20111 0)
(0.634486 1.24345 0)
(0.595801 1.49001 0)
(0.554358 1.59277 0)
(0.497957 1.4903 0)
(0.445035 1.33779 0)
(0.388613 1.23551 0)
(0.324141 1.18706 0)
(0.254715 1.16786 0)
(0.183809 1.16444 0)
(0.112456 1.17202 0)
(0.0425563 1.17709 0)
(0.251339 -1.01061 0)
(0.40113 -0.548407 0)
(0.715534 0.244619 0)
(0.983346 1.15279 0)
(0.994579 1.25872 0)
(0.991328 1.30451 0)
(0.953825 1.35441 0)
(0.891111 1.36113 0)
(0.705694 1.3547 0)
(0.588544 1.53882 0)
(0.580447 1.63922 0)
(0.518244 1.5397 0)
(0.448037 1.38942 0)
(0.381259 1.29167 0)
(0.312783 1.24757 0)
(0.243256 1.23083 0)
(0.174387 1.2285 0)
(0.106 1.23688 0)
(0.0399196 1.24215 0)
(0.00983865 -1.11335 0)
(0.127204 -0.729987 0)
(0.332939 -0.0424521 0)
(0.861716 1.00244 0)
(0.927152 1.21591 0)
(0.938692 1.31639 0)
(0.923112 1.38994 0)
(0.891393 1.43764 0)
(0.825069 1.45279 0)
(0.666754 1.59409 0)
(0.648546 1.705 0)
(0.563716 1.61154 0)
(0.464132 1.45881 0)
(0.378919 1.35784 0)
(0.302204 1.31183 0)
(0.230936 1.29373 0)
(0.163713 1.29039 0)
(0.0984795 1.29842 0)
(0.0368009 1.3031 0)
(-0.21273 -1.17782 0)
(-0.135583 -0.879868 0)
(0.0446855 -0.301448 0)
(0.475803 0.550714 0)
(0.836381 1.13602 0)
(0.867959 1.3127 0)
(0.884033 1.40259 0)
(0.875418 1.48268 0)
(0.855008 1.52606 0)
(0.770434 1.62327 0)
(0.697007 1.78526 0)
(0.588795 1.71448 0)
(0.469325 1.55121 0)
(0.368693 1.43656 0)
(0.285227 1.38079 0)
(0.213745 1.35656 0)
(0.149511 1.34965 0)
(0.0886942 1.35587 0)
(0.0328133 1.35893 0)
(-0.404182 -1.20199 0)
(-0.369854 -0.992779 0)
(-0.201947 -0.518544 0)
(0.0473298 0.146299 0)
(0.681416 0.953954 0)
(0.773412 1.25133 0)
(0.818556 1.39487 0)
(0.831915 1.48921 0)
(0.835291 1.57029 0)
(0.801148 1.66217 0)
(0.673386 1.86361 0)
(0.54043 1.83127 0)
(0.434713 1.6546 0)
(0.335671 1.521 0)
(0.25419 1.45052 0)
(0.187587 1.41678 0)
(0.129528 1.4044 0)
(0.075513 1.4076 0)
(0.0276185 1.40794 0)
(-0.563006 -1.18266 0)
(-0.586354 -1.06506 0)
(-0.470469 -0.71548 0)
(-0.220503 -0.154766 0)
(0.149636 0.490824 0)
(0.616032 1.11715 0)
(0.707172 1.34609 0)
(0.744147 1.47976 0)
(0.752325 1.59931 0)
(0.746862 1.74358 0)
(0.573034 1.97586 0)
(0.412919 1.94006 0)
(0.350186 1.7472 0)
(0.272776 1.59724 0)
(0.2051 1.51313 0)
(0.150222 1.46979 0)
(0.102522 1.45162 0)
(0.0583394 1.45122 0)
(0.0210466 1.4479 0)
(-0.68588 -1.11893 0)
(-0.766469 -1.07422 0)
(-0.742063 -0.853226 0)
(-0.539622 -0.417147 0)
(-0.246152 0.169095 0)
(0.265959 0.760942 0)
(0.52456 1.24934 0)
(0.605931 1.44081 0)
(0.584628 1.60656 0)
(0.583683 1.84595 0)
(0.434779 2.13023 0)
(0.246209 2.02881 0)
(0.232123 1.81328 0)
(0.184431 1.65331 0)
(0.139549 1.56069 0)
(0.10224 1.51056 0)
(0.0688509 1.48794 0)
(0.0374318 1.4843 0)
(0.0131949 1.47612 0)
(-0.771272 -1.0182 0)
(-0.89693 -1.01355 0)
(-0.972082 -0.893903 0)
(-0.91838 -0.609939 0)
(-0.698492 -0.149893 0)
(-0.383063 0.427844 0)
(-0.0244788 1.01342 0)
(0.317282 1.38796 0)
(0.296052 1.5811 0)
(0.260727 1.91321 0)
(0.146646 2.26709 0)
(0.0595933 2.08772 0)
(0.0906372 1.84438 0)
(0.0776343 1.68215 0)
(0.061976 1.58759 0)
(0.0463343 1.53505 0)
(0.0304925 1.51027 0)
(0.013622 1.50424 0)
(0.0038466 1.4915 0)
(-0.818602 -0.89447 0)
(-0.968165 -0.896949 0)
(-1.11121 -0.82719 0)
(-1.19839 -0.647711 0)
(-1.16684 -0.317215 0)
(-0.996166 0.166558 0)
(-0.747904 0.707149 0)
(-0.454382 1.22229 0)
(-0.296189 1.62728 0)
(-0.202721 1.9618 0)
(-0.293489 2.24482 0)
(-0.162661 2.05701 0)
(-0.0717477 1.82564 0)
(-0.0391156 1.67727 0)
(-0.0216842 1.58975 0)
(-0.0133366 1.54037 0)
(-0.00963545 1.51663 0)
(-0.0113733 1.51241 0)
(-0.00662479 1.48974 0)
(-0.831425 -0.764317 0)
(-0.983473 -0.754061 0)
(-1.15043 -0.69289 0)
(-1.31036 -0.562871 0)
(-1.42081 -0.330829 0)
(-1.43256 0.0304776 0)
(-1.33727 0.503667 0)
(-1.1674 1.0233 0)
(-0.963395 1.51824 0)
(-0.802592 1.90912 0)
(-0.639216 2.08267 0)
(-0.374966 1.92558 0)
(-0.230178 1.75118 0)
(-0.1516 1.636 0)
(-0.102869 1.56581 0)
(-0.0712058 1.52549 0)
(-0.0482639 1.50651 0)
(-0.0348793 1.50851 0)
(-0.016465 1.47091 0)
(-0.817218 -0.640793 0)
(-0.957088 -0.612093 0)
(-1.11525 -0.540412 0)
(-1.28254 -0.418652 0)
(-1.43706 -0.226606 0)
(-1.54277 0.0557977 0)
(-1.56279 0.430568 0)
(-1.48305 0.870632 0)
(-1.30948 1.31513 0)
(-1.07874 1.66585 0)
(-0.794369 1.80724 0)
(-0.5168 1.73305 0)
(-0.34966 1.63589 0)
(-0.243146 1.56517 0)
(-0.1721 1.51929 0)
(-0.121429 1.49232 0)
(-0.0820425 1.48127 0)
(-0.0544642 1.4916 0)
(-0.0239703 1.43867 0)
(-0.784402 -0.530666 0)
(-0.905938 -0.486131 0)
(-1.04144 -0.402532 0)
(-1.18517 -0.278605 0)
(-1.32407 -0.103188 0)
(-1.43498 0.135415 0)
(-1.48653 0.439069 0)
(-1.44958 0.788811 0)
(-1.31044 1.13762 0)
(-1.08463 1.41156 0)
(-0.815852 1.53933 0)
(-0.580734 1.53809 0)
(-0.419381 1.50767 0)
(-0.305631 1.47857 0)
(-0.223168 1.45749 0)
(-0.159881 1.4452 0)
(-0.108474 1.44373 0)
(-0.0689027 1.4625 0)
(-0.0285791 1.39682 0)
(-0.739434 -0.435674 0)
(-0.84205 -0.380196 0)
(-0.952901 -0.289252 0)
(-1.0667 -0.164827 0)
(-1.17397 -0.00194596 0)
(-1.25884 0.2042 0)
(-1.2995 0.452496 0)
(-1.27258 0.728259 0)
(-1.16447 0.996758 0)
(-0.985499 1.20909 0)
(-0.776987 1.33037 0)
(-0.592111 1.37389 0)
(-0.450034 1.38678 0)
(-0.340798 1.38869 0)
(-0.255106 1.38817 0)
(-0.185348 1.38935 0)
(-0.1266 1.3974 0)
(-0.0781102 1.42342 0)
(-0.0306569 1.34902 0)
(-0.686468 -0.354987 0)
(-0.772109 -0.292986 0)
(-0.861413 -0.199566 0)
(-0.949088 -0.0783566 0)
(-1.02758 0.0717691 0)
(-1.08582 0.251412 0)
(-1.10943 0.456945 0)
(-1.08363 0.676493 0)
(-1.00076 0.887198 0)
(-0.869344 1.05982 0)
(-0.716877 1.17586 0)
(-0.574229 1.24195 0)
(-0.453905 1.27983 0)
(-0.353879 1.3023 0)
(-0.270147 1.31708 0)
(-0.198799 1.32942 0)
(-0.136774 1.34578 0)
(-0.0826405 1.37726 0)
(-0.0308578 1.29849 0)
(-0.628136 -0.286937 0)
(-0.699261 -0.221533 0)
(-0.77121 -0.128987 0)
(-0.838839 -0.0135665 0)
(-0.896062 0.123675 0)
(-0.935118 0.281223 0)
(-0.946806 0.454566 0)
(-0.922674 0.634311 0)
(-0.859376 0.805476 0)
(-0.763418 0.951084 0)
(-0.651241 1.06051 0)
(-0.540327 1.13581 0)
(-0.439482 1.18705 0)
(-0.350158 1.22237 0)
(-0.271582 1.248 0)
(-0.202181 1.269 0)
(-0.14006 1.2919 0)
(-0.0833043 1.32697 0)
(-0.0297827 1.24777 0)
(-0.56638 -0.229922 0)
(-0.625128 -0.162984 0)
(-0.683317 -0.0730497 0)
(-0.736138 0.0354734 0)
(-0.778751 0.160522 0)
(-0.805609 0.299729 0)
(-0.810848 0.448729 0)
(-0.789772 0.600272 0)
(-0.741211 0.744369 0)
(-0.669695 0.870607 0)
(-0.584903 0.972391 0)
(-0.497096 1.04974 0)
(-0.412677 1.10733 0)
(-0.334303 1.15029 0)
(-0.262754 1.1833 0)
(-0.197645 1.21064 0)
(-0.137768 1.23822 0)
(-0.0809524 1.27521 0)
(-0.0278915 1.19867 0)
(-0.502861 -0.182634 0)
(-0.550909 -0.115126 0)
(-0.597935 -0.0283372 0)
(-0.639679 0.073373 0)
(-0.672272 0.187566 0)
(-0.691633 0.311722 0)
(-0.693917 0.442023 0)
(-0.67644 0.572946 0)
(-0.638914 0.69762 0)
(-0.584382 0.809274 0)
(-0.518703 0.903457 0)
(-0.448269 0.979439 0)
(-0.377842 1.03943 0)
(-0.310191 1.08663 0)
(-0.246596 1.12441 0)
(-0.187192 1.15605 0)
(-0.131196 1.18661 0)
(-0.0763617 1.22415 0)
(-0.0255036 1.1525 0)
(-0.438982 -0.143968 0)
(-0.477721 -0.0763192 0)
(-0.515456 0.00745627 0)
(-0.5486 0.1031 0)
(-0.574006 0.208113 0)
(-0.588612 0.320103 0)
(-0.589769 0.435884 0)
(-0.575816 0.551265 0)
(-0.546748 0.661379 0)
(-0.504606 0.761596 0)
(-0.45311 0.848759 0)
(-0.396477 0.921953 0)
(-0.338246 0.982197 0)
(-0.280815 1.03147 0)
(-0.225461 1.07204 0)
(-0.172522 1.1063 0)
(-0.121506 1.13845 0)
(-0.0701874 1.17546 0)
(-0.0228313 1.11013 0)
(-0.375825 -0.11293 0)
(-0.406475 -0.0452486 0)
(-0.436432 0.0359708 0)
(-0.4627 0.126574 0)
(-0.482696 0.224112 0)
(-0.494084 0.326418 0)
(-0.494955 0.430893 0)
(-0.484189 0.534351 0)
(-0.461836 0.633268 0)
(-0.429274 0.724365 0)
(-0.388958 0.805333 0)
(-0.343763 0.875287 0)
(-0.296268 0.934633 0)
(-0.248363 0.984533 0)
(-0.201145 1.02643 0)
(-0.15501 1.06203 0)
(-0.109671 1.09467 0)
(-0.0629615 1.13039 0)
(-0.0200166 1.07213 0)
(-0.314213 -0.088638 0)
(-0.337852 -0.0208106 0)
(-0.361353 0.0584941 0)
(-0.382102 0.145128 0)
(-0.397929 0.236753 0)
(-0.407019 0.33147 0)
(-0.407966 0.427185 0)
(-0.39998 0.521465 0)
(-0.383099 0.61171 0)
(-0.358252 0.695532 0)
(-0.327085 0.771205 0)
(-0.291563 0.837928 0)
(-0.25352 0.895771 0)
(-0.214365 0.945358 0)
(-0.174975 0.987571 0)
(-0.135731 1.02356 0)
(-0.0964764 1.05591 0)
(-0.0551107 1.08976 0)
(-0.0171609 1.03881 0)
(-0.254951 -0.0704273 0)
(-0.272528 -0.00214449 0)
(-0.290776 0.0760895 0)
(-0.30718 0.159789 0)
(-0.31977 0.246845 0)
(-0.327138 0.335706 0)
(-0.328267 0.424708 0)
(-0.322613 0.511976 0)
(-0.310204 0.595548 0)
(-0.291663 0.673635 0)
(-0.268085 0.744902 0)
(-0.240794 0.808639 0)
(-0.211056 0.864725 0)
(-0.179881 0.913446 0)
(-0.14793 0.9553 0)
(-0.115518 0.991026 0)
(-0.0825585 1.02255 0)
(-0.0470074 1.05417 0)
(-0.0143678 1.01036 0)
(-0.199065 -0.0575917 0)
(-0.211662 0.011713 0)
(-0.225851 0.0898759 0)
(-0.239059 0.171435 0)
(-0.249116 0.254933 0)
(-0.255029 0.339297 0)
(-0.256195 0.423225 0)
(-0.252303 0.50523 0)
(-0.243405 0.58377 0)
(-0.22992 0.657443 0)
(-0.212567 0.725175 0)
(-0.192215 0.786325 0)
(-0.169712 0.840668 0)
(-0.145748 0.888274 0)
(-0.120783 0.929381 0)
(-0.095033 0.964415 0)
(-0.0684153 0.994723 0)
(-0.0389296 1.02375 0)
(-0.0117017 0.986291 0)
(-0.147297 -0.0470068 0)
(-0.157574 0.0248105 0)
(-0.169729 0.102468 0)
(-0.181079 0.181384 0)
(-0.189069 0.261484 0)
(-0.193423 0.342084 0)
(-0.194114 0.422053 0)
(-0.191114 0.500092 0)
(-0.184544 0.574889 0)
(-0.174711 0.645266 0)
(-0.16209 0.710307 0)
(-0.147244 0.76942 0)
(-0.130726 0.82232 0)
(-0.113 0.868948 0)
(-0.094377 0.909369 0)
(-0.0749884 0.943782 0)
(-0.0547354 0.973082 0)
(-0.0316185 1.00005 0)
(-0.00953908 0.968451 0)
(-0.0879926 -0.0264157 0)
(-0.117007 0.0412871 0)
(-0.131673 0.116514 0)
(-0.142317 0.190565 0)
(-0.148225 0.266592 0)
(-0.150542 0.343531 0)
(-0.149821 0.420049 0)
(-0.146326 0.494804 0)
(-0.140285 0.566551 0)
(-0.131981 0.634215 0)
(-0.121766 0.696964 0)
(-0.110034 0.754231 0)
(-0.0971717 0.805693 0)
(-0.0835218 0.851193 0)
(-0.069347 0.890654 0)
(-0.0548082 0.924032 0)
(-0.0399551 0.951633 0)
(-0.0235523 0.975099 0)
(-0.00756157 0.946417 0)
)
;

boundaryField
{
    leftWall
    {
        type            noSlip;
    }
    rightWall
    {
        type            noSlip;
    }
    lowerWall
    {
        type            noSlip;
    }
    atmosphere
    {
        type            pressureInletOutletVelocity;
        value           nonuniform List<vector> 
46
(
(0 -0.54893 0)
(0 -0.688281 0)
(0 -0.664266 0)
(0 -0.65312 0)
(0 -0.643917 0)
(0 -0.635251 0)
(0 -0.626379 0)
(0 -0.6168 0)
(0 -0.606144 0)
(0 -0.594128 0)
(0 -0.580519 0)
(0 -0.565103 0)
(0 -0.547669 0)
(0 -0.527997 0)
(0 -0.505847 0)
(0 -0.480952 0)
(0 -0.453003 0)
(0 -0.421638 0)
(0 -0.386406 0)
(0 -0.346714 0)
(0 -0.301738 0)
(0 -0.250291 0)
(0 -0.190811 0)
(0 -0.140542 0)
(0 -0.109997 0)
(0 -0.0828662 0)
(0 -0.0599651 0)
(0 -0.0264157 0)
(-0.117007 0.0412871 0)
(-0.131673 0.116514 0)
(-0.142317 0.190565 0)
(-0.148225 0.266592 0)
(-0.150542 0.343531 0)
(-0.149821 0.420049 0)
(-0.146326 0.494804 0)
(-0.140285 0.566551 0)
(-0.131981 0.634215 0)
(-0.121766 0.696964 0)
(-0.110034 0.754231 0)
(-0.0971717 0.805693 0)
(-0.0835218 0.851193 0)
(-0.069347 0.890654 0)
(-0.0548082 0.924032 0)
(-0.0399551 0.951633 0)
(-0.0235523 0.975099 0)
(-0.00756157 0.946417 0)
)
;
    }
    defaultFaces
    {
        type            empty;
    }
}


// ************************************************************************* //
