/*--------------------------------*- C++ -*----------------------------------*\
  =========                 |
  \\      /  F ield         | OpenFOAM: The Open Source CFD Toolbox
   \\    /   O peration     | Website:  https://openfoam.org
    \\  /    A nd           | Version:  7
     \\/     M anipulation  |
\*---------------------------------------------------------------------------*/
FoamFile
{
    version     2.0;
    format      ascii;
    class       volScalarField;
    location    "0.009";
    object      dsmcRhoN;
}
// * * * * * * * * * * * * * * * * * * * * * * * * * * * * * * * * * * * * * //

dimensions      [0 -3 0 0 0 0 0];

internalField   nonuniform List<scalar> 
654
(
5
12
6
5
6
8
10
10
4
15
10
8
6
8
7
5
1
9
8
8
4
6
6
11
4
5
6
7
5
3
11
4
4
7
10
5
4
7
6
7
8
7
5
10
7
8
5
3
8
5
7
8
4
3
4
13
9
1
16
14
4
11
10
9
3
5
4
10
6
7
2
4
11
3
8
8
8
6
5
9
13
9
10
4
11
3
6
3
3
4
15
6
7
8
7
5
3
6
2
8
5
6
5
9
5
3
4
7
6
2
7
4
6
5
10
5
5
13
3
15
6
6
6
3
7
2
7
7
9
7
3
6
6
7
2
6
7
2
3
9
4
6
9
7
6
9
8
4
9
9
8
9
10
5
8
11
9
9
3
7
5
9
14
8
6
5
8
3
8
4
3
13
8
3
5
3
10
7
7
8
8
8
4
13
6
8
11
6
10
4
3
7
9
7
9
6
6
11
9
2
4
2
7
7
11
7
8
13
10
6
9
4
9
7
7
7
10
4
3
10
1
6
6
8
6
9
5
8
7
8
8
7
8
4
12
5
4
9
8
5
8
4
5
10
4
4
8
6
5
9
14
3
7
7
4
5
4
8
7
10
7
8
6
6
5
8
14
15
10
13
9
5
7
8
5
4
9
8
5
8
8
12
7
6
4
7
4
8
8
11
7
5
6
7
7
11
8
13
5
14
5
7
6
8
8
10
8
6
4
8
13
11
8
7
5
6
7
6
10
6
4
4
9
7
13
8
7
7
5
6
7
4
8
5
14
10
4
4
6
6
6
8
6
6
4
7
2
5
8
6
8
6
6
6
8
5
5
6
10
12
3
6
9
9
7
9
10
9
4
12
12
5
12
5
9
11
8
8
6
5
8
6
9
6
7
9
9
9
5
6
14
8
8
9
9
8
3
7
6
7
7
5
9
6
6
5
10
5
6
7
7
9
4
7
8
2
7
9
4
10
7
5
7
6
11
3
10
5
11
4
7
6
9
11
8
3
6
7
11
7
10
5
9
7
8
6
9
5
16
5
2
11
6
12
5
5
6
8
7
11
2
7
8
6
5
9
6
2
5
6
5
5
8
7
10
6
5
9
8
6
9
12
8
5
8
7
6
6
9
10
8
9
4
6
7
9
2
12
5
9
9
10
5
10
7
10
7
5
7
4
9
8
6
16
3
11
7
1
10
7
1
8
8
6
5
5
11
3
7
4
9
5
8
7
15
4
5
9
6
6
1
7
4
7
9
5
8
10
6
10
7
9
9
5
10
6
6
12
6
6
9
11
9
8
7
13
10
10
10
11
3
14
10
8
9
5
6
8
9
6
11
10
8
7
4
5
9
5
4
6
10
9
9
13
5
8
8
9
10
8
5
6
8
6
9
2
5
15
7
5
5
6
6
9
5
7
7
6
4
7
13
5
8
7
10
7
8
4
6
12
8
8
7
9
7
4
6
8
7
8
11
9
7
10
8
8
9
6
7
5
7
7
4
10
)
;

boundaryField
{
    flow
    {
        type            zeroGradient;
    }
    obstacle
    {
        type            zeroGradient;
    }
    frontAndBack
    {
        type            empty;
    }
    procBoundary3to1
    {
        type            processor;
        value           nonuniform List<scalar> 
36
(
5
7
5
7
6
4
4
5
8
5
6
3
3
5
6
3
3
6
6
4
9
5
8
4
6
6
11
7
5
6
4
6
6
4
9
9
)
;
    }
    procBoundary3to2
    {
        type            processor;
        value           nonuniform List<scalar> 
19
(
9
9
8
10
6
10
5
8
3
10
9
10
7
4
7
10
8
13
9
)
;
    }
}


// ************************************************************************* //
