/*--------------------------------*- C++ -*----------------------------------*\
  =========                 |
  \\      /  F ield         | OpenFOAM: The Open Source CFD Toolbox
   \\    /   O peration     | Website:  https://openfoam.org
    \\  /    A nd           | Version:  7
     \\/     M anipulation  |
\*---------------------------------------------------------------------------*/
FoamFile
{
    version     2.0;
    format      ascii;
    class       volScalarField;
    location    "0.003";
    object      dsmcRhoN;
}
// * * * * * * * * * * * * * * * * * * * * * * * * * * * * * * * * * * * * * //

dimensions      [0 -3 0 0 0 0 0];

internalField   nonuniform List<scalar> 
546
(
8
10
11
8
15
10
12
8
9
12
4
13
7
9
10
4
9
6
11
7
6
12
10
11
11
11
9
13
10
3
8
13
6
4
14
10
8
10
8
5
11
6
6
11
5
10
8
4
11
9
11
13
17
10
7
8
12
11
9
13
4
8
13
7
10
11
10
9
9
7
12
8
8
12
13
9
14
6
10
6
9
10
9
12
3
15
9
7
9
12
12
11
7
17
6
10
10
6
9
7
5
14
9
12
14
14
4
18
11
9
12
9
15
7
8
7
13
7
12
9
12
8
12
13
2
7
9
11
7
7
7
10
13
7
12
6
8
11
14
5
8
7
11
10
11
9
9
8
9
8
10
8
6
9
9
13
13
11
11
11
8
9
6
6
11
11
13
9
13
13
11
5
11
10
13
11
10
5
10
9
10
12
5
11
14
3
9
12
10
14
8
8
9
10
5
16
13
6
15
5
6
6
11
9
6
11
15
15
7
12
8
8
8
11
9
9
15
6
9
15
6
12
11
14
7
13
4
8
10
8
9
14
9
9
9
9
7
12
9
11
6
10
9
10
7
9
10
9
10
8
7
11
7
7
8
6
10
16
13
11
7
8
13
6
8
12
8
6
7
12
10
12
10
7
9
9
9
9
12
9
5
10
14
10
11
10
7
7
11
13
8
8
9
5
9
11
10
10
11
8
8
11
9
9
14
9
8
7
7
5
11
10
6
11
6
10
8
9
16
12
8
7
13
7
11
6
14
11
5
15
12
11
9
12
11
9
15
11
9
8
3
6
12
11
13
10
7
14
10
7
8
13
10
8
7
9
5
10
8
9
9
11
10
8
10
9
5
15
9
11
7
13
8
5
8
10
7
14
12
12
16
10
7
7
14
4
8
4
11
7
6
8
11
5
9
8
5
11
12
11
9
8
8
8
9
13
14
12
7
8
13
8
9
11
11
5
5
8
4
11
8
13
14
10
12
7
11
15
6
7
9
9
10
12
7
8
12
11
17
10
12
10
13
5
5
9
12
10
13
6
13
5
7
10
13
14
7
6
14
16
15
8
6
9
7
7
10
4
8
9
5
12
8
7
15
13
9
11
11
9
7
7
10
12
7
7
10
9
5
10
6
7
11
7
9
8
11
8
11
7
8
4
9
8
10
13
11
7
2
15
4
9
8
5
7
12
6
4
8
6
9
13
8
11
11
7
13
5
10
15
8
4
11
9
5
11
11
11
9
13
8
8
10
8
7
12
)
;

boundaryField
{
    flow
    {
        type            zeroGradient;
    }
    obstacle
    {
        type            zeroGradient;
    }
    frontAndBack
    {
        type            empty;
    }
    procBoundary2to0
    {
        type            processor;
        value           nonuniform List<scalar> 
31
(
7
15
7
6
7
9
8
10
17
10
11
9
8
12
9
6
10
14
6
14
7
11
13
7
6
3
11
13
9
10
10
)
;
    }
    procBoundary2to3
    {
        type            processor;
        value           nonuniform List<scalar> 
19
(
10
7
10
12
6
11
6
7
12
11
14
8
5
8
9
9
7
8
9
)
;
    }
}


// ************************************************************************* //
