/*--------------------------------*- C++ -*----------------------------------*\
  =========                 |
  \\      /  F ield         | OpenFOAM: The Open Source CFD Toolbox
   \\    /   O peration     | Website:  https://openfoam.org
    \\  /    A nd           | Version:  7
     \\/     M anipulation  |
\*---------------------------------------------------------------------------*/
FoamFile
{
    version     2.0;
    format      ascii;
    class       volScalarField;
    location    "0.1";
    object      p_rgh;
}
// * * * * * * * * * * * * * * * * * * * * * * * * * * * * * * * * * * * * * //

dimensions      [1 -1 -2 0 0 0 0];

internalField   nonuniform List<scalar> 
7700
(
1559.39
1562.17
1563.13
1561.69
1557
1548.75
1536.98
1521.81
1503.35
1481.71
1456.95
1429.09
1398.1
1363.91
1326.38
1285.28
1240.32
1191.09
1137.06
1077.6
1011.92
939.21
858.732
770.118
673.864
572.047
468.919
371.458
289.095
219.853
162.689
116.039
82.5497
62.3557
42.8796
12.7381
5.08332
3.19834
2.62674
2.45669
2.39658
2.36575
2.34577
2.33326
2.32539
2.32585
1557.95
1560.1
1559.72
1556.81
1551.08
1542.2
1530.06
1514.68
1496.11
1474.37
1449.5
1421.5
1390.3
1355.83
1317.92
1276.33
1230.73
1180.71
1125.7
1065.03
997.935
923.622
841.448
751.226
653.755
551.534
449.296
353.479
269.276
203.992
153.098
109.893
62.8889
20.5275
7.72072
6.14526
3.91195
2.66578
2.43148
2.40665
2.38534
2.36264
2.34424
2.33245
2.32543
2.32587
1556.89
1559.02
1557.63
1553.21
1546.18
1536.33
1523.51
1507.65
1488.72
1466.69
1441.53
1413.22
1381.66
1346.73
1308.26
1265.98
1219.53
1168.47
1112.22
1050.12
981.434
905.461
821.726
730.301
632.353
530.802
430.55
337.491
256.623
191.963
138.239
76.354
20.4621
4.11173
2.64074
2.50414
2.654
2.69548
2.4684
2.3369
2.33285
2.32427
2.31409
2.30759
2.30551
2.31019
1555.96
1558.48
1556.83
1551.6
1543.61
1532.89
1519.33
1502.88
1483.45
1461
1435.45
1406.72
1374.73
1339.32
1300.28
1257.34
1210.12
1158.18
1100.94
1037.78
967.999
891.01
806.463
714.596
616.744
515.863
416.143
321.954
239.276
162.867
74.0631
15.1044
4.4525
3.11014
2.35963
2.09795
2.03617
2.08087
2.20743
2.26967
2.26801
2.26615
2.26442
2.26396
2.26852
2.28039
1555.3
1558.13
1556.58
1551.06
1542.56
1531.27
1517.17
1500.2
1480.33
1457.45
1431.51
1402.4
1370.01
1334.17
1294.66
1251.2
1203.43
1150.89
1093.05
1029.29
959.018
881.691
797.049
705.391
608.058
507.601
406.413
308.621
202.965
75.9429
10.1446
3.64408
2.91601
2.44061
2.20784
2.08333
2.03739
2.05187
2.10939
2.17019
2.19731
2.20385
2.20649
2.20982
2.21934
2.23672
1555.08
1558.06
1556.69
1551.19
1542.51
1530.93
1516.49
1499.18
1478.96
1455.75
1429.49
1400.06
1367.35
1331.17
1291.32
1247.51
1199.39
1146.52
1088.4
1024.48
954.188
877.081
792.954
702.139
605.935
506.014
402.328
284.095
111.394
10.481
3.48565
2.74228
2.31072
2.17939
2.12651
2.07849
2.04982
2.05412
2.08344
2.11571
2.13441
2.14179
2.14469
2.14826
2.15944
2.17911
1555.47
1558.46
1557.29
1551.97
1543.33
1531.68
1517.1
1499.61
1479.18
1455.77
1429.28
1399.64
1366.7
1330.31
1290.25
1246.25
1197.98
1145.03
1086.94
1023.2
953.323
876.938
793.911
704.651
610.426
511.464
406.457
214.255
28.8553
4.0118
2.74553
2.32825
2.16105
2.11045
2.08941
2.06511
2.04624
2.04391
2.05573
2.07034
2.07863
2.08069
2.07988
2.07981
2.08862
2.10593
1556.59
1559.53
1558.56
1553.5
1545.04
1533.49
1518.93
1501.42
1480.93
1457.42
1430.84
1401.09
1368.05
1331.57
1291.45
1247.43
1199.21
1146.42
1088.62
1025.4
956.326
881.121
799.754
712.789
621.494
524.004
391.345
121.84
6.56836
3.18331
2.44208
2.19109
2.11348
2.08629
2.06799
2.04752
2.03005
2.02197
2.02241
2.02499
2.02428
2.01949
2.01194
2.00401
2.00535
2.01121
1558.56
1561.42
1560.64
1555.88
1547.69
1536.36
1521.96
1504.55
1484.13
1460.67
1434.11
1404.38
1371.36
1334.93
1294.89
1251.03
1203.05
1150.62
1093.39
1030.97
963.042
889.412
810.178
726.127
638.455
542.753
346.47
52.7978
4.85739
2.70721
2.28399
2.14597
2.09514
2.06924
2.04826
2.02651
2.00718
1.99375
1.98565
1.979
1.97012
1.95751
1.94077
1.91998
1.90673
1.87746
1561.48
1564.24
1563.63
1559.18
1551.33
1540.29
1526.16
1508.97
1488.73
1465.43
1439.01
1409.42
1376.56
1340.3
1300.5
1256.95
1209.39
1157.54
1101.09
1039.73
973.227
901.478
824.719
743.934
659.908
565.82
274.907
18.717
3.77749
2.49508
2.21472
2.12384
2.07905
2.05069
2.02606
2.0018
1.9797
1.96153
1.94667
1.93247
1.91605
1.89516
1.86735
1.82902
1.79109
1.67312
0.923929
0.926981
0.928276
0.927784
0.924845
0.919559
0.912384
0.903821
0.894296
0.884156
0.87367
0.863059
0.852412
0.841872
0.831527
0.821446
0.811669
0.802225
0.793136
0.784416
0.776081
0.768148
0.760635
0.753558
0.746934
0.740778
0.735101
0.729916
0.725233
0.721062
0.717413
0.714297
0.711724
0.709703
0.708236
0.707316
0.706912
0.706857
0.707148
0.707855
0.922636
0.925314
0.926191
0.925273
0.9223
0.917287
0.910537
0.902434
0.893342
0.883576
0.873391
0.862977
0.852535
0.842153
0.831933
0.821947
0.812243
0.802857
0.793813
0.785128
0.77682
0.768906
0.761407
0.75434
0.747723
0.741572
0.735899
0.730718
0.726039
0.721875
0.718234
0.715127
0.71256
0.710538
0.709055
0.708086
0.707584
0.707451
0.707611
0.708069
0.921237
0.924379
0.925151
0.923825
0.920644
0.915692
0.909181
0.901398
0.892641
0.883179
0.873252
0.863056
0.852767
0.842507
0.832382
0.822468
0.81282
0.803478
0.794466
0.785805
0.777514
0.769611
0.762117
0.755053
0.748436
0.742284
0.736611
0.73143
0.726752
0.722589
0.718948
0.715836
0.713258
0.711207
0.70967
0.708611
0.707971
0.707674
0.707728
0.708234
0.919189
0.923826
0.925297
0.924031
0.920682
0.915581
0.909009
0.901248
0.892563
0.883195
0.873361
0.863246
0.853015
0.842799
0.832705
0.822814
0.813184
0.803854
0.794851
0.786194
0.777904
0.769998
0.762499
0.755426
0.7488
0.742639
0.736957
0.731768
0.727082
0.722908
0.719253
0.716121
0.71351
0.711411
0.709805
0.708656
0.707914
0.70755
0.707684
0.708316
0.916209
0.923381
0.926272
0.925554
0.922171
0.91681
0.90995
0.901956
0.893106
0.883629
0.873721
0.863553
0.853276
0.843018
0.832888
0.822966
0.813312
0.803965
0.794948
0.786281
0.77798
0.770062
0.762548
0.75546
0.748818
0.74264
0.736941
0.731735
0.727031
0.722837
0.719158
0.715994
0.713342
0.711192
0.709525
0.708312
0.707521
0.707172
0.707445
0.708217
0.911918
0.923182
0.928271
0.928408
0.925012
0.919246
0.91188
0.903423
0.894199
0.884433
0.874304
0.863962
0.85354
0.843163
0.832933
0.822931
0.813217
0.803826
0.794779
0.78609
0.77777
0.769833
0.7623
0.755191
0.748527
0.742326
0.736605
0.731375
0.726647
0.722426
0.718716
0.715517
0.712825
0.710631
0.708919
0.707671
0.706875
0.706581
0.706991
0.707879
0.906493
0.924275
0.932292
0.933038
0.929375
0.922928
0.914768
0.905598
0.895788
0.88556
0.875068
0.864437
0.853779
0.843207
0.832819
0.822694
0.812888
0.803432
0.794341
0.78562
0.777275
0.769316
0.76176
0.754627
0.747937
0.741709
0.73596
0.730702
0.725944
0.721693
0.717951
0.714719
0.711992
0.709764
0.708025
0.706768
0.705993
0.705772
0.706299
0.707269
0.899714
0.928572
0.940289
0.940184
0.935513
0.927939
0.918608
0.90843
0.897813
0.88695
0.875959
0.864929
0.85395
0.843116
0.832519
0.822232
0.812307
0.802767
0.79362
0.78486
0.776486
0.768503
0.760922
0.753763
0.747045
0.740787
0.735008
0.729718
0.724929
0.720647
0.716874
0.713612
0.710858
0.708609
0.706861
0.705613
0.704878
0.704733
0.705351
0.706372
0.879442
0.937204
0.955319
0.951023
0.943701
0.934311
0.923344
0.911831
0.90018
0.888517
0.876902
0.865377
0.854
0.842848
0.831999
0.821519
0.811453
0.801816
0.792602
0.783799
0.775395
0.767386
0.759781
0.752595
0.745849
0.739562
0.73375
0.728429
0.723608
0.719295
0.715495
0.712209
0.709437
0.707178
0.705435
0.704211
0.703525
0.703452
0.704137
0.705183
0.838921
0.95076
0.978712
0.96653
0.954112
0.941904
0.9288
0.915642
0.902753
0.890149
0.877803
0.865705
0.853873
0.842358
0.831224
0.820529
0.810307
0.800562
0.791278
0.782429
0.773993
0.765959
0.758332
0.751123
0.74435
0.738033
0.732191
0.726838
0.721988
0.717648
0.713824
0.710521
0.707739
0.705482
0.703755
0.702565
0.701931
0.701921
0.702652
0.703705
1565.45
1568.1
1567.65
1563.51
1556.01
1545.33
1531.54
1514.66
1494.7
1471.66
1445.5
1416.16
1383.57
1347.63
1308.21
1265.12
1218.16
1167.07
1111.6
1051.52
986.666
917.027
842.965
765.59
684.603
576.658
202.691
8.03944
3.17892
2.3574
2.17474
2.10189
2.05871
2.02774
1.99992
1.97313
1.94825
1.92604
1.90577
1.88541
1.86235
1.83352
1.7942
1.735
1.64394
1.3348
1570.55
1573.11
1572.8
1568.96
1561.82
1551.53
1538.13
1521.62
1502.03
1479.34
1453.54
1424.57
1392.38
1356.88
1317.97
1275.5
1229.29
1179.13
1124.82
1066.2
1003.17
935.788
864.539
790.552
711.869
567.11
142.134
6.01884
2.78695
2.25923
2.13627
2.07384
2.03215
1.99954
1.96948
1.9406
1.91334
1.88788
1.86345
1.83835
1.8102
1.7757
1.72941
1.66032
1.5547
1.37813
1576.85
1579.31
1579.13
1575.57
1568.79
1558.9
1545.92
1529.85
1510.69
1488.44
1463.08
1434.58
1402.9
1367.96
1329.69
1287.97
1242.65
1193.56
1140.56
1083.53
1022.42
957.374
888.947
818.18
741.163
546.208
92.5547
4.73489
2.50717
2.17819
2.09337
2.03912
1.99947
1.96631
1.93498
1.90468
1.87565
1.84783
1.82044
1.79206
1.76068
1.72354
1.67662
1.61381
1.53052
1.4463
1584.37
1586.73
1586.66
1583.37
1576.94
1567.46
1554.93
1539.33
1520.65
1498.91
1474.08
1446.15
1415.07
1380.8
1343.29
1302.43
1258.13
1210.24
1158.66
1103.31
1044.18
981.476
915.813
848.022
772.21
515.746
56.204
3.84667
2.30663
2.10785
2.04614
1.99855
1.96143
1.92858
1.8968
1.86578
1.83568
1.80634
1.77705
1.74665
1.71357
1.67573
1.63057
1.57508
1.50636
1.43454
1593.14
1595.42
1595.44
1592.39
1586.3
1577.24
1565.16
1550.06
1531.92
1510.74
1486.51
1459.22
1428.83
1395.33
1358.68
1318.8
1275.61
1229.01
1178.93
1125.33
1068.22
1007.82
944.82
879.686
804.716
470.706
30.4475
3.17941
2.16168
2.04385
1.99531
1.95347
1.91905
1.88704
1.85547
1.82436
1.79384
1.76374
1.73343
1.70199
1.66825
1.63068
1.58741
1.53649
1.47543
1.40709
1603.2
1605.38
1605.49
1602.66
1596.9
1588.24
1576.64
1562.06
1544.48
1523.92
1500.34
1473.75
1444.14
1411.49
1375.78
1336.97
1294.98
1249.76
1201.25
1149.42
1094.33
1036.2
975.72
912.862
838.586
415.146
14.9543
2.7144
2.06114
1.98374
1.9425
1.90538
1.8734
1.84249
1.81158
1.78087
1.75047
1.72021
1.68958
1.65789
1.62427
1.58758
1.54645
1.49958
1.4455
1.38519
1614.55
1616.65
1616.83
1614.21
1608.76
1600.5
1589.37
1575.32
1558.34
1538.42
1515.55
1489.73
1460.95
1429.23
1394.54
1356.86
1316.15
1272.37
1225.47
1175.44
1122.36
1066.46
1008.36
947.382
873.131
352.024
7.8452
2.42994
1.98318
1.92711
1.88936
1.85551
1.82538
1.79562
1.76565
1.73567
1.70579
1.67586
1.64548
1.61414
1.58122
1.54587
1.50709
1.46415
1.41619
1.36327
1627.22
1629.23
1629.47
1627.04
1621.89
1614.02
1603.36
1589.86
1573.49
1554.24
1532.11
1507.1
1479.23
1448.49
1414.88
1378.4
1339.02
1296.71
1251.46
1203.26
1152.18
1098.48
1042.69
983.409
886.629
298.639
5.21854
2.25443
1.92058
1.87282
1.83633
1.80437
1.77553
1.74692
1.71803
1.68903
1.65998
1.63076
1.60107
1.57055
1.53876
1.50502
1.46856
1.42914
1.38635
1.33922
1641.2
1643.12
1643.42
1641.17
1636.3
1628.82
1618.62
1605.67
1589.92
1571.37
1550.01
1525.86
1498.92
1469.21
1436.74
1401.5
1363.49
1322.7
1279.12
1232.76
1183.68
1132.17
1078.65
1021.05
896.83
248.243
4.45454
2.12145
1.86059
1.8183
1.78265
1.75186
1.72411
1.69665
1.66895
1.6411
1.61313
1.58495
1.55631
1.52695
1.49659
1.46461
1.43039
1.39414
1.35551
1.3136
1656.52
1658.35
1658.69
1656.6
1652.01
1644.9
1635.17
1622.76
1607.65
1589.81
1569.25
1545.97
1520
1491.36
1460.05
1426.1
1389.5
1350.25
1308.35
1263.83
1216.76
1167.42
1116.15
1060.25
899.924
200.585
3.84069
1.99526
1.79888
1.76214
1.72748
1.69777
1.67115
1.64493
1.61854
1.59202
1.56537
1.53849
1.51116
1.48322
1.45447
1.42437
1.39241
1.35878
1.32343
1.2862
1673.16
1674.9
1675.28
1673.34
1669.02
1662.26
1652.99
1641.14
1626.66
1609.54
1589.79
1567.42
1542.44
1514.89
1484.78
1452.13
1416.96
1379.27
1339.07
1296.38
1251.32
1204.15
1155.11
1100.93
895.242
157.481
3.32011
1.88243
1.73658
1.70388
1.67034
1.64197
1.61667
1.59186
1.56695
1.54193
1.5168
1.49142
1.46561
1.43925
1.41221
1.38414
1.35427
1.32281
1.29083
1.25681
1691.14
1692.79
1693.19
1691.4
1687.33
1680.93
1672.11
1660.8
1646.96
1630.58
1611.65
1590.19
1566.23
1539.79
1510.89
1479.57
1445.84
1409.72
1371.22
1330.38
1287.31
1242.31
1195.49
1143.03
881.436
118.993
2.88798
1.78154
1.67305
1.64282
1.61094
1.5844
1.56074
1.53756
1.51432
1.49099
1.46753
1.44381
1.41966
1.39496
1.36966
1.34356
1.31609
1.28683
1.25694
1.22646
1710.45
1712.01
1712.43
1710.77
1706.94
1700.89
1692.52
1681.76
1668.56
1652.91
1634.81
1614.28
1591.34
1566.03
1538.36
1508.38
1476.11
1441.57
1404.78
1365.78
1324.71
1281.86
1237.23
1186.51
857.742
85.8522
2.52851
1.6859
1.60615
1.57821
1.54907
1.52507
1.50349
1.48223
1.46086
1.43935
1.41768
1.39571
1.37329
1.35033
1.32678
1.30254
1.2773
1.25063
1.22296
1.19518
1731.09
1732.55
1732.99
1731.46
1727.87
1722.15
1714.23
1704.01
1691.46
1676.55
1659.28
1639.69
1617.78
1593.6
1567.18
1538.55
1507.74
1474.79
1439.71
1402.56
1363.47
1322.77
1280.31
1231.35
824.187
58.0415
2.19124
1.58726
1.53401
1.50971
1.48481
1.46421
1.44517
1.4261
1.40677
1.38719
1.36737
1.3472
1.32656
1.30537
1.28359
1.26118
1.23798
1.21372
1.18861
1.16294
1753.05
1754.43
1754.88
1753.47
1750.11
1744.73
1737.24
1727.57
1715.66
1701.48
1685.06
1666.4
1645.53
1622.49
1597.31
1570.04
1540.7
1509.34
1475.97
1440.66
1403.55
1364.97
1324.64
1277.44
780.572
35.5905
1.86132
1.48206
1.45678
1.43825
1.41893
1.40236
1.38619
1.36948
1.35226
1.33465
1.3167
1.29835
1.2795
1.26011
1.24013
1.21956
1.1983
1.17624
1.15343
1.12996
1776.34
1777.63
1778.09
1776.8
1773.66
1768.61
1761.56
1752.42
1741.14
1727.71
1712.12
1694.4
1674.57
1652.67
1628.74
1602.82
1574.95
1545.17
1513.51
1480.02
1444.86
1408.36
1370.09
1324.61
724.588
19.2341
1.57919
1.37943
1.37803
1.36649
1.35294
1.34038
1.32705
1.31269
1.29756
1.28189
1.2658
1.24926
1.23221
1.2146
1.19644
1.17772
1.15839
1.13838
1.11771
1.09636
1800.94
1802.14
1802.61
1801.43
1798.51
1793.79
1787.16
1778.55
1767.91
1755.21
1740.46
1723.67
1704.88
1684.12
1661.44
1636.87
1610.46
1582.24
1552.25
1520.56
1487.32
1452.85
1416.54
1372.75
659.089
9.50273
1.39087
1.29121
1.30398
1.29774
1.28859
1.27916
1.26827
1.25604
1.24288
1.22908
1.2148
1.20005
1.18477
1.16895
1.1526
1.13572
1.11828
1.10022
1.08155
1.06222
1826.84
1827.96
1828.44
1827.36
1824.65
1820.25
1814.04
1805.96
1795.94
1783.97
1770.05
1754.2
1736.44
1716.82
1695.38
1672.16
1647.19
1620.52
1592.18
1562.24
1530.87
1498.37
1463.91
1421.86
585.54
4.8494
1.29506
1.22616
1.23897
1.23402
1.22685
1.21925
1.21015
1.19972
1.18835
1.17632
1.16381
1.15082
1.1373
1.12324
1.10868
1.09362
1.07802
1.06184
1.04507
1.02768
1854.03
1855.07
1855.54
1854.57
1852.07
1847.98
1842.18
1834.62
1825.22
1813.98
1800.88
1785.96
1769.24
1750.76
1730.55
1708.67
1685.13
1659.98
1633.27
1605.06
1575.53
1544.94
1512.25
1454.37
520.825
3.05911
1.25169
1.17793
1.18159
1.17463
1.1675
1.16065
1.15278
1.14383
1.13407
1.12374
1.11294
1.10167
1.08988
1.07755
1.06475
1.05148
1.03768
1.02332
1.00838
0.992861
1882.49
1883.44
1883.91
1883.04
1880.75
1876.96
1871.58
1864.52
1855.75
1845.22
1832.95
1818.95
1803.26
1785.9
1766.93
1746.37
1724.26
1700.62
1675.52
1649.01
1621.3
1592.6
1561.67
1472.78
460.193
2.66767
1.20968
1.13078
1.1267
1.1173
1.10952
1.10294
1.09597
1.08831
1.08006
1.07135
1.06224
1.05267
1.04257
1.03196
1.02088
1.00935
0.997318
0.984715
0.971558
0.957862
1912.2
1913.07
1913.54
1912.76
1910.67
1907.18
1902.2
1895.66
1887.49
1877.68
1866.23
1853.16
1838.48
1822.24
1804.49
1785.25
1764.54
1742.42
1718.91
1694.1
1668.18
1641.34
1612.15
1488.69
400.496
2.31801
1.14446
1.07791
1.07093
1.0601
1.05187
1.04556
1.03945
1.03302
1.02623
1.01913
1.01169
1.00381
0.995412
0.986499
0.977125
0.9673
0.956974
0.946093
0.934668
0.922737
1943.14
1943.92
1944.38
1943.7
1941.8
1938.62
1934.04
1928
1920.44
1911.34
1900.7
1888.54
1874.87
1859.74
1843.19
1825.25
1805.95
1785.31
1763.39
1740.26
1716.12
1691.11
1663.64
1497.73
342.89
1.96779
1.07301
1.02155
1.01358
1.00206
0.993806
0.988015
0.982861
0.977713
0.972432
0.966963
0.961215
0.955048
0.948365
0.941164
0.933485
0.925338
0.916681
0.907476
0.897739
0.887512
1975.28
1975.98
1976.44
1975.84
1974.14
1971.24
1967.07
1961.53
1954.57
1946.17
1936.34
1925.08
1912.41
1898.37
1883.01
1866.35
1848.43
1829.27
1808.92
1787.46
1765.06
1741.84
1716.06
1499.11
288.004
1.65867
1.00266
0.963144
0.954268
0.942599
0.934809
0.929858
0.925883
0.922171
0.918495
0.914727
0.910721
0.90631
0.901384
0.895921
0.889946
0.883464
0.876449
0.868881
0.860789
0.852209
2008.6
2009.22
2009.66
2009.15
2007.63
2005.03
2001.24
1996.2
1989.84
1982.14
1973.1
1962.73
1951.06
1938.1
1923.92
1908.53
1891.97
1874.27
1855.47
1835.64
1814.96
1793.49
1769.38
1492.09
236.288
1.42913
0.933497
0.902172
0.892502
0.881272
0.874469
0.870762
0.868271
0.866219
0.864306
0.862347
0.860159
0.857565
0.854441
0.85075
0.846495
0.841678
0.836288
0.830327
0.82384
0.816864
2043.07
2043.59
2044.02
2043.6
2042.27
2039.95
2036.55
2031.99
2026.22
2019.21
2010.96
2001.48
1990.79
1978.91
1965.89
1951.76
1936.55
1920.29
1903.01
1884.79
1865.8
1846.06
1823.61
1475.66
188.289
1.23883
0.863423
0.837676
0.827688
0.817661
0.812467
0.810489
0.809852
0.809743
0.809798
0.809792
0.809525
0.808819
0.807549
0.805662
0.803145
0.799999
0.796227
0.791851
0.786934
0.78153
2078.64
2079.07
2079.49
2079.15
2078
2075.97
2072.96
2068.88
2063.69
2057.36
2049.9
2041.3
2031.57
2020.76
2008.9
1996.01
1982.13
1967.29
1951.52
1934.89
1917.57
1899.55
1878.75
1448.65
144.582
1.07193
0.790768
0.768674
0.759198
0.751373
0.748561
0.748877
0.750522
0.752675
0.754938
0.757059
0.758838
0.760107
0.760749
0.760698
0.759939
0.758472
0.756316
0.75351
0.750133
0.74627
2115.27
2115.61
2116.02
2115.77
2114.81
2113.06
2110.43
2106.83
2102.21
2096.56
2089.87
2082.14
2073.38
2063.63
2052.91
2041.25
2028.69
2015.25
2000.97
1985.92
1970.27
1953.94
1934.79
1410.23
105.717
0.912423
0.712319
0.693868
0.686386
0.68213
0.682654
0.685913
0.690298
0.695048
0.699765
0.704195
0.708153
0.71149
0.714101
0.715922
0.716939
0.717161
0.71662
0.715372
0.713511
0.711146
2152.93
2153.18
2153.58
2153.41
2152.65
2151.19
2148.93
2145.8
2141.76
2136.77
2130.83
2123.96
2116.16
2107.46
2097.88
2087.45
2076.19
2064.14
2051.34
2037.86
2023.87
2009.24
1991.75
1359.37
72.291
0.738496
0.622583
0.611919
0.608979
0.610019
0.614962
0.621838
0.629401
0.637049
0.644434
0.651328
0.657578
0.663063
0.667694
0.671418
0.674226
0.676142
0.677211
0.677506
0.677137
0.676226
2191.59
2191.75
2192.13
2192.06
2191.49
2190.32
2188.44
2185.78
2182.29
2177.95
2172.77
2166.74
2159.88
2152.22
2143.76
2134.54
2124.58
2113.92
2102.6
2090.7
2078.35
2065.41
2049.63
1294.74
44.9856
0.532775
0.516311
0.522734
0.527844
0.535851
0.546136
0.557166
0.568235
0.578992
0.589188
0.598651
0.60727
0.614956
0.621641
0.627287
0.631896
0.635502
0.638168
0.639983
0.641073
0.641578
2231.11
2231.21
2231.63
2231.68
2231.32
2230.44
2228.93
2226.73
2223.79
2220.1
2215.65
2210.45
2204.51
2197.86
2190.51
2182.5
2173.84
2164.57
2154.72
2144.37
2133.66
2122.42
2108.41
1215.55
24.2968
0.31665
0.397598
0.429962
0.445943
0.46148
0.477306
0.492638
0.507313
0.521246
0.534304
0.54638
0.557404
0.567317
0.576072
0.583645
0.59005
0.595333
0.599574
0.602876
0.605386
0.607264
2271.32
2271.35
2271.9
2272.17
2272.07
2271.51
2270.39
2268.64
2266.24
2263.18
2259.45
2255.06
2250.03
2244.37
2238.12
2231.3
2223.93
2216.04
2207.65
2198.84
2189.77
2180.23
2168.01
1121.48
10.1117
0.166381
0.289712
0.342958
0.368146
0.38949
0.409859
0.429056
0.447158
0.464181
0.48006
0.494736
0.508164
0.520305
0.531127
0.540616
0.548796
0.555732
0.561513
0.566264
0.57014
0.573352
2312.26
2312.17
2312.82
2313.38
2313.62
2313.42
2312.73
2311.46
2309.6
2307.16
2304.14
2300.55
2296.4
2291.73
2286.56
2280.91
2274.81
2268.28
2261.35
2254.1
2246.65
2238.82
2228.37
1009.98
2.67199
0.124829
0.219296
0.271091
0.297969
0.321511
0.344665
0.366942
0.388126
0.408082
0.426704
0.443935
0.45974
0.474084
0.486946
0.49832
0.508243
0.516789
0.524071
0.530219
0.53543
0.539917
2352.95
2353.4
2354.31
2355.21
2355.82
2356.03
2355.78
2355.01
2353.71
2351.89
2349.58
2346.79
2343.53
2339.83
2335.73
2331.23
2326.36
2321.16
2315.69
2309.98
2304.16
2298.1
2289.52
876.311
0.54527
0.135869
0.178945
0.211328
0.233333
0.256514
0.281297
0.306164
0.330236
0.353061
0.374403
0.394162
0.412299
0.428794
0.443638
0.456844
0.468462
0.478587
0.487326
0.494854
0.501392
0.507101
2390.76
2393.15
2395.04
2397.01
2398.28
2399.01
2399.23
2398.95
2398.22
2397.04
2395.44
2393.42
2391.03
2388.28
2385.21
2381.83
2378.18
2374.29
2370.21
2366
2361.84
2357.65
2351.29
723.359
0.408328
0.127421
0.134855
0.150372
0.16814
0.191567
0.218417
0.246168
0.273344
0.299181
0.32331
0.345584
0.365987
0.384544
0.401282
0.416244
0.429502
0.441166
0.451385
0.460305
0.468122
0.47513
2420.03
2429
2433.46
2437.32
2439.86
2441.43
2442.28
2442.58
2442.43
2441.9
2441.01
2439.78
2438.23
2436.41
2434.36
2432.1
2429.65
2427.06
2424.38
2421.66
2419.14
2416.96
2413.15
567.742
0.290464
0.0825347
0.0709414
0.0794939
0.0978631
0.124306
0.154937
0.186558
0.217398
0.246549
0.273591
0.298397
0.321004
0.34151
0.36002
0.376637
0.391474
0.404658
0.416324
0.426645
0.4358
0.44398
2016.93
2291.96
2439.16
2471.4
2477.95
2481.75
2483.95
2485.17
2485.81
2486.06
2485.97
2485.6
2484.98
2484.15
2483.16
2482.05
2480.85
2479.59
2478.3
2477.05
2476.13
2475.88
2474.27
433.171
0.17386
0.0119189
-0.0126519
-0.00410884
0.0207244
0.0539323
0.0906002
0.127399
0.162615
0.195413
0.225479
0.252806
0.27755
0.299912
0.32009
0.338263
0.354595
0.369229
0.382301
0.393953
0.404365
0.413698
415.06
818.226
1314.52
1787.65
2119.89
2314.16
2419.12
2470.14
2495.35
2507.38
2511.43
2512.32
2510.95
2507.35
2499.52
2489.3
2477.13
2463
2447.03
2428.66
2411.29
2409.76
2445.9
308.589
-0.0536006
-0.0957407
-0.118831
-0.101206
-0.0632275
-0.0187846
0.0262463
0.0694326
0.109598
0.146253
0.17936
0.20914
0.235915
0.260018
0.281752
0.301372
0.319088
0.335064
0.349431
0.362322
0.373872
0.384257
-1.33584
-0.729529
40.7097
209.1
440.953
694.793
925.618
1115.13
1249.64
1327.01
1363.82
1368.25
1348.71
1310.56
1259.72
1196.16
1127.83
1058.72
992.469
933.572
882.383
866.851
1072.68
149.387
-0.533095
-0.270931
-0.246797
-0.207935
-0.150055
-0.0909109
-0.0359057
0.014257
0.0594705
0.0998706
0.135833
0.167856
0.196461
0.222126
0.245258
0.266184
0.285146
0.302319
0.31784
0.331826
0.344401
0.355714
-1.1818
-1.06318
-1.15138
-1.22191
-1.35978
-1.42125
-1.42055
-1.40445
-1.39732
5.44268
10.4621
10.9015
7.91995
2.16618
-1.30622
-1.29467
-1.28409
-1.27489
-1.26782
-1.27017
-1.28196
-1.28151
-1.22973
22.9731
-0.817199
-0.477979
-0.38573
-0.309843
-0.229876
-0.156657
-0.0923222
-0.0358686
0.0137196
0.0572764
0.0956011
0.129465
0.159574
0.18654
0.210857
0.232901
0.252933
0.271133
0.287638
0.302565
0.316021
0.328152
-1.11902
-1.08901
-1.11866
-1.14134
-1.16961
-1.18787
-1.19556
-1.19831
-1.20119
-1.20921
-1.21269
-1.20278
-1.1827
-1.16359
-1.15489
-1.15211
-1.14889
-1.14623
-1.1457
-1.14845
-1.15403
-1.1617
-1.16925
-1.09054
-0.881516
-0.641551
-0.498533
-0.387609
-0.291811
-0.209563
-0.139221
-0.0786601
-0.0262044
0.0194236
0.059314
0.0944279
0.125602
0.153534
0.178769
0.201698
0.222587
0.241617
0.258923
0.274619
0.288809
0.301628
-1.07531
-1.06365
-1.07593
-1.0934
-1.11564
-1.13537
-1.14907
-1.15691
-1.15945
-1.15582
-1.15018
-1.14283
-1.13406
-1.12599
-1.11909
-1.11171
-1.10374
-1.09608
-1.08919
-1.08284
-1.07512
-1.06574
-1.0547
-1.01309
-0.845328
-0.671786
-0.536836
-0.424766
-0.328382
-0.245443
-0.174134
-0.112618
-0.0593623
-0.0130688
0.0274029
0.0630668
0.0947992
0.123316
0.149157
0.172705
0.194213
0.213855
0.231765
0.248055
0.262824
0.276202
-1.03674
-1.03276
-1.03794
-1.04744
-1.06171
-1.07656
-1.08839
-1.09588
-1.09888
-1.0975
-1.09323
-1.08675
-1.07845
-1.0691
-1.05916
-1.04861
-1.03756
-1.02618
-1.01439
-1.00103
-0.983853
-0.959919
-0.925849
-0.869256
-0.760248
-0.639703
-0.530965
-0.432368
-0.344041
-0.266009
-0.197615
-0.137875
-0.085727
-0.0401159
-2.12263e-05
0.0355043
0.0672863
0.0959903
0.122112
0.145994
0.16787
0.187902
0.206217
0.222925
0.238118
0.251925
-0.995476
-0.997479
-1.00093
-1.00562
-1.0128
-1.0206
-1.02701
-1.03085
-1.03174
-1.02982
-1.02548
-1.01891
-1.01034
-1.00035
-0.989424
-0.977751
-0.965223
-0.951478
-0.936055
-0.918026
-0.895303
-0.865469
-0.82505
-0.768088
-0.688329
-0.598245
-0.509251
-0.4246
-0.346298
-0.275348
-0.211918
-0.155669
-0.105982
-0.0620843
-0.0231397
0.0116631
0.0430374
0.0715542
0.0976353
0.121575
0.143575
0.163782
0.182311
0.199263
0.214728
0.228834
-0.950542
-0.955814
-0.960496
-0.964323
-0.968411
-0.972386
-0.975307
-0.976519
-0.975743
-0.972814
-0.967672
-0.960349
-0.951109
-0.940389
-0.928544
-0.915647
-0.901435
-0.885365
-0.866773
-0.844904
-0.818525
-0.785799
-0.744595
-0.692163
-0.627295
-0.555054
-0.481145
-0.40885
-0.340386
-0.27705
-0.219415
-0.167534
-0.1211
-0.0795785
-0.0423246
-0.00868961
0.0219
0.0499028
0.0756578
0.0994038
0.121307
0.14149
0.160051
0.177083
0.192674
0.206952
-0.903396
-0.909788
-0.9158
-0.920249
-0.923717
-0.926354
-0.92788
-0.928018
-0.92647
-0.922858
-0.916935
-0.90876
-0.89866
-0.887031
-0.874114
-0.859854
-0.843887
-0.825679
-0.804627
-0.780118
-0.75143
-0.717561
-0.677286
-0.629473
-0.574109
-0.513712
-0.451364
-0.389475
-0.329895
-0.273885
-0.222146
-0.174918
-0.132082
-0.0932826
-0.0580478
-0.0258882
0.00363132
0.0308593
0.0560538
0.0793961
0.101012
0.120994
0.139422
0.156379
0.171957
0.186291
-0.855821
-0.862257
-0.86882
-0.873794
-0.877298
-0.879593
-0.880673
-0.880351
-0.878248
-0.873949
-0.867282
-0.858419
-0.84771
-0.835449
-0.821718
-0.806347
-0.78897
-0.769154
-0.746502
-0.720632
-0.691149
-0.657554
-0.619264
-0.575851
-0.527589
-0.475871
-0.422506
-0.369156
-0.317256
-0.267886
-0.221718
-0.179042
-0.139835
-0.103871
-0.0708151
-0.0403162
-0.0120588
0.0142082
0.0386669
0.0614409
0.0826117
0.10224
0.120386
0.137126
0.152563
0.166849
-0.808945
-0.815081
-0.82164
-0.826749
-0.830313
-0.832547
-0.833413
-0.832655
-0.829887
-0.824854
-0.817589
-0.808343
-0.797388
-0.784845
-0.770633
-0.754502
-0.736167
-0.715392
-0.692011
-0.665871
-0.636795
-0.604546
-0.568851
-0.529576
-0.487006
-0.442005
-0.39573
-0.349356
-0.303962
-0.26042
-0.219297
-0.18086
-0.145128
-0.111956
-0.0811144
-0.0523568
-0.0254658
-0.000274414
0.0233291
0.0454106
0.0660077
0.085151
0.102884
0.119283
0.134467
0.14861
-0.763485
-0.769222
-0.775501
-0.78053
-0.784064
-0.786183
-0.786731
-0.785399
-0.781945
-0.776349
-0.768791
-0.759486
-0.748538
-0.735899
-0.721405
-0.704838
-0.686042
-0.664972
-0.641656
-0.616094
-0.588218
-0.557896
-0.524986
-0.489465
-0.451588
-0.411957
-0.371392
-0.330752
-0.290844
-0.252339
-0.215681
-0.181085
-0.148578
-0.11806
-0.0893746
-0.0623541
-0.0368605
-0.0128008
0.00987123
0.0311673
0.0510853
0.0696315
0.0868396
0.102794
0.117634
0.13155
-0.719829
-0.725179
-0.731068
-0.735881
-0.739222
-0.741019
-0.741066
-0.739148
-0.735225
-0.729421
-0.721905
-0.712753
-0.701902
-0.689218
-0.674568
-0.657863
-0.639095
-0.618347
-0.59574
-0.571333
-0.545087
-0.516901
-0.486694
-0.454497
-0.420551
-0.385327
-0.349452
-0.313581
-0.278314
-0.244144
-0.211399
-0.18023
-0.150653
-0.122594
-0.0959416
-0.0705925
-0.0464758
-0.0235651
-0.00187331
0.0185649
0.0377163
0.0555723
0.0721649
0.0875902
0.102013
0.115641
-0.678088
-0.683052
-0.68854
-0.693015
-0.695987
-0.69732
-0.696867
-0.694586
-0.690556
-0.684881
-0.677595
-0.668628
-0.657839
-0.645119
-0.630454
-0.61391
-0.595599
-0.575656
-0.554198
-0.531266
-0.506811
-0.480749
-0.453042
-0.423768
-0.393168
-0.361645
-0.329705
-0.297859
-0.266549
-0.236118
-0.206786
-0.178644
-0.151688
-0.125855
-0.101074
-0.0772956
-0.0545089
-0.0327465
-0.0120705
0.00745008
0.0257633
0.0428561
0.0587652
0.0736012
0.0875537
0.100849
-0.638181
-0.642764
-0.647841
-0.651889
-0.654419
-0.655338
-0.654616
-0.652309
-0.648463
-0.643045
-0.635955
-0.627067
-0.616283
-0.603602
-0.58914
-0.573079
-0.555582
-0.536769
-0.516699
-0.49536
-0.472688
-0.448627
-0.423186
-0.396491
-0.368795
-0.340458
-0.311894
-0.283501
-0.255598
-0.228401
-0.202036
-0.176541
-0.151892
-0.128043
-0.104959
-0.0826414
-0.0611337
-0.0405165
-0.0208869
-0.00233363
0.0150861
0.0313635
0.046545
0.0607549
0.0742028
0.087132
-0.599972
-0.60422
-0.608867
-0.612476
-0.614631
-0.615329
-0.614618
-0.612512
-0.608913
-0.603659
-0.596608
-0.5877
-0.576963
-0.56452
-0.550569
-0.535315
-0.518906
-0.5014
-0.482788
-0.463013
-0.44202
-0.419792
-0.3964
-0.372014
-0.346895
-0.321367
-0.295765
-0.270382
-0.245431
-0.221032
-0.197231
-0.174025
-0.151385
-0.129287
-0.107737
-0.0867833
-0.066514
-0.0470435
-0.0284874
-0.0109392
0.00554978
0.0209817
0.0354138
0.0489814
0.0619084
0.0744469
-0.563424
-0.567381
-0.571625
-0.574873
-0.57681
-0.577482
-0.576908
-0.574976
-0.571474
-0.566203
-0.559092
-0.55021
-0.539717
-0.527812
-0.51469
-0.500506
-0.485333
-0.469167
-0.451949
-0.433619
-0.414156
-0.393603
-0.372088
-0.349816
-0.327045
-0.304052
-0.28109
-0.258354
-0.235966
-0.213972
-0.192366
-0.171124
-0.150226
-0.129679
-0.10953
-0.0898672
-0.0708109
-0.052492
-0.0350291
-0.018508
-0.00296667
0.0116105
0.0252904
0.0382156
0.0506185
0.0627497
-0.528591
-0.532278
-0.536206
-0.539227
-0.541081
-0.541784
-0.541254
-0.539287
-0.535669
-0.530287
-0.52319
-0.514555
-0.504603
-0.493528
-0.48146
-0.468459
-0.454522
-0.4396
-0.423635
-0.406601
-0.388534
-0.369542
-0.349796
-0.329514
-0.308928
-0.288252
-0.267656
-0.247245
-0.227069
-0.207127
-0.18739
-0.167831
-0.148455
-0.129303
-0.110459
-0.0920395
-0.0741809
-0.0570158
-0.0406531
-0.0251627
-0.0105659
0.00316577
0.0161057
0.028399
0.0402821
0.0519993
-0.495449
-0.498898
-0.502605
-0.50549
-0.507285
-0.507921
-0.507232
-0.505034
-0.501224
-0.495826
-0.488982
-0.480897
-0.471761
-0.461694
-0.450734
-0.438864
-0.426034
-0.412194
-0.397328
-0.381473
-0.364728
-0.347244
-0.329214
-0.310837
-0.292298
-0.273739
-0.255248
-0.236864
-0.218584
-0.200384
-0.182238
-0.16414
-0.146121
-0.128254
-0.11065
-0.0934434
-0.0767694
-0.0607507
-0.0454788
-0.031004
-0.0173308
-0.00442044
0.00780287
0.019482
0.0308533
0.0421573
-0.463858
-0.467106
-0.470617
-0.473345
-0.474983
-0.475399
-0.474438
-0.472015
-0.468166
-0.463015
-0.45672
-0.44943
-0.441243
-0.432184
-0.422224
-0.411311
-0.399402
-0.38649
-0.372621
-0.357895
-0.342456
-0.326476
-0.310132
-0.293582
-0.276946
-0.260294
-0.243654
-0.227016
-0.210352
-0.193638
-0.176868
-0.160065
-0.143287
-0.126633
-0.11023
-0.0942102
-0.0787021
-0.0638094
-0.0496023
-0.0361114
-0.0233269
-0.011203
0.000334475
0.0114225
0.0222939
0.0331879
-0.433645
-0.436698
-0.439959
-0.44243
-0.443801
-0.443952
-0.442806
-0.440387
-0.436801
-0.432182
-0.426632
-0.420205
-0.412904
-0.404691
-0.39552
-0.385358
-0.374212
-0.362138
-0.349241
-0.335662
-0.321559
-0.307092
-0.292395
-0.277568
-0.262667
-0.247706
-0.232669
-0.217524
-0.202242
-0.186816
-0.171263
-0.15564
-0.140029
-0.124543
-0.109308
-0.0944505
-0.0800802
-0.0662798
-0.0530978
-0.040547
-0.0286064
-0.017227
-0.00633946
0.0041849
0.0145729
0.0250609
-0.404697
-0.40752
-0.410475
-0.412631
-0.413735
-0.413742
-0.412655
-0.410532
-0.407459
-0.403505
-0.398688
-0.392986
-0.386354
-0.378749
-0.370156
-0.3606
-0.35015
-0.338918
-0.327042
-0.314671
-0.301945
-0.28898
-0.275858
-0.262618
-0.249264
-0.235772
-0.222108
-0.20824
-0.194156
-0.179869
-0.165427
-0.15091
-0.136418
-0.122066
-0.107973
-0.0942478
-0.0809792
-0.0682275
-0.0560213
-0.0443587
-0.033211
-0.0225296
-0.012252
-0.00225997
0.0076647
0.0177522
-0.376944
-0.379508
-0.382161
-0.384066
-0.385043
-0.385118
-0.384312
-0.382644
-0.380126
-0.376745
-0.372463
-0.367234
-0.361026
-0.35384
-0.345719
-0.336748
-0.327045
-0.316744
-0.305984
-0.294887
-0.28355
-0.272036
-0.26037
-0.248546
-0.236534
-0.224297
-0.211804
-0.199038
-0.186011
-0.172762
-0.159363
-0.145908
-0.132505
-0.119264
-0.106286
-0.0936592
-0.0814501
-0.0696973
-0.0584121
-0.0475812
-0.037172
-0.0271388
-0.0174283
-0.00793425
0.00154961
0.0112422
-0.350309
-0.352636
-0.355067
-0.356859
-0.357883
-0.358171
-0.357705
-0.356436
-0.354309
-0.35127
-0.347277
-0.342313
-0.336398
-0.329593
-0.321992
-0.313716
-0.304894
-0.295651
-0.286091
-0.276292
-0.266297
-0.25612
-0.245744
-0.235136
-0.22426
-0.213083
-0.201592
-0.189795
-0.177728
-0.165456
-0.153064
-0.140651
-0.128322
-0.116171
-0.104282
-0.092718
-0.0815227
-0.0707154
-0.0602931
-0.0502349
-0.0405078
-0.0310719
-0.0218843
-0.0128535
-0.00378843
0.00551406
-0.32472
-0.326872
-0.329172
-0.330958
-0.332103
-0.332589
-0.332342
-0.331272
-0.329308
-0.326407
-0.322565
-0.317821
-0.312246
-0.305943
-0.299026
-0.291616
-0.283818
-0.275718
-0.267373
-0.258812
-0.250033
-0.241016
-0.231727
-0.222129
-0.212197
-0.201918
-0.191303
-0.180388
-0.169232
-0.157911
-0.146518
-0.135145
-0.123882
-0.112806
-0.101978
-0.0914376
-0.0812066
-0.0712878
-0.0616681
-0.052323
-0.0432222
-0.0343339
-0.0256276
-0.0170284
-0.00836385
0.000549937
-0.300111
-0.302143
-0.304354
-0.306137
-0.307332
-0.307868
-0.307647
-0.306587
-0.304645
-0.301825
-0.298174
-0.293768
-0.288708
-0.283098
-0.277042
-0.270624
-0.263908
-0.256933
-0.249711
-0.242234
-0.234477
-0.226407
-0.217996
-0.209223
-0.200083
-0.190591
-0.180783
-0.170716
-0.160461
-0.1501
-0.139716
-0.12939
-0.11919
-0.109171
-0.0993715
-0.0898093
-0.0804878
-0.0713973
-0.0625187
-0.0538281
-0.0453014
-0.036917
-0.0286575
-0.0204657
-0.0121914
-0.00367133
-0.276397
-0.278319
-0.280416
-0.282107
-0.283206
-0.283628
-0.283298
-0.282177
-0.280272
-0.27763
-0.274326
-0.270446
-0.26608
-0.261306
-0.256186
-0.250764
-0.245058
-0.239069
-0.232784
-0.226177
-0.219223
-0.211899
-0.204196
-0.196117
-0.187683
-0.178933
-0.169922
-0.160716
-0.151389
-0.142014
-0.132661
-0.123388
-0.11424
-0.105251
-0.0964358
-0.0877964
-0.0793226
-0.0709969
-0.0627992
-0.0547099
-0.0467137
-0.0388005
-0.0309658
-0.0231704
-0.0152875
-0.00717508
-0.25344
-0.255223
-0.257138
-0.258627
-0.25951
-0.259739
-0.259291
-0.258173
-0.256431
-0.254128
-0.251333
-0.248109
-0.244513
-0.24058
-0.236333
-0.231774
-0.226896
-0.221682
-0.216111
-0.210165
-0.203832
-0.197114
-0.190023
-0.182587
-0.174847
-0.166858
-0.158681
-0.150382
-0.142024
-0.133666
-0.125354
-0.117126
-0.109004
-0.100999
-0.0931102
-0.0853279
-0.0776345
-0.0700107
-0.0624392
-0.0549083
-0.0474126
-0.0399536
-0.0325392
-0.0251464
-0.0176709
-0.00998986
-0.231088
-0.232688
-0.234357
-0.235574
-0.236211
-0.236279
-0.235802
-0.234817
-0.233374
-0.231522
-0.2293
-0.226735
-0.223843
-0.220623
-0.217069
-0.213166
-0.208897
-0.204247
-0.199208
-0.193778
-0.187969
-0.181804
-0.175315
-0.168546
-0.161549
-0.154382
-0.1471
-0.139758
-0.132403
-0.12507
-0.117787
-0.110569
-0.10342
-0.0963351
-0.0893018
-0.0823037
-0.0753231
-0.0683438
-0.0613552
-0.0543546
-0.0473471
-0.0403446
-0.0333654
-0.0263999
-0.0193625
-0.0121461
-0.209261
-0.210653
-0.212048
-0.212991
-0.213432
-0.213429
-0.21303
-0.212271
-0.211181
-0.209776
-0.208062
-0.206032
-0.203672
-0.200963
-0.197889
-0.194436
-0.190597
-0.18637
-0.181765
-0.176802
-0.17151
-0.165926
-0.160095
-0.154064
-0.147883
-0.141603
-0.135266
-0.128908
-0.122555
-0.116225
-0.109925
-0.103654
-0.0974018
-0.0911554
-0.0848974
-0.0786108
-0.0722819
-0.0659018
-0.0594686
-0.0529884
-0.0464756
-0.0399509
-0.03344
-0.0269424
-0.0203854
-0.0136737
-0.188026
-0.189221
-0.190363
-0.191084
-0.191405
-0.191405
-0.191127
-0.190587
-0.189785
-0.188708
-0.187335
-0.185642
-0.183606
-0.181207
-0.178438
-0.175295
-0.171787
-0.167932
-0.163753
-0.159285
-0.154565
-0.149635
-0.144538
-0.139317
-0.13401
-0.128653
-0.12327
-0.117879
-0.112488
-0.107097
-0.101701
-0.0962881
-0.0908426
-0.0853472
-0.0797859
-0.0741464
-0.0684218
-0.062612
-0.0567241
-0.050772
-0.0447774
-0.0387668
-0.0327705
-0.0267915
-0.0207637
-0.0145995
-0.167576
-0.168617
-0.169569
-0.170139
-0.170391
-0.1704
-0.170192
-0.16976
-0.169086
-0.168145
-0.166908
-0.165353
-0.163462
-0.161229
-0.15866
-0.155768
-0.152574
-0.149107
-0.1454
-0.141488
-0.137409
-0.133198
-0.128889
-0.124512
-0.120089
-0.115639
-0.111168
-0.106679
-0.102167
-0.0976224
-0.0930307
-0.0883765
-0.0836433
-0.0788164
-0.0738847
-0.0688427
-0.0636919
-0.0584405
-0.0531032
-0.0477007
-0.0422588
-0.0368073
-0.0313771
-0.0259702
-0.0205212
-0.0149452
-0.148129
-0.149073
-0.14991
-0.150387
-0.150571
-0.150524
-0.150259
-0.149767
-0.149032
-0.148033
-0.146753
-0.145185
-0.143327
-0.141188
-0.138787
-0.136145
-0.133292
-0.130257
-0.127071
-0.123765
-0.120364
-0.116894
-0.113373
-0.109816
-0.10623
-0.102616
-0.0989701
-0.0952833
-0.0915427
-0.0877337
-0.0838406
-0.0798482
-0.0757435
-0.0715169
-0.0671643
-0.0626876
-0.0580957
-0.0534037
-0.0486326
-0.0438076
-0.0389567
-0.0341092
-0.0292935
-0.0245074
-0.0196812
-0.0147295
-0.129827
-0.130707
-0.131478
-0.131882
-0.131952
-0.131743
-0.131278
-0.130567
-0.129613
-0.12842
-0.126992
-0.125339
-0.123476
-0.121422
-0.1192
-0.116836
-0.114356
-0.111783
-0.109139
-0.106442
-0.103704
-0.100938
-0.0981462
-0.0953297
-0.0924832
-0.0895976
-0.0866607
-0.0836579
-0.0805737
-0.0773931
-0.074102
-0.0706892
-0.0671466
-0.0634709
-0.0596641
-0.0557346
-0.0516966
-0.0475708
-0.0433834
-0.0391618
-0.0349354
-0.0307295
-0.0265669
-0.0224386
-0.0182696
-0.0139718
-0.112529
-0.113394
-0.11414
-0.114463
-0.114349
-0.113873
-0.113098
-0.11207
-0.110826
-0.109395
-0.107803
-0.106072
-0.104227
-0.102289
-0.10028
-0.0982198
-0.0961253
-0.0940092
-0.0918806
-0.0897449
-0.0876032
-0.0854527
-0.0832868
-0.0810952
-0.0788654
-0.0765829
-0.074232
-0.0717971
-0.0692636
-0.0666184
-0.0638514
-0.0609558
-0.0579286
-0.0547712
-0.0514899
-0.0480965
-0.0446089
-0.0410512
-0.0374546
-0.0338544
-0.0302765
-0.0267386
-0.0232546
-0.0198075
-0.0163182
-0.0126973
-0.0956471
-0.0967248
-0.0975352
-0.0977804
-0.0974189
-0.0966037
-0.0954739
-0.0941243
-0.0926197
-0.0910065
-0.0893188
-0.087583
-0.085821
-0.0840508
-0.082287
-0.0805397
-0.0788148
-0.0771144
-0.0754372
-0.0737781
-0.072129
-0.0704787
-0.0688136
-0.067119
-0.0653792
-0.0635785
-0.0617016
-0.0597345
-0.057665
-0.0554837
-0.0531843
-0.0507637
-0.0482221
-0.0455628
-0.0427931
-0.0399251
-0.0369769
-0.0339757
-0.0309615
-0.0279824
-0.0250655
-0.0222121
-0.0194214
-0.0166675
-0.0138704
-0.0109438
-0.0792027
-0.0805194
-0.0813386
-0.0814323
-0.080738
-0.0795475
-0.0781006
-0.0765261
-0.074891
-0.0732347
-0.0715825
-0.0699528
-0.0683591
-0.0668109
-0.0653138
-0.0638692
-0.062475
-0.0611261
-0.0598146
-0.05853
-0.0572595
-0.0559887
-0.0547025
-0.0533858
-0.0520237
-0.0506023
-0.0491089
-0.0475322
-0.0458636
-0.044097
-0.042229
-0.0402583
-0.0381855
-0.0360127
-0.0337444
-0.0313885
-0.0289579
-0.0264784
-0.024005
-0.021627
-0.0193825
-0.0172289
-0.0151415
-0.0130865
-0.0109878
-0.008768
-0.0647199
-0.0659394
-0.0661556
-0.0654112
-0.0641148
-0.0625777
-0.0609688
-0.0593663
-0.0577992
-0.0562768
-0.0548041
-0.0533862
-0.0520274
-0.0507301
-0.0494938
-0.0483156
-0.0471899
-0.0461096
-0.0450651
-0.0440454
-0.0430381
-0.0420305
-0.0410098
-0.0399642
-0.0388821
-0.0377533
-0.0365686
-0.0353205
-0.0340035
-0.0326144
-0.0311511
-0.0296124
-0.027997
-0.0263032
-0.0245293
-0.0226731
-0.0207272
-0.0186809
-0.0165998
-0.0147668
-0.0132623
-0.011868
-0.0105115
-0.00916508
-0.00777134
-0.00626853
-0.0483888
-0.0581964
-0.0551792
-0.0504628
-0.0478054
-0.0461062
-0.0446354
-0.043258
-0.0419538
-0.0407054
-0.0395034
-0.0383465
-0.0372357
-0.036171
-0.0351509
-0.0341725
-0.0332313
-0.0323216
-0.0314366
-0.0305688
-0.0297102
-0.0288531
-0.02799
-0.027114
-0.0262189
-0.025299
-0.0243494
-0.0233666
-0.0223482
-0.0212927
-0.020199
-0.0190651
-0.0178872
-0.016658
-0.0153659
-0.0139868
-0.0124399
-0.010524
-0.00821955
-0.00671217
-0.00638269
-0.00604154
-0.00555621
-0.00498997
-0.00434512
-0.00359392
-0.00729682
-0.0656716
-0.046606
-0.0331861
-0.0286713
-0.0266118
-0.0251391
-0.0239505
-0.022934
-0.0220151
-0.0211558
-0.0203386
-0.0195549
-0.0187993
-0.0180678
-0.0173575
-0.0166657
-0.01599
-0.0153282
-0.0146785
-0.014039
-0.0134083
-0.0127852
-0.0121687
-0.0115578
-0.0109516
-0.0103495
-0.0097508
-0.00915518
-0.00856173
-0.00796836
-0.00737044
-0.00675837
-0.00611327
-0.00540094
-0.00455594
-0.00340082
-0.00145163
0.00165169
0.00217515
0.000647222
-0.000326248
-0.000797354
-0.00103588
-0.00113574
-0.00111865
0.654814
0.866049
1.00072
1.00947
1.0691
1.04235
1.06148
1.05306
1.27242
1.16275
1.12383
1.09814
1.31091
1.21707
1.16903
1.1347
1.31724
1.24439
1.19497
1.15538
1.31587
1.25466
1.20578
1.16458
1.30581
1.25254
1.20631
1.16579
1.28959
1.24262
1.19981
1.16097
1.26964
1.22758
1.18811
1.15137
1.24705
1.20886
1.17241
1.13792
1.22198
1.18735
1.15361
1.12139
1.19508
1.16345
1.13236
1.10236
1.16653
1.13771
1.10913
1.0813
1.13679
1.11053
1.0843
1.05858
1.10612
1.08219
1.05819
1.03451
1.07469
1.05293
1.03102
1.00933
1.04261
1.02291
1.00302
0.98324
1.01004
0.992308
0.974345
0.956421
0.977111
0.961252
0.94514
0.929005
0.943919
0.92985
0.915509
0.901096
0.910533
0.898176
0.885534
0.872776
0.876989
0.86628
0.855274
0.844114
0.843318
0.834207
0.824782
0.815167
0.80956
0.802002
0.79411
0.785991
0.775769
0.769719
0.763314
0.756644
0.742008
0.737418
0.732453
0.727187
0.708342
0.705165
0.70159
0.697683
0.674833
0.673022
0.670791
0.668199
0.641548
0.641056
0.640124
0.638802
0.608552
0.609332
0.609655
0.609561
0.575906
0.577916
0.57945
0.580542
0.543705
0.546889
0.549587
0.551815
0.512089
0.516404
0.520192
0.523491
0.481221
0.486595
0.491408
0.49568
0.451187
0.457552
0.463286
0.468448
0.421921
0.429197
0.435801
0.441782
0.393403
0.401532
0.40894
0.415685
0.365704
0.374604
0.382746
0.390191
0.338884
0.348471
0.357271
0.365353
0.313
0.323187
0.332573
0.341228
0.288107
0.298807
0.308702
0.317867
0.264255
0.275379
0.285709
0.295318
0.241484
0.252944
0.263634
0.273624
0.21982
0.231534
0.242513
0.252818
0.199281
0.21117
0.22237
0.23293
0.179874
0.191867
0.203223
0.213977
0.161596
0.173627
0.185079
0.19597
0.144432
0.156446
0.16794
0.178912
0.128364
0.14031
0.151795
0.162796
0.113366
0.1252
0.136629
0.147612
0.0994088
0.111091
0.122423
0.133343
0.0864557
0.0979537
0.10915
0.119967
0.074469
0.0857549
0.0967829
0.107462
0.0634115
0.0744619
0.085294
0.0958031
0.0532487
0.0640439
0.0746559
0.0849681
0.0439492
0.054473
0.0648434
0.0749337
0.0354859
0.045724
0.0558328
0.0656769
0.0278355
0.0377738
0.0476007
0.0571738
0.0209775
0.0305998
0.0401223
0.0493984
0.0148913
0.024178
0.0333709
0.0423214
0.00955454
0.0184818
0.0273164
0.0359111
0.00494095
0.0134806
0.0219258
0.0301333
0.00101961
0.00914054
0.0171639
0.0249531
-0.00224315
0.00542623
0.0129955
0.0203369
-0.00488099
0.00230416
0.00938888
0.0162552
-0.00692492
-0.000255091
0.00631714
0.0126839
-0.00840108
-0.0022753
0.0037593
0.00960431
-0.00932972
-0.00377433
0.00169966
0.00700239
-0.00972674
-0.00476627
0.000125238
0.00486555
-0.00960799
-0.00526596
-0.000978777
0.00317846
-0.00899569
-0.00529535
-0.00163495
0.00191758
-0.00792564
-0.00489017
-0.0018795
0.00104626
-0.0064524
-0.0041038
-0.0017646
0.000513823
-0.0046711
-0.00302797
-0.00137866
0.000234595
-0.00274878
-0.00183817
-0.000901814
2.75438e-05
-0.00100541
-0.000817138
-0.000586379
-0.000330599
0.929848
0.983039
1.00217
0.984202
0.966134
0.950261
0.934638
0.919625
0.905354
0.891705
0.878556
0.865829
0.853501
0.841593
0.830154
0.819229
0.80884
0.798982
0.789624
0.780728
0.772262
0.764208
0.756561
0.749331
0.742535
0.736192
0.730321
0.72494
0.720063
0.7157
0.711858
0.708543
0.70576
0.703513
0.70181
0.700659
0.700076
0.700121
0.700881
0.701928
1.01367
1.01844
1.01955
0.999437
0.977795
0.958446
0.940306
0.923425
0.907738
0.893008
0.879024
0.865645
0.852801
0.840487
0.828733
0.817573
0.807017
0.797044
0.787613
0.778673
0.770181
0.76211
0.754449
0.747204
0.740389
0.734023
0.728128
0.722724
0.717824
0.713443
0.709588
0.706269
0.703491
0.701261
0.699586
0.698476
0.697941
0.698031
0.698807
0.699841
1.06563
1.04868
1.03496
1.01176
0.987552
0.965474
0.945185
0.926624
0.909615
0.893851
0.87906
0.865043
0.851693
0.83898
0.826919
0.815531
0.804812
0.794731
0.785232
0.776254
0.767742
0.759661
0.751993
0.744738
0.73791
0.731529
0.725616
0.720193
0.715278
0.710884
0.707024
0.703707
0.700941
0.698733
0.697091
0.696021
0.69553
0.695655
0.696438
0.697454
1.09828
1.07051
1.04735
1.02103
0.994831
0.970765
0.948806
0.928864
0.910721
0.894044
0.87852
0.863914
0.850094
0.83701
0.824664
0.813063
0.802196
0.792018
0.782462
0.773455
0.764932
0.756849
0.749182
0.741926
0.735094
0.728705
0.722782
0.717348
0.712423
0.708025
0.704166
0.700858
0.69811
0.695928
0.694321
0.693291
0.692839
0.692993
0.693776
0.694772
1.11678
1.08401
1.05561
1.027
0.999402
0.973995
0.950848
0.929872
0.910839
0.893415
0.877272
0.862159
0.847927
0.834518
0.821922
0.810139
0.799145
0.788888
0.779288
0.770264
0.761742
0.753667
0.74601
0.738764
0.731937
0.725548
0.719624
0.714188
0.709263
0.704867
0.701017
0.697725
0.694999
0.692848
0.691277
0.690285
0.689868
0.690044
0.690823
0.691797
1.12553
1.09064
1.05955
1.0296
1.0012
0.97502
0.951137
0.929475
0.909814
0.891832
0.875208
0.85969
0.845125
0.831451
0.818654
0.806726
0.795636
0.785321
0.775697
0.766671
0.758162
0.750108
0.742473
0.735246
0.728435
0.722058
0.716142
0.710713
0.705797
0.701413
0.69758
0.694309
0.691611
0.689494
0.687959
0.687003
0.686617
0.68681
0.687581
0.688534
1.12725
1.09173
1.05952
1.02901
1.00033
0.973843
0.949616
0.927585
0.907546
0.889201
0.872245
0.856437
0.841631
0.827766
0.814826
0.802798
0.791647
0.781304
0.771676
0.762667
0.754185
0.746165
0.738565
0.73137
0.724586
0.718232
0.712336
0.706926
0.702028
0.697665
0.693855
0.690613
0.687948
0.685866
0.684367
0.683446
0.683087
0.683292
0.684054
0.684985
1.12355
1.08835
1.05599
1.02552
0.996974
0.970545
0.946297
0.924174
0.903987
0.885464
0.868326
0.852351
0.837403
0.823428
0.81041
0.798335
0.787162
0.776822
0.767216
0.758243
0.749806
0.741835
0.734283
0.727133
0.720389
0.71407
0.708206
0.702825
0.697956
0.693623
0.689845
0.686637
0.684009
0.681965
0.680503
0.679613
0.679278
0.679493
0.680244
0.681154
1.1155
1.08122
1.04938
1.0194
0.991309
0.96524
0.941241
0.919259
0.899126
0.880597
0.863422
0.8474
0.832413
0.818412
0.805385
0.793317
0.782168
0.771864
0.762308
0.753392
0.745019
0.737112
0.729623
0.722532
0.715842
0.709572
0.703752
0.698413
0.693584
0.68929
0.685552
0.682384
0.679796
0.677791
0.676366
0.675507
0.675192
0.675415
0.676153
0.677042
1.10387
1.07093
1.04004
1.01089
0.983529
0.958063
0.93453
0.912886
0.892981
0.874601
0.857522
0.841571
0.826644
0.812703
0.799737
0.787733
0.776654
0.766424
0.756946
0.748111
0.739821
0.731995
0.724584
0.717566
0.710944
0.704737
0.698975
0.69369
0.688911
0.684666
0.680976
0.677854
0.67531
0.673346
0.671956
0.671126
0.67083
0.671058
0.671784
0.672653
1.0893
1.05793
1.0283
1.00024
0.973824
0.949154
0.926265
0.905121
0.885593
0.867496
0.850636
0.834864
0.820094
0.806293
0.793457
0.781576
0.770612
0.760494
0.751124
0.742395
0.734207
0.72648
0.719164
0.712235
0.705695
0.699566
0.693875
0.688656
0.68394
0.679753
0.676117
0.673047
0.67055
0.668628
0.667275
0.666472
0.666194
0.666425
0.667138
0.667987
1.07229
1.04265
1.01447
0.987679
0.962379
0.938657
0.916553
0.89604
0.877014
0.859317
0.842785
0.827292
0.812765
0.799183
0.786544
0.774842
0.76404
0.754071
0.74484
0.736241
0.728176
0.720566
0.713361
0.706537
0.700096
0.694057
0.688452
0.683312
0.678669
0.67455
0.670977
0.667963
0.665517
0.663639
0.662322
0.661546
0.661283
0.661517
0.662216
0.663046
1.05325
1.02543
0.998832
0.973438
0.94937
0.92671
0.9055
0.885726
0.867306
0.850109
0.834
0.818874
0.804672
0.79138
0.779001
0.767531
0.756937
0.747154
0.738091
0.729647
0.721727
0.714253
0.707175
0.700472
0.694144
0.688212
0.682706
0.677658
0.673099
0.669057
0.665553
0.662601
0.66021
0.658378
0.657097
0.656348
0.6561
0.656335
0.65702
0.65783
1.03254
1.00657
0.981627
0.957717
0.934963
0.913447
0.893214
0.874264
0.856535
0.839924
0.824321
0.809638
0.795833
0.782897
0.770836
0.759648
0.749304
0.739743
0.730878
0.722614
0.714859
0.707539
0.700606
0.69404
0.687842
0.682031
0.676638
0.671693
0.66723
0.663274
0.659847
0.656963
0.654629
0.652844
0.651601
0.650878
0.650644
0.65088
0.65155
0.652341
1.01044
0.986334
0.96308
0.940697
0.919309
0.898992
0.879798
0.861738
0.844771
0.828817
0.813788
0.799618
0.786272
0.77375
0.76206
0.751201
0.741147
0.731841
0.723203
0.715142
0.707573
0.700426
0.693656
0.687242
0.681188
0.675514
0.670247
0.665419
0.661061
0.6572
0.653857
0.651046
0.648773
0.647039
0.645834
0.645137
0.644917
0.645152
0.645809
0.646579
0.987191
0.96494
0.94338
0.922542
0.902544
0.883462
0.865351
0.848232
0.832082
0.816843
0.802448
0.788847
0.776017
0.76396
0.752687
0.742198
0.732471
0.723452
0.715068
0.707235
0.699872
0.692916
0.686324
0.68008
0.674186
0.668661
0.663534
0.658834
0.654593
0.650836
0.647584
0.644851
0.642644
0.640963
0.639798
0.639127
0.63892
0.639155
0.639796
0.640546
0.962999
0.942568
0.922688
0.903392
0.884792
0.866963
0.849964
0.833824
0.818535
0.804059
0.790348
0.777365
0.765096
0.753549
0.742735
0.732654
0.723287
0.714585
0.70648
0.698895
0.691758
0.68501
0.678614
0.672555
0.666835
0.661475
0.6565
0.651941
0.647826
0.644182
0.641028
0.638379
0.636241
0.634615
0.633491
0.632848
0.632654
0.632888
0.633514
0.634244
0.93802
0.919368
0.90114
0.88337
0.866163
0.849595
0.833725
0.81859
0.804196
0.790521
0.777534
0.76521
0.753544
0.742544
0.732223
0.722584
0.713606
0.705246
0.697443
0.690128
0.683236
0.676714
0.67053
0.664671
0.65914
0.653957
0.649147
0.644739
0.640761
0.637238
0.634189
0.631629
0.629566
0.627998
0.626917
0.626302
0.626121
0.626354
0.626964
0.627673
0.912383
0.895462
0.87885
0.862581
0.846755
0.831445
0.816713
0.802602
0.789129
0.776285
0.764054
0.752423
0.741392
0.730971
0.721175
0.712003
0.70344
0.695446
0.687967
0.680941
0.674312
0.668033
0.662077
0.656432
0.651104
0.646112
0.641478
0.637232
0.6334
0.630006
0.627069
0.624604
0.622619
0.621113
0.620077
0.61949
0.619324
0.619555
0.620148
0.620836
0.886192
0.870951
0.855915
0.841118
0.826654
0.812595
0.799004
0.785928
0.773394
0.761405
0.749957
0.739045
0.728675
0.71886
0.709612
0.700932
0.692805
0.685197
0.67806
0.671343
0.664993
0.658974
0.65326
0.647844
0.642732
0.637942
0.633497
0.629422
0.625745
0.622488
0.61967
0.617306
0.615402
0.613961
0.612972
0.612416
0.612263
0.612493
0.613069
0.613736
0.859531
0.845919
0.832418
0.819062
0.805938
0.793119
0.780666
0.768632
0.75705
0.745934
0.735289
0.725117
0.71543
0.70624
0.697559
0.689389
0.681716
0.674512
0.667736
0.661343
0.65529
0.649545
0.644088
0.638914
0.634031
0.629454
0.625207
0.621314
0.6178
0.614687
0.611994
0.609735
0.607919
0.606545
0.605605
0.605081
0.604943
0.605171
0.60573
0.606374
0.832472
0.820438
0.808432
0.796485
0.784679
0.773086
0.761767
0.750777
0.740156
0.729925
0.720096
0.710681
0.701691
0.693141
0.685042
0.677396
0.670193
0.663409
0.657008
0.650954
0.645212
0.639756
0.634569
0.629651
0.625007
0.620655
0.616615
0.612912
0.609569
0.606608
0.604046
0.601897
0.600171
0.598868
0.59798
0.597488
0.597365
0.597592
0.598133
0.598754
0.805077
0.794575
0.784025
0.773455
0.762945
0.752563
0.74237
0.732424
0.722767
0.713428
0.704425
0.695775
0.687493
0.679593
0.672086
0.664976
0.658255
0.651902
0.645891
0.640191
0.634773
0.629619
0.624715
0.620062
0.615669
0.611551
0.607728
0.604222
0.601057
0.598253
0.595828
0.593795
0.592163
0.590934
0.590099
0.589641
0.589534
0.589759
0.590283
0.590881
0.777405
0.768392
0.759261
0.750039
0.740802
0.731614
0.722537
0.71363
0.704937
0.696492
0.688321
0.680441
0.672871
0.665626
0.658719
0.652153
0.645923
0.640013
0.634403
0.629068
0.623988
0.619146
0.614537
0.61016
0.606026
0.60215
0.598552
0.595251
0.59227
0.589629
0.587345
0.585433
0.583899
0.582746
0.581967
0.581544
0.581453
0.581677
0.582182
0.582756
0.749517
0.741952
0.734203
0.7263
0.718312
0.710302
0.702329
0.694452
0.686719
0.679167
0.671825
0.664716
0.657859
0.651273
0.644968
0.638951
0.633219
0.627761
0.622562
0.617603
0.61287
0.608353
0.604047
0.599956
0.59609
0.592463
0.589095
0.586005
0.583215
0.580742
0.578605
0.576816
0.575384
0.57431
0.573587
0.573201
0.573127
0.57335
0.573836
0.574386
0.721475
0.715317
0.708917
0.702304
0.695541
0.688688
0.681804
0.674946
0.668164
0.661498
0.654981
0.648638
0.642493
0.636563
0.630862
0.625397
0.620168
0.615168
0.610388
0.605815
0.601439
0.597254
0.59326
0.589462
0.58587
0.582499
0.579367
0.576494
0.573898
0.571599
0.569612
0.567951
0.566622
0.565629
0.564966
0.564617
0.564561
0.564782
0.56525
0.565774
0.693343
0.688554
0.683468
0.678115
0.672551
0.666834
0.66102
0.655165
0.649321
0.64353
0.637828
0.632245
0.626805
0.621528
0.616429
0.611517
0.606794
0.602258
0.597904
0.593723
0.589711
0.585866
0.582191
0.578691
0.575379
0.572269
0.569379
0.566726
0.56433
0.562207
0.560374
0.558843
0.557621
0.556711
0.556108
0.555798
0.55576
0.555979
0.556427
0.556926
0.665189
0.661729
0.657922
0.653796
0.649404
0.644797
0.640031
0.635159
0.630236
0.625305
0.620406
0.615572
0.61083
0.6062
0.6017
0.59734
0.593125
0.589056
0.585131
0.581348
0.577706
0.574206
0.570854
0.567658
0.56463
0.561785
0.55914
0.556712
0.554518
0.552575
0.550899
0.5495
0.548387
0.547562
0.54702
0.546749
0.546729
0.546947
0.547375
0.547848
0.63708
0.634908
0.632344
0.629412
0.626159
0.622634
0.618889
0.614978
0.610954
0.606865
0.602754
0.598656
0.594601
0.590611
0.586705
0.582894
0.579186
0.575585
0.572093
0.568711
0.565443
0.562292
0.559267
0.556378
0.553637
0.55106
0.548662
0.546461
0.544472
0.542712
0.541195
0.53993
0.538927
0.538188
0.537709
0.537477
0.537476
0.537692
0.5381
0.538546
0.609084
0.608158
0.606796
0.605022
0.602874
0.600398
0.597644
0.594666
0.591518
0.588251
0.58491
0.581534
0.578153
0.574794
0.571475
0.56821
0.565007
0.561874
0.558815
0.555836
0.552943
0.550143
0.547447
0.544866
0.542414
0.540106
0.537958
0.535985
0.534203
0.532627
0.53127
0.530141
0.52925
0.528598
0.528181
0.52799
0.528007
0.52822
0.528608
0.529026
0.581264
0.581542
0.581341
0.580683
0.579603
0.57814
0.576344
0.574268
0.571969
0.569501
0.56691
0.564239
0.561521
0.558782
0.556043
0.553317
0.550615
0.547947
0.545321
0.542744
0.540225
0.537777
0.535409
0.533137
0.530975
0.528937
0.527039
0.525295
0.523721
0.522329
0.521133
0.520142
0.519363
0.518799
0.518446
0.518295
0.518329
0.51854
0.518906
0.519297
0.55369
0.55512
0.556033
0.556446
0.55639
0.555901
0.555027
0.553822
0.552344
0.550651
0.54879
0.546807
0.544737
0.542606
0.540435
0.538242
0.536036
0.533829
0.531631
0.529454
0.527309
0.52521
0.523171
0.521207
0.519334
0.517565
0.515917
0.514402
0.513035
0.511828
0.510794
0.50994
0.509274
0.508798
0.50851
0.508399
0.508451
0.508659
0.509003
0.509366
0.526446
0.52896
0.530919
0.532344
0.53326
0.5337
0.533711
0.533347
0.532665
0.531724
0.530576
0.529264
0.527825
0.526287
0.524674
0.523002
0.521285
0.519534
0.517761
0.515979
0.514205
0.512454
0.510743
0.509087
0.507502
0.506003
0.504603
0.503317
0.502156
0.501133
0.500259
0.499542
0.498989
0.498602
0.498377
0.498307
0.498378
0.498582
0.498904
0.499239
0.499622
0.503123
0.506042
0.508403
0.510229
0.51155
0.51241
0.512859
0.512953
0.512745
0.512289
0.51163
0.510807
0.509849
0.508778
0.507613
0.50637
0.505065
0.503713
0.502327
0.500926
0.499525
0.498141
0.496793
0.495495
0.494262
0.49311
0.49205
0.491094
0.490254
0.489539
0.488958
0.488516
0.488216
0.488054
0.488024
0.488113
0.488316
0.488618
0.488926
0.473275
0.477668
0.481456
0.484676
0.487347
0.489499
0.491169
0.492401
0.493245
0.493752
0.493971
0.493947
0.49372
0.493321
0.492776
0.492105
0.491327
0.490459
0.489518
0.488522
0.487488
0.486434
0.485378
0.484336
0.483326
0.48236
0.481453
0.480617
0.479863
0.479202
0.478644
0.478197
0.477864
0.47765
0.47755
0.477559
0.477667
0.477868
0.478151
0.478433
0.447424
0.452632
0.457222
0.461238
0.464701
0.467636
0.470075
0.472054
0.473617
0.474809
0.475677
0.476265
0.476613
0.476754
0.476716
0.476523
0.476196
0.475754
0.475216
0.474601
0.473928
0.473216
0.472482
0.471743
0.471016
0.470313
0.469647
0.469032
0.468477
0.467993
0.46759
0.467273
0.467048
0.466917
0.466879
0.466927
0.467053
0.467252
0.467515
0.46777
0.422086
0.428057
0.433399
0.438163
0.44237
0.446042
0.449205
0.45189
0.454132
0.455974
0.45746
0.458633
0.459531
0.460191
0.460642
0.460911
0.46102
0.460991
0.460844
0.4606
0.460279
0.4599
0.45948
0.459037
0.458585
0.458139
0.457711
0.457311
0.456952
0.456642
0.456389
0.456201
0.456081
0.456033
0.456053
0.456139
0.456282
0.456479
0.456722
0.45695
0.397297
0.403984
0.410034
0.415503
0.42041
0.424774
0.428615
0.431959
0.43484
0.437294
0.439363
0.44109
0.442513
0.443669
0.444589
0.445301
0.44583
0.446199
0.446431
0.446546
0.446565
0.446508
0.446393
0.446237
0.446054
0.445858
0.44566
0.445471
0.445302
0.445161
0.445056
0.444992
0.444975
0.445006
0.445085
0.445207
0.445367
0.445562
0.445784
0.445986
0.373108
0.380459
0.387169
0.393298
0.39886
0.403871
0.408345
0.412305
0.415781
0.418807
0.421424
0.423673
0.425593
0.42722
0.428588
0.429724
0.430655
0.431406
0.432001
0.432461
0.432808
0.433062
0.433241
0.433362
0.433439
0.433485
0.43351
0.433526
0.433542
0.433565
0.433602
0.433659
0.433741
0.433849
0.433984
0.434141
0.434317
0.434508
0.434711
0.434887
0.349572
0.357532
0.364852
0.37159
0.377759
0.383368
0.388429
0.392962
0.396991
0.40055
0.403679
0.406417
0.408804
0.410877
0.412667
0.414206
0.41552
0.416636
0.417577
0.418367
0.419029
0.419582
0.420044
0.420431
0.420758
0.421037
0.421278
0.421491
0.421684
0.421864
0.422039
0.422213
0.42239
0.422573
0.422761
0.422952
0.423142
0.423331
0.423513
0.423663
0.326742
0.335255
0.343129
0.350424
0.357147
0.363304
0.368903
0.37396
0.378501
0.382555
0.386159
0.389354
0.392179
0.394669
0.396857
0.398775
0.400452
0.401912
0.403183
0.404288
0.405249
0.406087
0.406819
0.407461
0.408027
0.408529
0.408976
0.409378
0.409742
0.410074
0.41038
0.410666
0.410934
0.411188
0.411427
0.41165
0.411854
0.412039
0.412202
0.412327
0.304664
0.313671
0.322045
0.329842
0.337065
0.343715
0.349801
0.355336
0.360342
0.364849
0.368894
0.372512
0.375743
0.378623
0.381184
0.383458
0.385474
0.38726
0.388842
0.390245
0.39149
0.392597
0.393586
0.39447
0.395264
0.395978
0.396621
0.397203
0.397728
0.398205
0.398636
0.399028
0.399384
0.399705
0.399993
0.400246
0.400463
0.400644
0.400787
0.400888
0.283379
0.292821
0.301637
0.309879
0.317546
0.324637
0.331157
0.33712
0.342547
0.347466
0.35191
0.355917
0.359524
0.362764
0.365671
0.368277
0.370611
0.372702
0.374575
0.376257
0.377769
0.379132
0.380362
0.381474
0.382483
0.383397
0.384227
0.384978
0.385658
0.38627
0.386821
0.387314
0.387752
0.388137
0.38847
0.388751
0.38898
0.389155
0.38928
0.389358
0.262922
0.272739
0.281937
0.290566
0.29862
0.306097
0.313001
0.319344
0.325146
0.330433
0.335239
0.339598
0.343546
0.347116
0.350341
0.353253
0.355882
0.358256
0.360402
0.362345
0.364107
0.365707
0.367164
0.368491
0.369701
0.370804
0.371807
0.372719
0.373542
0.374283
0.374946
0.375533
0.376048
0.376493
0.376869
0.377176
0.377414
0.377585
0.37769
0.377749
0.24332
0.25345
0.262971
0.271929
0.280314
0.288123
0.295359
0.302033
0.308165
0.313779
0.318906
0.32358
0.327835
0.331704
0.335218
0.338409
0.341307
0.343942
0.346339
0.348524
0.350518
0.35234
0.354007
0.355534
0.356932
0.358211
0.359377
0.360437
0.361395
0.362256
0.363022
0.363698
0.364285
0.364785
0.3652
0.36553
0.365778
0.365943
0.366031
0.36607
0.224594
0.234975
0.244759
0.253987
0.262647
0.270735
0.278252
0.28521
0.291626
0.297525
0.302935
0.307887
0.312414
0.316549
0.320322
0.323765
0.326907
0.329779
0.332405
0.334811
0.337018
0.339045
0.340907
0.342619
0.344191
0.345632
0.346949
0.348146
0.349229
0.3502
0.351062
0.351819
0.352472
0.353023
0.353474
0.353826
0.354081
0.354241
0.354311
0.35433
0.206754
0.217327
0.227314
0.236755
0.245636
0.25395
0.2617
0.268895
0.275552
0.281693
0.287346
0.292539
0.297303
0.301671
0.305673
0.309339
0.3127
0.315784
0.318617
0.321224
0.323624
0.325837
0.327877
0.329758
0.331489
0.333079
0.334534
0.335857
0.337053
0.338125
0.339076
0.339906
0.34062
0.341218
0.341701
0.342072
0.342334
0.342488
0.342542
0.342541
0.189806
0.200511
0.210645
0.220243
0.229292
0.237782
0.245716
0.253103
0.259957
0.2663
0.272156
0.277552
0.28252
0.287088
0.291287
0.295149
0.298701
0.301973
0.304991
0.307777
0.310351
0.312732
0.314932
0.316966
0.318841
0.320566
0.322144
0.323582
0.32488
0.326043
0.327073
0.327971
0.328739
0.329379
0.329891
0.33028
0.330547
0.330695
0.330734
0.330713
0.173746
0.184527
0.194753
0.204456
0.213622
0.22224
0.230313
0.237847
0.244856
0.251359
0.257379
0.262942
0.268077
0.272813
0.27718
0.281208
0.284927
0.288362
0.291541
0.294485
0.297214
0.299743
0.302086
0.304256
0.306259
0.308103
0.309792
0.311331
0.312721
0.313965
0.315065
0.316023
0.31684
0.317517
0.318055
0.318458
0.31873
0.318872
0.318895
0.318856
0.158567
0.16937
0.179637
0.189396
0.198631
0.207331
0.215497
0.223135
0.230257
0.23688
0.243026
0.248719
0.253987
0.258859
0.263364
0.267531
0.271389
0.274964
0.278282
0.281362
0.284224
0.286883
0.289351
0.291639
0.293754
0.295703
0.297488
0.299115
0.300585
0.301901
0.303063
0.304073
0.304932
0.305641
0.306202
0.306617
0.306892
0.307028
0.307037
0.30698
0.144254
0.155032
0.165291
0.175059
0.184318
0.193056
0.201273
0.208973
0.216167
0.222871
0.229104
0.234892
0.240259
0.245235
0.249848
0.254127
0.258099
0.26179
0.265224
0.268419
0.271394
0.274163
0.276738
0.279127
0.281337
0.283375
0.285243
0.286945
0.288484
0.28986
0.291075
0.29213
0.293025
0.293761
0.29434
0.294766
0.295042
0.295173
0.295168
0.295095
0.130793
0.141501
0.151708
0.161442
0.170681
0.179415
0.18764
0.195362
0.202588
0.209334
0.215619
0.221465
0.2269
0.23195
0.236643
0.241007
0.245068
0.248851
0.252377
0.255667
0.258735
0.261594
0.264256
0.266728
0.269017
0.271129
0.273066
0.274831
0.276426
0.277853
0.279112
0.280203
0.281128
0.281886
0.28248
0.282913
0.283189
0.283314
0.283296
0.283208
0.118163
0.128761
0.138876
0.148534
0.157714
0.166403
0.174597
0.1823
0.18952
0.196271
0.202572
0.208444
0.213914
0.219008
0.223753
0.228176
0.232302
0.236154
0.239752
0.243113
0.246253
0.249184
0.251914
0.254452
0.256804
0.258974
0.260965
0.26278
0.26442
0.265887
0.26718
0.268301
0.269248
0.270023
0.270628
0.271065
0.271341
0.271459
0.27143
0.271328
0.106347
0.116797
0.126782
0.136326
0.145408
0.154012
0.162136
0.169783
0.17696
0.18368
0.189963
0.195829
0.201304
0.206414
0.211185
0.215642
0.219809
0.223706
0.227353
0.230765
0.233957
0.236939
0.23972
0.242307
0.244704
0.246917
0.248949
0.2508
0.252474
0.25397
0.255289
0.25643
0.257394
0.25818
0.258792
0.259231
0.259505
0.259616
0.259576
0.259461
0.0953226
0.105591
0.115411
0.124804
0.133749
0.142232
0.150248
0.157802
0.1649
0.171557
0.177789
0.183619
0.189071
0.19417
0.198941
0.203408
0.207591
0.211511
0.215186
0.218629
0.221853
0.224867
0.22768
0.230297
0.232725
0.234965
0.237023
0.238899
0.240594
0.242109
0.243444
0.244598
0.245571
0.246363
0.246977
0.247417
0.247687
0.247791
0.247741
0.247616
0.0850699
0.0951237
0.104744
0.11395
0.122723
0.131048
0.138921
0.146347
0.153333
0.159893
0.166045
0.171811
0.177213
0.182276
0.187022
0.191475
0.195653
0.199574
0.203255
0.206708
0.209943
0.212971
0.215798
0.218429
0.22087
0.223123
0.225193
0.22708
0.228785
0.230308
0.23165
0.232809
0.233785
0.234578
0.235191
0.235628
0.235893
0.23599
0.235931
0.235797
0.0755664
0.085374
0.0947605
0.103746
0.112311
0.120443
0.128139
0.135405
0.142248
0.148682
0.154726
0.1604
0.165727
0.170729
0.175428
0.179844
0.183995
0.187896
0.191562
0.195004
0.198233
0.201255
0.204077
0.206705
0.209143
0.211394
0.213462
0.215347
0.21705
0.218572
0.219911
0.221067
0.22204
0.22283
0.223438
0.223869
0.224129
0.224218
0.224152
0.224009
0.0667879
0.0763174
0.0854373
0.0941679
0.102492
0.110398
0.117885
0.12496
0.131631
0.137912
0.143822
0.149381
0.154609
0.159528
0.164157
0.168515
0.172617
0.176477
0.180108
0.18352
0.186721
0.189719
0.192519
0.195127
0.197546
0.199781
0.201833
0.203703
0.205394
0.206903
0.208232
0.209378
0.210341
0.211122
0.211722
0.212146
0.212398
0.21248
0.212406
0.212257
0.0587072
0.0679266
0.0767472
0.0851904
0.0932413
0.100891
0.10814
0.114996
0.121469
0.127573
0.133326
0.138747
0.143854
0.148668
0.153206
0.157484
0.161516
0.165315
0.168891
0.172253
0.175408
0.178364
0.181124
0.183695
0.18608
0.188283
0.190306
0.19215
0.193817
0.195305
0.196613
0.197742
0.19869
0.199457
0.200046
0.20046
0.200703
0.200779
0.200699
0.200544
0.0512942
0.0601714
0.0686611
0.0767861
0.0845345
0.0918998
0.0988849
0.105498
0.111749
0.117654
0.123228
0.128489
0.133456
0.138144
0.14257
0.146748
0.15069
0.154407
0.157908
0.1612
0.16429
0.167185
0.169889
0.172407
0.174743
0.1769
0.178881
0.180688
0.182319
0.183776
0.185057
0.186161
0.187088
0.187838
0.188412
0.188813
0.189047
0.189116
0.189031
0.188873
0.0445164
0.0530201
0.0611488
0.068927
0.0763461
0.0834021
0.0900993
0.0964468
0.102456
0.108141
0.113517
0.1186
0.123405
0.127948
0.132242
0.1363
0.140131
0.143746
0.147152
0.150356
0.153363
0.15618
0.15881
0.16126
0.163532
0.16563
0.167557
0.169314
0.170901
0.172318
0.173563
0.174637
0.175537
0.176264
0.17682
0.177208
0.177431
0.177492
0.177403
0.177242
0.0383401
0.0464404
0.0541803
0.061586
0.068652
0.0753765
0.0817655
0.0878284
0.0935768
0.0990236
0.104183
0.109068
0.113693
0.118071
0.122213
0.126131
0.129832
0.133325
0.136617
0.139713
0.14262
0.145341
0.147883
0.150249
0.152444
0.154471
0.156332
0.158028
0.159561
0.160929
0.162131
0.163167
0.164036
0.164737
0.165271
0.165643
0.165854
0.165908
0.165816
0.165654
0.0327318
0.0404011
0.0477272
0.0547376
0.0614297
0.0678035
0.0738661
0.079627
0.0850971
0.0902882
0.0952123
0.0998814
0.104307
0.108501
0.112472
0.11623
0.119782
0.123134
0.126293
0.129264
0.132052
0.134663
0.1371
0.139369
0.141473
0.143416
0.1452
0.146826
0.148295
0.149606
0.150759
0.151751
0.152583
0.153253
0.153764
0.154117
0.154316
0.154363
0.154268
0.154107
0.0276603
0.0348741
0.0417643
0.0483594
0.0546594
0.0606656
0.0663853
0.0718279
0.0770032
0.0819215
0.086593
0.0910279
0.0952358
0.099226
0.103007
0.106585
0.109968
0.11316
0.116168
0.118997
0.121651
0.124134
0.126453
0.128611
0.130613
0.132461
0.134157
0.135703
0.1371
0.138346
0.139442
0.140385
0.141175
0.141812
0.142296
0.142629
0.142815
0.142854
0.142758
0.1426
0.0230988
0.0298352
0.0362702
0.0424326
0.0483241
0.053947
0.0593083
0.0644167
0.0692807
0.0739089
0.0783099
0.0824918
0.0864628
0.0902302
0.0938008
0.0971807
0.100375
0.10339
0.10623
0.108899
0.111403
0.113746
0.115933
0.117968
0.119854
0.121596
0.123195
0.124653
0.125969
0.127144
0.128176
0.129065
0.12981
0.130409
0.130863
0.131175
0.131347
0.131379
0.131284
0.131128
0.0190257
0.0252654
0.0312277
0.0369412
0.0424088
0.0476331
0.0526205
0.0573784
0.061914
0.0662344
0.0703463
0.0742564
0.0779711
0.0814963
0.0848377
0.0880003
0.0909889
0.0938083
0.0964628
0.0989574
0.101296
0.103485
0.105527
0.107427
0.109188
0.110814
0.112307
0.113667
0.114895
0.115992
0.116955
0.117785
0.11848
0.119039
0.119462
0.119751
0.119909
0.119935
0.11984
0.119689
0.0154246
0.0211495
0.0266226
0.0318713
0.0368995
0.0417093
0.0463063
0.0506966
0.054886
0.0588799
0.0626836
0.0663024
0.0697413
0.0730051
0.0760983
0.0790252
0.0817901
0.0843972
0.086851
0.089156
0.0913168
0.0933378
0.0952235
0.0969776
0.0986036
0.100104
0.101482
0.102737
0.103871
0.104883
0.105773
0.10654
0.107181
0.107697
0.108087
0.108353
0.108496
0.108516
0.108423
0.108278
0.0122822
0.0174747
0.0224418
0.0272095
0.0317816
0.0361599
0.0403487
0.0443529
0.0481769
0.0518247
0.0553005
0.0586083
0.0617518
0.064735
0.0675614
0.0702348
0.072759
0.0751381
0.0773763
0.0794781
0.0814479
0.08329
0.0850083
0.0866065
0.0880879
0.0894549
0.0907097
0.0918534
0.0928868
0.0938097
0.0946214
0.0953207
0.0959063
0.096377
0.0967324
0.0969734
0.0971016
0.0971163
0.0970263
0.0968883
0.00958571
0.0142276
0.0186709
0.0229397
0.0270375
0.0309655
0.0347269
0.0383251
0.0417635
0.045045
0.0481727
0.0511494
0.0539781
0.0566618
0.0592035
0.0616064
0.0638741
0.0660104
0.0680194
0.0699055
0.0716726
0.0733249
0.074866
0.0762993
0.0776276
0.0788535
0.0799788
0.0810049
0.0819323
0.0827611
0.0834905
0.0841194
0.0846464
0.0850701
0.0853899
0.0856061
0.0857195
0.0857293
0.085643
0.085513
0.00731875
0.0113902
0.0152905
0.0190409
0.0226446
0.0261019
0.0294151
0.0325866
0.0356185
0.038513
0.0412722
0.0438981
0.046393
0.0487592
0.0509991
0.0531157
0.0551122
0.0569923
0.0587599
0.0604187
0.0619728
0.0634257
0.0647806
0.0660408
0.0672087
0.0682867
0.0692766
0.0701796
0.0709963
0.0717268
0.0723705
0.0729262
0.0733925
0.0737679
0.0740512
0.0742424
0.0743415
0.074347
0.0742652
0.0741438
0.00545647
0.00893641
0.0122727
0.0154839
0.0185723
0.0215377
0.0243814
0.0271048
0.0297095
0.0321966
0.0345675
0.0368238
0.038967
0.0409988
0.0429213
0.0447372
0.0464494
0.0480612
0.0495762
0.0509979
0.0523296
0.0535745
0.0547356
0.0558154
0.0568165
0.0577407
0.0585899
0.059365
0.0600669
0.0606956
0.0612504
0.0617306
0.0621345
0.0624605
0.0627072
0.0628737
0.0629591
0.0629609
0.0628841
0.062772
0.00396176
0.00682844
0.00957946
0.0122302
0.0147822
0.0172345
0.0195877
0.0218426
0.0239999
0.0260603
0.0280247
0.0298938
0.0316689
0.0333512
0.0349425
0.036445
0.0378614
0.0391946
0.0404475
0.0416232
0.0427246
0.0437543
0.0447147
0.0456082
0.0464368
0.0472023
0.0479061
0.0485493
0.0491327
0.0496563
0.0501198
0.0505223
0.0508624
0.0511385
0.0513485
0.0514909
0.0515635
0.0515625
0.0514912
0.0513886
0.00278548
0.00501861
0.00716433
0.00923476
0.0112303
0.0131498
0.0149933
0.0167608
0.0184527
0.0200691
0.0216105
0.0230772
0.0244699
0.0257897
0.0270379
0.0282164
0.0293273
0.0303729
0.0313558
0.0322782
0.0331425
0.0339508
0.0347049
0.0354069
0.0360582
0.0366606
0.0372151
0.0377228
0.0381844
0.0386002
0.0389699
0.0392929
0.0395681
0.0397937
0.0399675
0.0400868
0.0401478
0.0401449
0.0400787
0.0399855
0.00184317
0.0034243
0.00494715
0.00641986
0.00784186
0.00921166
0.0105288
0.0117932
0.0130045
0.0141626
0.0152674
0.0163191
0.017318
0.0182648
0.0191605
0.0200064
0.020804
0.0215551
0.0222615
0.0229247
0.0235465
0.0241284
0.0246718
0.0251781
0.0256485
0.0260844
0.0264867
0.0268564
0.0271942
0.0275005
0.0277756
0.0280191
0.0282302
0.0284074
0.0285481
0.0286486
0.0287034
0.0287028
0.0286423
0.0285569
0.000960232
0.00187132
0.00275277
0.00361101
0.00444399
0.00524985
0.00602763
0.00677661
0.0074961
0.00818557
0.00884462
0.00947306
0.0100709
0.0106383
0.0111759
0.0116844
0.0121645
0.0126174
0.013044
0.0134453
0.0138223
0.014176
0.0145071
0.0148168
0.0151058
0.0153752
0.0156258
0.0158586
0.0160745
0.0162743
0.0164585
0.0166274
0.0167809
0.0169175
0.017035
0.0171293
0.0171935
0.017213
0.0171718
0.0171004
-5.34736e-05
0.000209696
0.000468353
0.000728971
0.000989318
0.00124699
0.00150042
0.00174836
0.00198975
0.00222374
0.00244966
0.002667
0.00287543
0.00307479
0.00326503
0.00344625
0.00361862
0.0037824
0.00393786
0.00408531
0.00422508
0.00435752
0.00448297
0.00460182
0.00471441
0.00482109
0.00492213
0.00501775
0.00510809
0.00519318
0.00527291
0.00534713
0.0054155
0.00547752
0.00553253
0.00557977
0.00561733
0.005638
0.00562774
0.00559495
)
;

boundaryField
{
    leftWall
    {
        type            fixedFluxPressure;
        gradient        uniform 0;
        value           nonuniform List<scalar> 
86
(
1559.39
1557.95
1556.89
1555.96
1555.3
1555.08
1555.47
1556.59
1558.56
1561.48
1565.45
1570.55
1576.85
1584.37
1593.14
1603.2
1614.55
1627.22
1641.2
1656.52
1673.16
1691.14
1710.45
1731.09
1753.05
1776.34
1800.94
1826.84
1854.03
1882.49
1912.2
1943.14
1975.28
2008.6
2043.07
2078.64
2115.27
2152.93
2191.59
2231.11
2271.32
2312.26
2352.95
2390.76
2420.03
2016.93
415.06
-1.33584
-1.1818
-1.11902
-1.07531
-1.03674
-0.995476
-0.950542
-0.903396
-0.855821
-0.808945
-0.763485
-0.719829
-0.678088
-0.638181
-0.599972
-0.563424
-0.528591
-0.495449
-0.463858
-0.433645
-0.404697
-0.376944
-0.350309
-0.32472
-0.300111
-0.276397
-0.25344
-0.231088
-0.209261
-0.188026
-0.167576
-0.148129
-0.129827
-0.112529
-0.0956471
-0.0792027
-0.0647199
-0.0483888
-0.00729682
)
;
    }
    rightWall
    {
        type            fixedFluxPressure;
        gradient        uniform 0;
        value           nonuniform List<scalar> 
86
(
0.707855
0.708069
0.708234
0.708316
0.708217
0.707879
0.707269
0.706372
0.705183
0.703705
0.701928
0.699841
0.697454
0.694772
0.691797
0.688534
0.684985
0.681154
0.677042
0.672653
0.667987
0.663046
0.65783
0.652341
0.646579
0.640546
0.634244
0.627673
0.620836
0.613736
0.606374
0.598754
0.590881
0.582756
0.574386
0.565774
0.556926
0.547848
0.538546
0.529026
0.519297
0.509366
0.499239
0.488926
0.478433
0.46777
0.45695
0.445986
0.434887
0.423663
0.412327
0.400888
0.389358
0.377749
0.36607
0.35433
0.342541
0.330713
0.318856
0.30698
0.295095
0.283208
0.271328
0.259461
0.247616
0.235797
0.224009
0.212257
0.200544
0.188873
0.177242
0.165654
0.154107
0.1426
0.131128
0.119689
0.108278
0.0968883
0.085513
0.0741438
0.062772
0.0513886
0.0399855
0.0285569
0.0171004
0.00559495
)
;
    }
    lowerWall
    {
        type            fixedFluxPressure;
        gradient        uniform 0;
        value           nonuniform List<scalar> 
110
(
1559.39
1562.17
1563.13
1561.69
1557
1548.75
1536.98
1521.81
1503.35
1481.71
1456.95
1429.09
1398.1
1363.91
1326.38
1285.28
1240.32
1191.09
1137.06
1077.6
1011.92
939.21
858.732
770.118
673.864
572.047
468.919
371.458
289.095
219.853
162.689
116.039
82.5497
62.3557
42.8796
12.7381
5.08332
3.19834
2.62674
2.45669
2.39658
2.36575
2.34577
2.33326
2.32539
2.32585
2.32585
2.32587
2.31019
2.28039
2.23672
2.17911
2.10593
2.01121
1.87746
1.67312
0.654814
0.866049
1.00072
1.00947
0.923929
0.922636
0.921237
0.919189
0.916209
0.911918
0.906493
0.899714
0.879442
0.838921
0.923929
0.926981
0.928276
0.927784
0.924845
0.919559
0.912384
0.903821
0.894296
0.884156
0.87367
0.863059
0.852412
0.841872
0.831527
0.821446
0.811669
0.802225
0.793136
0.784416
0.776081
0.768148
0.760635
0.753558
0.746934
0.740778
0.735101
0.729916
0.725233
0.721062
0.717413
0.714297
0.711724
0.709703
0.708236
0.707316
0.706912
0.706857
0.707148
0.707855
)
;
    }
    atmosphere
    {
        type            totalPressure;
        rho             rho;
        psi             none;
        gamma           1;
        p0              uniform 0;
        value           nonuniform List<scalar> 
90
(
-0.00723909
-0.0199798
-0.0171089
-0.0151492
-0.0137183
-0.0125731
-0.0116195
-0.0108028
-0.0100851
-0.00943935
-0.00884548
-0.00828889
-0.00775893
-0.0072481
-0.00675144
-0.00626607
-0.00579071
-0.00532529
-0.0048706
-0.00442798
-0.00399914
-0.00358588
-0.00319005
-0.00281338
-0.00245745
-0.00212365
-0.00181312
-0.00152674
-0.00126514
-0.00102869
-0.000817525
-0.000631544
-0.000470485
-0.000333974
-0.000221625
-0.000133146
-6.83271e-05
-2.67417e-05
-6.40832e-06
0
0
0
0
0
0
0
0
0
0
0
0
0
0
0
0
0
0
0
0
0
0
0
0
0
0
0
0
0
0
0
0
0
0
0
0
0
0
0
0
0
0
0
0
0
0
0
0
0
0
0
)
;
    }
    defaultFaces
    {
        type            empty;
    }
}


// ************************************************************************* //
