/*--------------------------------*- C++ -*----------------------------------*\
  =========                 |
  \\      /  F ield         | OpenFOAM: The Open Source CFD Toolbox
   \\    /   O peration     | Website:  https://openfoam.org
    \\  /    A nd           | Version:  7
     \\/     M anipulation  |
\*---------------------------------------------------------------------------*/
FoamFile
{
    version     2.0;
    format      ascii;
    class       surfaceScalarField;
    location    "0.15";
    object      phi;
}
// * * * * * * * * * * * * * * * * * * * * * * * * * * * * * * * * * * * * * //

dimensions      [0 3 -1 0 0 0 0];

internalField   nonuniform List<scalar> 
3781
(
-2.01278e-07
2.01278e-07
1.69718e-06
-1.89845e-06
4.65542e-06
-2.95825e-06
7.9156e-06
-3.26018e-06
1.11961e-05
-3.28052e-06
1.4412e-05
-3.21588e-06
1.75427e-05
-3.13072e-06
2.05903e-05
-3.04761e-06
2.35659e-05
-2.9756e-06
2.64843e-05
-2.91834e-06
2.93616e-05
-2.8773e-06
3.22147e-05
-2.85319e-06
3.50613e-05
-2.84658e-06
3.79194e-05
-2.85812e-06
4.08081e-05
-2.88866e-06
4.37473e-05
-2.93921e-06
4.67582e-05
-3.01087e-06
4.98629e-05
-3.10467e-06
5.30841e-05
-3.22129e-06
5.64447e-05
-3.36053e-06
5.99653e-05
-3.52067e-06
6.36629e-05
-3.69758e-06
6.75466e-05
-3.88369e-06
7.16134e-05
-4.0668e-06
7.58425e-05
-4.22907e-06
8.01888e-05
-4.34631e-06
8.4577e-05
-4.38824e-06
8.88973e-05
-4.32031e-06
9.30029e-05
-4.10553e-06
9.671e-05
-3.70708e-06
9.98199e-05
-3.10992e-06
0.000102115
-2.29511e-06
0.000103197
-1.08168e-06
0.000102531
6.65155e-07
0.000100196
2.33578e-06
9.67675e-05
3.42819e-06
9.29753e-05
3.79225e-06
8.94898e-05
3.48544e-06
8.67674e-05
2.72243e-06
8.49524e-05
1.815e-06
8.39423e-05
1.01013e-06
8.38741e-05
6.82162e-08
8.46007e-05
-7.266e-07
2.07579e-06
1.5579e-06
-1.35662e-06
4.12462e-06
-4.46517e-06
6.97491e-06
-5.80854e-06
9.90677e-06
-6.19203e-06
1.28307e-05
-6.20448e-06
1.57088e-05
-6.09395e-06
1.85301e-05
-5.95202e-06
2.12973e-05
-5.81479e-06
2.40195e-05
-5.69779e-06
2.6709e-05
-5.60791e-06
2.93801e-05
-5.54833e-06
3.20477e-05
-5.52081e-06
3.47278e-05
-5.52666e-06
3.74369e-05
-5.56727e-06
4.01925e-05
-5.64422e-06
4.30126e-05
-5.75929e-06
4.5916e-05
-5.91427e-06
4.89218e-05
-6.11051e-06
5.20489e-05
-6.34835e-06
5.53145e-05
-6.62613e-06
5.87327e-05
-6.93893e-06
6.23121e-05
-7.27696e-06
6.60521e-05
-7.62372e-06
6.99394e-05
-7.95408e-06
7.39429e-05
-8.23258e-06
7.80091e-05
-8.4125e-06
8.20572e-05
-8.43638e-06
8.5976e-05
-8.2391e-06
8.96242e-05
-7.75369e-06
9.28396e-05
-6.92252e-06
9.5451e-05
-5.72127e-06
9.73261e-05
-4.1702e-06
9.8551e-05
-2.30655e-06
9.93513e-05
-1.35149e-07
9.96138e-05
2.0733e-06
9.90221e-05
4.01988e-06
9.75642e-05
5.25016e-06
9.55475e-05
5.50211e-06
9.35053e-05
4.7646e-06
9.19916e-05
3.32869e-06
9.12545e-05
1.74725e-06
9.06605e-05
6.622e-07
8.95713e-05
3.62648e-07
5.09988e-06
2.58131e-06
-3.93793e-06
5.55151e-06
-7.43538e-06
8.38425e-06
-8.64127e-06
1.11245e-05
-8.93227e-06
1.38021e-05
-8.88211e-06
1.64263e-05
-8.71816e-06
1.9004e-05
-8.52974e-06
2.15438e-05
-8.35459e-06
2.40561e-05
-8.21006e-06
2.65528e-05
-8.10459e-06
2.90469e-05
-8.04248e-06
3.15524e-05
-8.0263e-06
3.40838e-05
-8.05801e-06
3.66561e-05
-8.13956e-06
3.92849e-05
-8.27304e-06
4.19862e-05
-8.4606e-06
4.47761e-05
-8.70415e-06
4.76702e-05
-9.00465e-06
5.06831e-05
-9.36125e-06
5.38268e-05
-9.76985e-06
5.71093e-05
-1.02214e-05
6.05318e-05
-1.06995e-05
6.40866e-05
-1.11785e-05
6.77528e-05
-1.16203e-05
7.14932e-05
-1.1973e-05
7.52499e-05
-1.21692e-05
7.8941e-05
-1.21274e-05
8.24582e-05
-1.17564e-05
8.56688e-05
-1.09643e-05
8.84232e-05
-9.6769e-06
9.05683e-05
-7.86634e-06
9.19818e-05
-5.58375e-06
9.26512e-05
-2.97596e-06
9.27543e-05
-2.38257e-07
9.24594e-05
2.36819e-06
9.19523e-05
4.52697e-06
9.13465e-05
5.85596e-06
9.07768e-05
6.07186e-06
9.04165e-05
5.12488e-06
9.03933e-05
3.35187e-06
9.07245e-05
1.41609e-06
9.0567e-05
8.19691e-07
8.38558e-05
7.07382e-06
1.63997e-05
3.04877e-06
-6.98671e-06
6.31717e-06
-1.07038e-05
9.21497e-06
-1.15391e-05
1.18753e-05
-1.15926e-05
1.44044e-05
-1.14112e-05
1.68536e-05
-1.11673e-05
1.92503e-05
-1.09265e-05
2.16129e-05
-1.07171e-05
2.3956e-05
-1.05531e-05
2.62932e-05
-1.04418e-05
2.8638e-05
-1.03873e-05
3.10039e-05
-1.03922e-05
3.34046e-05
-1.04587e-05
3.58538e-05
-1.05888e-05
3.83657e-05
-1.07849e-05
4.09541e-05
-1.1049e-05
4.36326e-05
-1.13826e-05
4.64137e-05
-1.17857e-05
4.93081e-05
-1.22556e-05
5.23234e-05
-1.27851e-05
5.54624e-05
-1.33604e-05
5.87214e-05
-1.39585e-05
6.20872e-05
-1.45442e-05
6.55343e-05
-1.50675e-05
6.90223e-05
-1.5461e-05
7.24921e-05
-1.5639e-05
7.58636e-05
-1.54989e-05
7.90341e-05
-1.49269e-05
8.18805e-05
-1.38107e-05
8.42671e-05
-1.20635e-05
8.6064e-05
-9.66328e-06
8.71873e-05
-6.70708e-06
8.76545e-05
-3.44315e-06
8.7632e-05
-2.15683e-07
8.7378e-05
2.62216e-06
8.71826e-05
4.72232e-06
8.72362e-05
5.80238e-06
8.75818e-05
5.72625e-06
8.81744e-05
4.53235e-06
8.89398e-05
2.58644e-06
8.91645e-05
1.19138e-06
8.64861e-05
3.49808e-06
7.50501e-05
1.85098e-05
3.87155e-05
3.24905e-06
-1.02358e-05
6.67357e-06
-1.41283e-05
9.62854e-06
-1.4494e-05
1.22611e-05
-1.42252e-05
1.47069e-05
-1.38569e-05
1.70417e-05
-1.35022e-05
1.93091e-05
-1.31939e-05
2.15368e-05
-1.29449e-05
2.37452e-05
-1.27615e-05
2.59508e-05
-1.26474e-05
2.81685e-05
-1.2605e-05
3.04122e-05
-1.26359e-05
3.26953e-05
-1.27418e-05
3.50309e-05
-1.29244e-05
3.74317e-05
-1.31857e-05
3.99097e-05
-1.35271e-05
4.24763e-05
-1.39492e-05
4.51411e-05
-1.44506e-05
4.79116e-05
-1.50261e-05
5.07917e-05
-1.56652e-05
5.37804e-05
-1.63491e-05
5.68699e-05
-1.70479e-05
6.00434e-05
-1.77178e-05
6.32733e-05
-1.82974e-05
6.6518e-05
-1.87057e-05
6.972e-05
-1.88409e-05
7.28035e-05
-1.85823e-05
7.5674e-05
-1.77974e-05
7.82206e-05
-1.63573e-05
8.03237e-05
-1.41666e-05
8.18775e-05
-1.12171e-05
8.28346e-05
-7.66415e-06
8.32599e-05
-3.86847e-06
8.33692e-05
-3.24901e-07
8.34493e-05
2.54201e-06
8.37699e-05
4.40172e-06
8.44561e-05
5.11617e-06
8.55434e-05
4.63897e-06
8.66719e-05
3.40383e-06
8.68262e-05
2.4321e-06
8.46695e-05
3.34816e-06
7.65895e-05
1.15781e-05
6.12859e-05
3.38133e-05
6.01601e-05
3.32283e-06
-1.35586e-05
6.7899e-06
-1.75954e-05
9.76223e-06
-1.74664e-05
1.23782e-05
-1.68412e-05
1.47743e-05
-1.6253e-05
1.70345e-05
-1.57624e-05
1.92107e-05
-1.53701e-05
2.13376e-05
-1.50717e-05
2.34402e-05
-1.48641e-05
2.55384e-05
-1.47456e-05
2.76487e-05
-1.47153e-05
2.97859e-05
-1.47731e-05
3.19635e-05
-1.49194e-05
3.41942e-05
-1.51551e-05
3.64894e-05
-1.54809e-05
3.886e-05
-1.58976e-05
4.1315e-05
-1.64042e-05
4.38618e-05
-1.69974e-05
4.65051e-05
-1.76694e-05
4.92457e-05
-1.84058e-05
5.20795e-05
-1.91829e-05
5.49959e-05
-1.99644e-05
5.79762e-05
-2.06981e-05
6.09918e-05
-2.13129e-05
6.4002e-05
-2.1716e-05
6.69529e-05
-2.17918e-05
6.97754e-05
-2.14048e-05
7.23851e-05
-2.04071e-05
7.46843e-05
-1.86566e-05
7.65699e-05
-1.60521e-05
7.79573e-05
-1.26045e-05
7.88323e-05
-8.53921e-06
7.93154e-05
-4.35152e-06
7.96662e-05
-6.75674e-07
8.01574e-05
2.05073e-06
8.10314e-05
3.52771e-06
8.23823e-05
3.7653e-06
8.37892e-05
3.23207e-06
8.40303e-05
3.16274e-06
8.1704e-05
4.7584e-06
7.36995e-05
1.13527e-05
5.86435e-05
2.6634e-05
4.22722e-05
5.01847e-05
7.68539e-05
3.32693e-06
-1.68855e-05
6.76209e-06
-2.10305e-05
9.71336e-06
-2.04176e-05
1.23071e-05
-1.9435e-05
1.46677e-05
-1.86136e-05
1.68765e-05
-1.79712e-05
1.89876e-05
-1.74812e-05
2.1039e-05
-1.71231e-05
2.30591e-05
-1.68841e-05
2.507e-05
-1.67565e-05
2.70901e-05
-1.67354e-05
2.9135e-05
-1.68181e-05
3.12185e-05
-1.7003e-05
3.33529e-05
-1.72894e-05
3.55489e-05
-1.76769e-05
3.78158e-05
-1.81645e-05
4.01613e-05
-1.87497e-05
4.25905e-05
-1.94266e-05
4.51056e-05
-2.01846e-05
4.77052e-05
-2.10054e-05
5.03827e-05
-2.18604e-05
5.31257e-05
-2.27073e-05
5.59143e-05
-2.34868e-05
5.87205e-05
-2.41191e-05
6.15059e-05
-2.45014e-05
6.42213e-05
-2.45072e-05
6.68054e-05
-2.3989e-05
6.91849e-05
-2.27866e-05
7.12748e-05
-2.07465e-05
7.29854e-05
-1.77628e-05
7.42473e-05
-1.38663e-05
7.50805e-05
-9.37242e-06
7.56691e-05
-4.94014e-06
7.62612e-05
-1.2677e-06
7.71436e-05
1.16831e-06
7.85358e-05
2.13544e-06
7.97926e-05
2.50853e-06
7.96105e-05
3.41416e-06
7.63955e-05
6.37779e-06
6.7733e-05
1.34208e-05
5.402e-05
2.50658e-05
3.87417e-05
4.19123e-05
2.52249e-05
6.37015e-05
9.08273e-05
3.2887e-06
-2.01742e-05
6.64607e-06
-2.43879e-05
9.54759e-06
-2.33192e-05
1.21089e-05
-2.19963e-05
1.44378e-05
-2.09425e-05
1.66076e-05
-2.01409e-05
1.86701e-05
-1.95438e-05
2.06641e-05
-1.91171e-05
2.26192e-05
-1.88393e-05
2.45593e-05
-1.86965e-05
2.65037e-05
-1.86799e-05
2.84689e-05
-1.87833e-05
3.04688e-05
-1.90029e-05
3.25153e-05
-1.9336e-05
3.46187e-05
-1.97802e-05
3.6787e-05
-2.03329e-05
3.90263e-05
-2.0989e-05
4.13401e-05
-2.17404e-05
4.37287e-05
-2.25731e-05
4.61884e-05
-2.34651e-05
4.87112e-05
-2.43831e-05
5.12833e-05
-2.52794e-05
5.38848e-05
-2.60884e-05
5.64887e-05
-2.6723e-05
5.90599e-05
-2.70725e-05
6.15545e-05
-2.70018e-05
6.39193e-05
-2.63537e-05
6.60907e-05
-2.4958e-05
6.79943e-05
-2.26501e-05
6.9547e-05
-1.93154e-05
7.06912e-05
-1.50106e-05
7.14936e-05
-1.01748e-05
7.21651e-05
-5.61163e-06
7.29064e-05
-2.00899e-06
7.39763e-05
9.84225e-08
7.43732e-05
1.73848e-06
7.29748e-05
3.90696e-06
6.82929e-05
8.09611e-06
5.98467e-05
1.4824e-05
4.87155e-05
2.45521e-05
3.64726e-05
3.73086e-05
2.44299e-05
5.39551e-05
1.31759e-05
7.49555e-05
0.000102798
3.22378e-06
-2.3398e-05
6.47654e-06
-2.76407e-05
9.30912e-06
-2.61517e-05
1.18281e-05
-2.45153e-05
1.41241e-05
-2.32385e-05
1.62604e-05
-2.22773e-05
1.82844e-05
-2.15677e-05
2.02331e-05
-2.10658e-05
2.21363e-05
-2.07425e-05
2.40183e-05
-2.05786e-05
2.58991e-05
-2.05606e-05
2.77954e-05
-2.06795e-05
2.97211e-05
-2.09286e-05
3.1688e-05
-2.13028e-05
3.37054e-05
-2.17977e-05
3.57807e-05
-2.24081e-05
3.79185e-05
-2.31268e-05
4.01208e-05
-2.39427e-05
4.23862e-05
-2.48386e-05
4.47098e-05
-2.57887e-05
4.7082e-05
-2.67554e-05
4.94887e-05
-2.76861e-05
5.19103e-05
-2.851e-05
5.43215e-05
-2.91341e-05
5.66905e-05
-2.94415e-05
5.89788e-05
-2.92901e-05
6.11402e-05
-2.85152e-05
6.31194e-05
-2.69372e-05
6.48472e-05
-2.4378e-05
6.62417e-05
-2.07099e-05
6.72694e-05
-1.60382e-05
6.80453e-05
-1.09507e-05
6.86858e-05
-6.25221e-06
6.91358e-05
-2.45895e-06
6.88294e-05
4.04845e-07
6.66159e-05
3.95193e-06
6.16037e-05
8.91911e-06
5.41624e-05
1.55375e-05
4.51822e-05
2.38042e-05
3.55353e-05
3.4199e-05
2.57341e-05
4.71099e-05
1.63562e-05
6.3333e-05
7.47644e-06
8.38352e-05
0.000111555
3.14201e-06
-2.654e-05
6.27564e-06
-3.07743e-05
9.02748e-06
-2.89036e-05
1.1496e-05
-2.69838e-05
1.3756e-05
-2.54985e-05
1.58605e-05
-2.43818e-05
1.78513e-05
-2.35585e-05
1.97627e-05
-2.29772e-05
2.16233e-05
-2.26031e-05
2.3457e-05
-2.24122e-05
2.52837e-05
-2.23874e-05
2.71201e-05
-2.2516e-05
2.89801e-05
-2.27885e-05
3.08748e-05
-2.31976e-05
3.28131e-05
-2.3736e-05
3.48013e-05
-2.43963e-05
3.68431e-05
-2.51685e-05
3.8939e-05
-2.60386e-05
4.10866e-05
-2.69862e-05
4.32796e-05
-2.79817e-05
4.55078e-05
-2.89836e-05
4.7757e-05
-2.99353e-05
5.00084e-05
-3.07613e-05
5.22385e-05
-3.13642e-05
5.4419e-05
-3.1622e-05
5.65162e-05
-3.13873e-05
5.84897e-05
-3.04887e-05
6.029e-05
-2.87374e-05
6.18483e-05
-2.59363e-05
6.3089e-05
-2.19506e-05
6.402e-05
-1.69693e-05
6.47656e-05
-1.16963e-05
6.51248e-05
-6.61131e-06
6.49211e-05
-2.25529e-06
6.28407e-05
2.48529e-06
5.82716e-05
8.52099e-06
5.16661e-05
1.55246e-05
4.40236e-05
2.31801e-05
3.59821e-05
3.18457e-05
2.8047e-05
4.21342e-05
2.05357e-05
5.46212e-05
1.3765e-05
7.01037e-05
7.88317e-06
8.97171e-05
0.000116106
3.10229e-06
-2.96423e-05
6.16423e-06
-3.38362e-05
8.87569e-06
-3.1615e-05
1.13302e-05
-2.94383e-05
1.35899e-05
-2.77582e-05
1.56989e-05
-2.64908e-05
1.76937e-05
-2.55533e-05
1.96058e-05
-2.48893e-05
2.14624e-05
-2.44597e-05
2.32866e-05
-2.42365e-05
2.50983e-05
-2.4199e-05
2.69139e-05
-2.43315e-05
2.8747e-05
-2.46217e-05
3.06086e-05
-2.50592e-05
3.2507e-05
-2.56344e-05
3.44477e-05
-2.63371e-05
3.64335e-05
-2.71543e-05
3.8464e-05
-2.80691e-05
4.05355e-05
-2.90577e-05
4.26411e-05
-3.00872e-05
4.477e-05
-3.11125e-05
4.69079e-05
-3.20732e-05
4.90368e-05
-3.28903e-05
5.11351e-05
-3.34625e-05
5.31771e-05
-3.36641e-05
5.51329e-05
-3.3343e-05
5.69663e-05
-3.23222e-05
5.86303e-05
-3.04014e-05
6.00551e-05
-2.73611e-05
6.11925e-05
-2.3088e-05
6.21146e-05
-1.78913e-05
6.28362e-05
-1.24179e-05
6.30391e-05
-6.81423e-06
6.16635e-05
-8.79615e-07
5.77634e-05
6.38537e-06
5.19061e-05
1.43782e-05
4.51513e-05
2.22795e-05
3.81513e-05
3.018e-05
3.13097e-05
3.86875e-05
2.50047e-05
4.84391e-05
1.95962e-05
6.00297e-05
1.552e-05
7.41799e-05
1.34009e-05
9.18361e-05
0.000114679
3.02705e-06
-3.26693e-05
5.98405e-06
-3.67932e-05
8.62511e-06
-3.42561e-05
1.10377e-05
-3.18509e-05
1.32724e-05
-2.99929e-05
1.53649e-05
-2.85833e-05
1.73461e-05
-2.75345e-05
1.9244e-05
-2.67872e-05
2.10835e-05
-2.62992e-05
2.28864e-05
-2.60395e-05
2.46717e-05
-2.59843e-05
2.64552e-05
-2.6115e-05
2.825e-05
-2.64164e-05
3.00664e-05
-2.68756e-05
3.19121e-05
-2.74802e-05
3.3792e-05
-2.82169e-05
3.57078e-05
-2.90702e-05
3.76585e-05
-3.00198e-05
3.96396e-05
-3.10389e-05
4.16436e-05
-3.20912e-05
4.36598e-05
-3.31287e-05
4.56743e-05
-3.40877e-05
4.76704e-05
-3.48864e-05
4.96286e-05
-3.54206e-05
5.1526e-05
-3.55615e-05
5.33365e-05
-3.51534e-05
5.50278e-05
-3.40136e-05
5.65551e-05
-3.19287e-05
5.78591e-05
-2.86651e-05
5.89374e-05
-2.41663e-05
5.99619e-05
-1.89158e-05
6.09469e-05
-1.34029e-05
6.05573e-05
-6.4246e-06
5.76785e-05
1.99912e-06
5.26352e-05
1.14287e-05
4.66207e-05
2.03926e-05
4.04214e-05
2.84789e-05
3.44061e-05
3.61953e-05
2.88874e-05
4.42062e-05
2.42313e-05
5.30952e-05
2.08846e-05
6.33765e-05
1.94815e-05
7.5583e-05
2.10904e-05
9.02273e-05
0.000107586
2.94613e-06
-3.56155e-05
5.79583e-06
-3.96429e-05
8.36244e-06
-3.68227e-05
1.07278e-05
-3.42163e-05
1.29323e-05
-3.21974e-05
1.50045e-05
-3.06555e-05
1.69702e-05
-2.95002e-05
1.88536e-05
-2.86706e-05
2.06772e-05
-2.81228e-05
2.24611e-05
-2.78234e-05
2.4223e-05
-2.77461e-05
2.59778e-05
-2.78698e-05
2.77378e-05
-2.81765e-05
2.95128e-05
-2.86506e-05
3.13096e-05
-2.9277e-05
3.31325e-05
-3.00398e-05
3.49825e-05
-3.09202e-05
3.68579e-05
-3.18952e-05
3.87538e-05
-3.29348e-05
4.06625e-05
-3.39999e-05
4.25735e-05
-3.50397e-05
4.44739e-05
-3.59881e-05
4.63484e-05
-3.67609e-05
4.81796e-05
-3.72518e-05
4.99477e-05
-3.73297e-05
5.163e-05
-3.68357e-05
5.31979e-05
-3.55816e-05
5.46074e-05
-3.33381e-05
5.58306e-05
-2.98883e-05
5.69356e-05
-2.52713e-05
5.80964e-05
-2.00766e-05
5.88333e-05
-1.41398e-05
5.74588e-05
-5.05013e-06
5.35232e-05
5.93473e-06
4.82202e-05
1.67318e-05
4.26367e-05
2.59762e-05
3.72247e-05
3.38908e-05
3.22423e-05
4.11777e-05
2.79788e-05
4.84697e-05
2.48023e-05
5.62717e-05
2.31921e-05
6.49867e-05
2.38361e-05
7.4939e-05
2.78007e-05
8.62627e-05
9.84625e-05
2.86164e-06
-3.84771e-05
5.60354e-06
-4.23848e-05
8.09308e-06
-3.93122e-05
1.04066e-05
-3.65298e-05
1.25761e-05
-3.4367e-05
1.4624e-05
-3.27033e-05
1.65712e-05
-3.14474e-05
1.84387e-05
-3.05381e-05
2.02462e-05
-2.99303e-05
2.20119e-05
-2.95891e-05
2.3752e-05
-2.94862e-05
2.54803e-05
-2.95981e-05
2.72084e-05
-2.99045e-05
2.89449e-05
-3.03872e-05
3.06963e-05
-3.10284e-05
3.24658e-05
-3.18093e-05
3.42542e-05
-3.27085e-05
3.60591e-05
-3.37001e-05
3.78755e-05
-3.47512e-05
3.96958e-05
-3.58202e-05
4.15101e-05
-3.6854e-05
4.33065e-05
-3.77845e-05
4.50715e-05
-3.85259e-05
4.67899e-05
-3.89702e-05
4.84449e-05
-3.89847e-05
5.00172e-05
-3.8408e-05
5.14823e-05
-3.70466e-05
5.28014e-05
-3.46573e-05
5.3984e-05
-3.1071e-05
5.52063e-05
-2.64936e-05
5.66775e-05
-2.15478e-05
5.65328e-05
-1.39951e-05
5.39898e-05
-2.50712e-06
4.95088e-05
1.04157e-05
4.4468e-05
2.17726e-05
3.9532e-05
3.09122e-05
3.49607e-05
3.84621e-05
3.09675e-05
4.51709e-05
2.78203e-05
5.1617e-05
2.5859e-05
5.8233e-05
2.55194e-05
6.53263e-05
2.73926e-05
7.30659e-05
3.22845e-05
8.13708e-05
8.95358e-05
2.77507e-06
-4.12522e-05
5.40971e-06
-4.50195e-05
7.82049e-06
-4.1723e-05
1.00784e-05
-3.87877e-05
1.22085e-05
-3.64971e-05
1.42277e-05
-3.47225e-05
1.61531e-05
-3.33728e-05
1.80023e-05
-3.23872e-05
1.97924e-05
-3.17204e-05
2.15396e-05
-3.13363e-05
2.32585e-05
-3.12051e-05
2.49617e-05
-3.13012e-05
2.66595e-05
-3.16023e-05
2.836e-05
-3.20877e-05
3.00687e-05
-3.2737e-05
3.17883e-05
-3.3529e-05
3.35191e-05
-3.44393e-05
3.52584e-05
-3.54394e-05
3.70012e-05
-3.6494e-05
3.87404e-05
-3.75593e-05
4.04667e-05
-3.85803e-05
4.21696e-05
-3.94875e-05
4.38373e-05
-4.01936e-05
4.54571e-05
-4.059e-05
4.70146e-05
-4.05422e-05
4.84938e-05
-3.98872e-05
4.98735e-05
-3.84264e-05
5.11343e-05
-3.5918e-05
5.23141e-05
-3.22508e-05
5.36315e-05
-2.7811e-05
5.51337e-05
-2.305e-05
5.39948e-05
-1.28562e-05
5.04047e-05
1.08292e-06
4.58145e-05
1.50059e-05
4.12364e-05
2.63507e-05
3.69941e-05
3.51546e-05
3.32301e-05
4.22261e-05
3.01249e-05
4.82761e-05
2.79098e-05
5.3832e-05
2.68704e-05
5.92724e-05
2.73586e-05
6.48381e-05
2.98179e-05
7.06066e-05
3.47891e-05
7.63995e-05
8.15353e-05
2.68735e-06
-4.39395e-05
5.21583e-06
-4.7548e-05
7.54679e-06
-4.4054e-05
9.74599e-06
-4.09869e-05
1.18325e-05
-3.85836e-05
1.38189e-05
-3.67089e-05
1.57188e-05
-3.52727e-05
1.75467e-05
-3.42151e-05
1.93174e-05
-3.34911e-05
2.10449e-05
-3.30639e-05
2.27422e-05
-3.29024e-05
2.44205e-05
-3.29796e-05
2.60892e-05
-3.3271e-05
2.77554e-05
-3.37538e-05
2.94237e-05
-3.44054e-05
3.10965e-05
-3.52017e-05
3.27734e-05
-3.61163e-05
3.44519e-05
-3.71179e-05
3.61271e-05
-3.81691e-05
3.77922e-05
-3.92244e-05
3.94391e-05
-4.02272e-05
4.10586e-05
-4.1107e-05
4.26408e-05
-4.17758e-05
4.41748e-05
-4.2124e-05
4.56488e-05
-4.20162e-05
4.70491e-05
-4.12875e-05
4.83548e-05
-3.97322e-05
4.9574e-05
-3.71372e-05
5.07905e-05
-3.34672e-05
5.2173e-05
-2.91935e-05
5.27536e-05
-2.36306e-05
5.06836e-05
-1.07862e-05
4.66951e-05
5.07141e-06
4.23863e-05
1.93146e-05
3.83811e-05
3.03559e-05
3.4813e-05
3.87227e-05
3.1781e-05
4.5258e-05
2.9433e-05
5.06242e-05
2.79548e-05
5.53103e-05
2.75678e-05
5.96594e-05
2.85331e-05
6.38728e-05
3.11552e-05
6.79845e-05
3.57641e-05
7.17907e-05
7.47087e-05
2.59904e-06
-4.65386e-05
5.02267e-06
-4.99716e-05
7.27314e-06
-4.63044e-05
9.41096e-06
-4.31247e-05
1.14502e-05
-4.06228e-05
1.33997e-05
-3.86585e-05
1.52702e-05
-3.71432e-05
1.70736e-05
-3.60185e-05
1.88222e-05
-3.52397e-05
2.05282e-05
-3.47699e-05
2.22028e-05
-3.45771e-05
2.3856e-05
-3.46328e-05
2.5496e-05
-3.49109e-05
2.71288e-05
-3.53867e-05
2.87586e-05
-3.60352e-05
3.03871e-05
-3.68302e-05
3.20137e-05
-3.77429e-05
3.36357e-05
-3.87399e-05
3.52486e-05
-3.97821e-05
3.68464e-05
-4.08222e-05
3.84219e-05
-4.18027e-05
3.99673e-05
-4.26524e-05
4.14741e-05
-4.32826e-05
4.29334e-05
-4.35833e-05
4.43356e-05
-4.34184e-05
4.56684e-05
-4.26203e-05
4.69115e-05
-4.09753e-05
4.80915e-05
-3.83172e-05
4.93435e-05
-3.47192e-05
5.08685e-05
-3.07185e-05
5.01865e-05
-2.29487e-05
4.72171e-05
-7.81672e-06
4.31622e-05
9.1263e-06
3.92678e-05
2.32091e-05
3.58223e-05
3.38014e-05
3.28654e-05
4.16796e-05
3.04657e-05
4.76577e-05
2.87355e-05
5.23545e-05
2.78127e-05
5.6233e-05
2.78563e-05
5.96157e-05
2.90447e-05
6.26845e-05
3.15684e-05
6.54607e-05
3.56017e-05
6.77574e-05
6.91054e-05
2.51044e-06
-4.9049e-05
4.83059e-06
-5.22917e-05
7.00009e-06
-4.84739e-05
9.07425e-06
-4.51989e-05
1.10628e-05
-4.26113e-05
1.29717e-05
-4.05674e-05
1.4809e-05
-3.89805e-05
1.65843e-05
-3.77938e-05
1.83079e-05
-3.69632e-05
1.999e-05
-3.6452e-05
2.16404e-05
-3.62274e-05
2.32675e-05
-3.62599e-05
2.48785e-05
-3.65219e-05
2.64786e-05
-3.69868e-05
2.80711e-05
-3.76277e-05
2.96574e-05
-3.84165e-05
3.12365e-05
-3.9322e-05
3.2806e-05
-4.03094e-05
3.43616e-05
-4.13377e-05
3.5898e-05
-4.23586e-05
3.74091e-05
-4.33138e-05
3.88881e-05
-4.41314e-05
4.03281e-05
-4.47225e-05
4.17212e-05
-4.49765e-05
4.30593e-05
-4.47565e-05
4.43323e-05
-4.38933e-05
4.55255e-05
-4.21685e-05
4.66718e-05
-3.94634e-05
4.79352e-05
-3.59825e-05
4.94771e-05
-3.22604e-05
4.77819e-05
-2.12534e-05
4.39649e-05
-3.99979e-06
3.99542e-05
1.3137e-05
3.6455e-05
2.67083e-05
3.35056e-05
3.67508e-05
3.10759e-05
4.41093e-05
2.92025e-05
4.95311e-05
2.79589e-05
5.3598e-05
2.74378e-05
5.67541e-05
2.77433e-05
5.93102e-05
2.8987e-05
6.14409e-05
3.12757e-05
6.3172e-05
3.46801e-05
6.43529e-05
6.46214e-05
2.42167e-06
-5.14707e-05
4.6396e-06
-5.45097e-05
6.72775e-06
-5.05621e-05
8.73626e-06
-4.72074e-05
1.06711e-05
-4.45462e-05
1.25358e-05
-4.24322e-05
1.43363e-05
-4.0781e-05
1.608e-05
-3.95374e-05
1.77753e-05
-3.86586e-05
1.94309e-05
-3.81076e-05
2.1055e-05
-3.78515e-05
2.26547e-05
-3.78596e-05
2.4236e-05
-3.81032e-05
2.58033e-05
-3.85541e-05
2.73594e-05
-3.91838e-05
2.8905e-05
-3.9962e-05
3.04391e-05
-4.08562e-05
3.19593e-05
-4.18296e-05
3.34618e-05
-4.28402e-05
3.49419e-05
-4.38387e-05
3.63944e-05
-4.47662e-05
3.78135e-05
-4.55505e-05
3.9193e-05
-4.61021e-05
4.05259e-05
-4.63093e-05
4.18037e-05
-4.60343e-05
4.30161e-05
-4.51056e-05
4.41633e-05
-4.33157e-05
4.52857e-05
-4.05858e-05
4.64907e-05
-3.71876e-05
4.72802e-05
-3.30499e-05
4.47359e-05
-1.87091e-05
4.06913e-05
4.47585e-08
3.69584e-05
1.68699e-05
3.3878e-05
2.97888e-05
3.13734e-05
3.92554e-05
2.93938e-05
4.60889e-05
2.79492e-05
5.09757e-05
2.70794e-05
5.44678e-05
2.68385e-05
5.6995e-05
2.72875e-05
5.88612e-05
2.84884e-05
6.024e-05
3.04914e-05
6.1169e-05
3.33056e-05
6.15387e-05
6.10804e-05
2.33275e-06
-5.38034e-05
4.44951e-06
-5.66264e-05
6.45597e-06
-5.25685e-05
8.39702e-06
-4.91484e-05
1.02754e-05
-4.64246e-05
1.20927e-05
-4.42494e-05
1.38527e-05
-4.2541e-05
1.55613e-05
-4.12461e-05
1.72253e-05
-4.03226e-05
1.88516e-05
-3.97339e-05
2.0447e-05
-3.94469e-05
2.20175e-05
-3.94301e-05
2.35681e-05
-3.96538e-05
2.51023e-05
-4.00883e-05
2.66221e-05
-4.07036e-05
2.81281e-05
-4.1468e-05
2.9619e-05
-4.23471e-05
3.10925e-05
-4.33031e-05
3.25453e-05
-4.42929e-05
3.39732e-05
-4.52666e-05
3.53717e-05
-4.61647e-05
3.67358e-05
-4.69146e-05
3.80597e-05
-4.74259e-05
3.93364e-05
-4.7586e-05
4.05566e-05
-4.72546e-05
4.17069e-05
-4.62559e-05
4.28e-05
-4.44088e-05
4.38929e-05
-4.16786e-05
4.50419e-05
-3.83366e-05
4.45807e-05
-3.25887e-05
4.13718e-05
-1.55002e-05
3.74974e-05
3.91917e-06
3.41667e-05
2.02006e-05
3.1498e-05
3.24575e-05
2.93903e-05
4.13631e-05
2.77896e-05
4.76897e-05
2.66881e-05
5.20772e-05
2.60996e-05
5.50563e-05
2.60481e-05
5.70466e-05
2.65626e-05
5.83467e-05
2.76711e-05
5.91315e-05
2.93877e-05
5.94524e-05
3.16853e-05
5.92412e-05
5.83022e-05
2.24355e-06
-5.6047e-05
4.25997e-06
-5.86428e-05
6.18433e-06
-5.44929e-05
8.0563e-06
-5.10204e-05
9.87576e-06
-4.8244e-05
1.16424e-05
-4.60161e-05
1.33588e-05
-4.42573e-05
1.5029e-05
-4.29163e-05
1.66583e-05
-4.19519e-05
1.82524e-05
-4.1328e-05
1.98168e-05
-4.10112e-05
2.13562e-05
-4.09695e-05
2.28746e-05
-4.11722e-05
2.43749e-05
-4.15886e-05
2.58584e-05
-4.21871e-05
2.73253e-05
-4.29348e-05
2.87743e-05
-4.37961e-05
3.02031e-05
-4.4732e-05
3.16088e-05
-4.56986e-05
3.29876e-05
-4.66455e-05
3.43356e-05
-4.75127e-05
3.56482e-05
-4.82271e-05
3.69197e-05
-4.86975e-05
3.81433e-05
-4.88096e-05
3.93084e-05
-4.84197e-05
4.03979e-05
-4.73455e-05
4.14311e-05
-4.54419e-05
4.2484e-05
-4.27316e-05
4.37038e-05
-3.95564e-05
4.18892e-05
-3.07741e-05
3.82485e-05
-1.18595e-05
3.45932e-05
7.57449e-06
3.16253e-05
2.31685e-05
2.93104e-05
3.47724e-05
2.75363e-05
4.31372e-05
2.62456e-05
4.89804e-05
2.54141e-05
5.29086e-05
2.50339e-05
5.54366e-05
2.51065e-05
5.6974e-05
2.56386e-05
5.78146e-05
2.66352e-05
5.8135e-05
2.80885e-05
5.79992e-05
2.99589e-05
5.73707e-05
3.21365e-05
5.61245e-05
5.40808e-05
2.1539e-06
-5.82009e-05
4.07054e-06
-6.05595e-05
5.91232e-06
-5.63347e-05
7.71365e-06
-5.28217e-05
9.47188e-06
-5.00023e-05
1.11852e-05
-4.77295e-05
1.28548e-05
-4.59269e-05
1.44834e-05
-4.45449e-05
1.60751e-05
-4.35436e-05
1.76342e-05
-4.28871e-05
1.91649e-05
-4.25419e-05
2.0671e-05
-4.24757e-05
2.21557e-05
-4.26569e-05
2.3621e-05
-4.30539e-05
2.50677e-05
-4.36339e-05
2.64957e-05
-4.43628e-05
2.79035e-05
-4.52039e-05
2.9289e-05
-4.61175e-05
3.06494e-05
-4.7059e-05
3.19814e-05
-4.79775e-05
3.32813e-05
-4.88126e-05
3.45446e-05
-4.94904e-05
3.57657e-05
-4.99186e-05
3.69372e-05
-4.99811e-05
3.80491e-05
-4.95315e-05
3.90843e-05
-4.83807e-05
4.006e-05
-4.64176e-05
4.10588e-05
-4.37304e-05
4.21896e-05
-4.06871e-05
3.95044e-05
-2.80889e-05
3.5504e-05
-7.859e-06
3.20118e-05
1.10667e-05
2.93187e-05
2.58615e-05
2.72868e-05
3.68043e-05
2.57865e-05
4.46375e-05
2.47469e-05
5.00201e-05
2.41261e-05
5.35294e-05
2.38989e-05
5.56637e-05
2.40509e-05
5.6822e-05
2.45736e-05
5.72919e-05
2.54578e-05
5.72507e-05
2.66833e-05
5.67737e-05
2.82036e-05
5.58504e-05
2.99222e-05
5.44059e-05
5.2323e-05
2.06357e-06
-6.02644e-05
3.88069e-06
-6.23766e-05
5.6393e-06
-5.80933e-05
7.36851e-06
-5.45509e-05
9.06338e-06
-5.16971e-05
1.07208e-05
-4.93869e-05
1.23408e-05
-4.75469e-05
1.39249e-05
-4.61291e-05
1.5476e-05
-4.50947e-05
1.69973e-05
-4.44083e-05
1.84918e-05
-4.40364e-05
1.99626e-05
-4.39464e-05
2.14118e-05
-4.41061e-05
2.28407e-05
-4.44828e-05
2.42499e-05
-4.5043e-05
2.56386e-05
-4.57515e-05
2.70055e-05
-4.65708e-05
2.83484e-05
-4.74604e-05
2.96648e-05
-4.83754e-05
3.09515e-05
-4.92643e-05
3.2205e-05
-5.00661e-05
3.34204e-05
-5.07059e-05
3.45915e-05
-5.10897e-05
3.57101e-05
-5.10997e-05
3.67652e-05
-5.05867e-05
3.77473e-05
-4.93628e-05
3.86704e-05
-4.73407e-05
3.95742e-05
-4.46342e-05
4.01465e-05
-4.12594e-05
3.68748e-05
-2.48173e-05
3.28417e-05
-3.82591e-06
2.95835e-05
1.43249e-05
2.71567e-05
2.82884e-05
2.53775e-05
3.85835e-05
2.41124e-05
4.59027e-05
2.3279e-05
5.08534e-05
2.28238e-05
5.39847e-05
2.27097e-05
5.57778e-05
2.29118e-05
5.66199e-05
2.34121e-05
5.67916e-05
2.41934e-05
5.64694e-05
2.52297e-05
5.57374e-05
2.64743e-05
5.46058e-05
2.78453e-05
5.3035e-05
5.09581e-05
1.97231e-06
-6.22368e-05
3.68989e-06
-6.40942e-05
5.36458e-06
-5.9768e-05
7.0202e-06
-5.62065e-05
8.64971e-06
-5.33266e-05
1.02489e-05
-5.09861e-05
1.18167e-05
-4.91146e-05
1.33536e-05
-4.7666e-05
1.48614e-05
-4.66025e-05
1.63421e-05
-4.58891e-05
1.77981e-05
-4.54924e-05
1.92313e-05
-4.53796e-05
2.06431e-05
-4.55179e-05
2.20343e-05
-4.5874e-05
2.34048e-05
-4.64135e-05
2.47537e-05
-4.71004e-05
2.60796e-05
-4.78967e-05
2.73803e-05
-4.87611e-05
2.86533e-05
-4.96484e-05
2.98957e-05
-5.05066e-05
3.11037e-05
-5.12741e-05
3.22721e-05
-5.18743e-05
3.33937e-05
-5.22113e-05
3.44584e-05
-5.21643e-05
3.54535e-05
-5.15819e-05
3.63766e-05
-5.02859e-05
3.72484e-05
-4.82125e-05
3.8063e-05
-4.54488e-05
3.7581e-05
-4.07774e-05
3.38581e-05
-2.10944e-05
3.01185e-05
-8.62187e-08
2.72153e-05
1.7228e-05
2.50839e-05
3.04198e-05
2.35499e-05
4.01175e-05
2.24925e-05
4.69601e-05
2.18311e-05
5.15148e-05
2.15074e-05
5.43085e-05
2.14781e-05
5.58071e-05
2.17121e-05
5.63859e-05
2.21861e-05
5.63177e-05
2.28787e-05
5.57768e-05
2.3762e-05
5.48541e-05
2.47924e-05
5.35754e-05
2.59013e-05
5.19261e-05
4.98732e-05
1.87989e-06
-6.41166e-05
3.49753e-06
-6.57118e-05
5.08736e-06
-6.13578e-05
6.66789e-06
-5.77871e-05
8.23017e-06
-5.48889e-05
9.76895e-06
-5.25249e-05
1.12821e-05
-5.06278e-05
1.27693e-05
-4.91532e-05
1.42312e-05
-4.80644e-05
1.5669e-05
-4.73269e-05
1.70841e-05
-4.69074e-05
1.84775e-05
-4.6773e-05
1.985e-05
-4.68905e-05
2.12018e-05
-4.72258e-05
2.25325e-05
-4.77442e-05
2.38408e-05
-4.84088e-05
2.51252e-05
-4.91811e-05
2.63837e-05
-5.00195e-05
2.76136e-05
-5.08784e-05
2.88122e-05
-5.17052e-05
2.99753e-05
-5.24372e-05
3.10975e-05
-5.29964e-05
3.21704e-05
-5.32842e-05
3.31821e-05
-5.3176e-05
3.41163e-05
-5.25161e-05
3.49777e-05
-5.11473e-05
3.57989e-05
-4.90336e-05
3.66268e-05
-4.62767e-05
3.457e-05
-3.87207e-05
3.08271e-05
-1.73514e-05
2.74934e-05
3.24746e-06
2.49639e-05
1.97575e-05
2.31126e-05
3.22712e-05
2.1796e-05
4.1434e-05
2.09154e-05
4.78407e-05
2.03958e-05
5.20344e-05
2.01771e-05
5.45272e-05
2.02127e-05
5.57715e-05
2.04681e-05
5.61305e-05
2.09173e-05
5.58685e-05
2.1537e-05
5.51571e-05
2.22999e-05
5.40912e-05
2.31668e-05
5.27086e-05
2.40808e-05
5.10121e-05
4.89902e-05
1.78604e-06
-6.59027e-05
3.30296e-06
-6.72287e-05
4.80675e-06
-6.28616e-05
6.31064e-06
-5.9291e-05
7.80389e-06
-5.63822e-05
9.28025e-06
-5.40013e-05
1.07367e-05
-5.20842e-05
1.21719e-05
-5.05884e-05
1.35856e-05
-4.94781e-05
1.49782e-05
-4.87194e-05
1.635e-05
-4.82793e-05
1.77016e-05
-4.81246e-05
1.90329e-05
-4.82218e-05
2.03437e-05
-4.85367e-05
2.16331e-05
-4.90336e-05
2.28999e-05
-4.96755e-05
2.41422e-05
-5.04234e-05
2.53579e-05
-5.12353e-05
2.65448e-05
-5.20652e-05
2.76997e-05
-5.286e-05
2.88183e-05
-5.35558e-05
2.98946e-05
-5.40728e-05
3.092e-05
-5.43096e-05
3.18812e-05
-5.41372e-05
3.27592e-05
-5.33941e-05
3.35622e-05
-5.19503e-05
3.43244e-05
-4.97959e-05
3.519e-05
-4.71422e-05
3.19882e-05
-3.55189e-05
2.82543e-05
-1.36176e-05
2.51913e-05
6.31052e-06
2.29079e-05
2.20409e-05
2.12567e-05
3.39224e-05
2.01088e-05
4.2582e-05
1.93709e-05
4.85787e-05
1.89661e-05
5.24392e-05
1.88315e-05
5.46619e-05
1.89181e-05
5.56849e-05
1.91894e-05
5.58592e-05
1.96182e-05
5.54397e-05
2.01809e-05
5.45945e-05
2.08514e-05
5.34207e-05
2.15955e-05
5.19645e-05
2.23664e-05
5.02412e-05
4.82531e-05
1.69044e-06
-6.75931e-05
3.10533e-06
-6.86436e-05
4.52164e-06
-6.42779e-05
5.94728e-06
-6.07166e-05
7.3698e-06
-5.78047e-05
8.78195e-06
-5.54134e-05
1.01797e-05
-5.3482e-05
1.1561e-05
-5.19696e-05
1.29244e-05
-5.08416e-05
1.42696e-05
-5.00646e-05
1.55961e-05
-4.96058e-05
1.69038e-05
-4.94322e-05
1.8192e-05
-4.95101e-05
1.94601e-05
-4.98047e-05
2.07069e-05
-5.02803e-05
2.19308e-05
-5.08994e-05
2.313e-05
-5.16227e-05
2.43026e-05
-5.24079e-05
2.54461e-05
-5.32087e-05
2.65571e-05
-5.39711e-05
2.76311e-05
-5.46299e-05
2.86616e-05
-5.51033e-05
2.96395e-05
-5.52875e-05
3.0552e-05
-5.50498e-05
3.13806e-05
-5.42226e-05
3.2129e-05
-5.26987e-05
3.28212e-05
-5.04881e-05
3.34888e-05
-4.78098e-05
2.98853e-05
-3.19154e-05
2.60966e-05
-9.82888e-06
2.314e-05
9.26714e-06
2.09918e-05
2.41891e-05
1.94787e-05
3.54355e-05
1.84634e-05
4.35973e-05
1.78424e-05
4.91997e-05
1.75323e-05
5.27492e-05
1.7467e-05
5.47272e-05
1.75957e-05
5.55563e-05
1.7881e-05
5.55739e-05
1.82952e-05
5.50255e-05
1.88153e-05
5.40744e-05
1.9417e-05
5.28189e-05
2.00707e-05
5.13108e-05
2.07378e-05
4.9574e-05
4.762e-05
1.59267e-06
-6.91858e-05
2.9036e-06
-6.99546e-05
4.23068e-06
-6.5605e-05
5.57642e-06
-6.20623e-05
6.92663e-06
-5.91549e-05
8.27298e-06
-5.67598e-05
9.61049e-06
-5.48195e-05
1.0936e-05
-5.32951e-05
1.22474e-05
-5.2153e-05
1.35433e-05
-5.13605e-05
1.48226e-05
-5.08851e-05
1.60843e-05
-5.0694e-05
1.73276e-05
-5.07533e-05
1.85512e-05
-5.10283e-05
1.97537e-05
-5.14828e-05
2.09335e-05
-5.20792e-05
2.20887e-05
-5.27779e-05
2.32173e-05
-5.35365e-05
2.43168e-05
-5.43081e-05
2.53837e-05
-5.50379e-05
2.64127e-05
-5.56589e-05
2.73967e-05
-5.60873e-05
2.83257e-05
-5.62164e-05
2.91869e-05
-5.5911e-05
2.99659e-05
-5.50016e-05
3.06621e-05
-5.33949e-05
3.12694e-05
-5.10954e-05
3.14531e-05
-4.79935e-05
2.7629e-05
-2.80913e-05
2.38971e-05
-6.09701e-06
2.10862e-05
1.20781e-05
1.90889e-05
2.61864e-05
1.77173e-05
3.68071e-05
1.68278e-05
4.44868e-05
1.63117e-05
4.97157e-05
1.60843e-05
5.29767e-05
1.60787e-05
5.47328e-05
1.62442e-05
5.53908e-05
1.65436e-05
5.52744e-05
1.69497e-05
5.46194e-05
1.74401e-05
5.3584e-05
1.79927e-05
5.22663e-05
1.85815e-05
5.07221e-05
1.91747e-05
4.89808e-05
4.70601e-05
1.49218e-06
-7.0678e-05
2.69643e-06
-7.11588e-05
3.93218e-06
-6.68407e-05
5.19634e-06
-6.33265e-05
6.47282e-06
-6.04314e-05
7.75208e-06
-5.8039e-05
9.02801e-06
-5.60954e-05
1.02964e-05
-5.45635e-05
1.15542e-05
-5.34108e-05
1.27991e-05
-5.26054e-05
1.40293e-05
-5.21154e-05
1.52434e-05
-5.19081e-05
1.64398e-05
-5.19498e-05
1.76171e-05
-5.22056e-05
1.87737e-05
-5.26394e-05
1.99079e-05
-5.32134e-05
2.10179e-05
-5.38879e-05
2.21016e-05
-5.46203e-05
2.31565e-05
-5.5363e-05
2.41788e-05
-5.60602e-05
2.51627e-05
-5.66429e-05
2.61e-05
-5.70245e-05
2.6979e-05
-5.70955e-05
2.77865e-05
-5.67185e-05
2.85125e-05
-5.57276e-05
2.91613e-05
-5.40437e-05
2.97029e-05
-5.1637e-05
2.87586e-05
-4.70492e-05
2.4794e-05
-2.41266e-05
2.14045e-05
-2.70748e-06
1.89072e-05
1.45754e-05
1.71438e-05
2.79497e-05
1.59445e-05
3.80064e-05
1.51842e-05
4.52472e-05
1.47668e-05
5.01331e-05
1.46137e-05
5.31298e-05
1.46614e-05
5.46852e-05
1.48608e-05
5.51914e-05
1.5176e-05
5.49592e-05
1.55803e-05
5.42151e-05
1.60524e-05
5.31119e-05
1.65718e-05
5.17468e-05
1.7116e-05
5.01779e-05
1.76584e-05
4.84385e-05
4.65502e-05
1.38834e-06
-7.20663e-05
2.48211e-06
-7.22526e-05
3.624e-06
-6.79826e-05
4.80488e-06
-6.45074e-05
6.00649e-06
-6.1633e-05
7.21775e-06
-5.92503e-05
8.43121e-06
-5.73089e-05
9.64145e-06
-5.57738e-05
1.08444e-05
-5.46137e-05
1.20369e-05
-5.37979e-05
1.32165e-05
-5.32949e-05
1.43811e-05
-5.30727e-05
1.55289e-05
-5.30975e-05
1.66581e-05
-5.33348e-05
1.7767e-05
-5.37483e-05
1.8854e-05
-5.43004e-05
1.99174e-05
-5.49513e-05
2.09552e-05
-5.56581e-05
2.19647e-05
-5.63726e-05
2.2942e-05
-5.70375e-05
2.38809e-05
-5.75817e-05
2.47719e-05
-5.79155e-05
2.5602e-05
-5.79256e-05
2.63553e-05
-5.74718e-05
2.70275e-05
-5.63998e-05
2.76303e-05
-5.46465e-05
2.81945e-05
-5.22013e-05
2.53712e-05
-4.42259e-05
2.173e-05
-2.04854e-05
1.88371e-05
1.85413e-07
1.67222e-05
1.66903e-05
1.52095e-05
2.94624e-05
1.41759e-05
3.90401e-05
1.35327e-05
4.58903e-05
1.32023e-05
5.04635e-05
1.31146e-05
5.32175e-05
1.32101e-05
5.45897e-05
1.34419e-05
5.49596e-05
1.37749e-05
5.46262e-05
1.41835e-05
5.38065e-05
1.46471e-05
5.26484e-05
1.51469e-05
5.12471e-05
1.56628e-05
4.96619e-05
1.61723e-05
4.79291e-05
4.60724e-05
1.28046e-06
-7.33468e-05
2.25832e-06
-7.32305e-05
3.30327e-06
-6.90276e-05
4.39932e-06
-6.56034e-05
5.52533e-06
-6.2759e-05
6.66822e-06
-6.03932e-05
7.81886e-06
-5.84595e-05
8.97043e-06
-5.69253e-05
1.01177e-05
-5.5761e-05
1.12567e-05
-5.49369e-05
1.23843e-05
-5.44225e-05
1.34978e-05
-5.41862e-05
1.45951e-05
-5.41949e-05
1.56743e-05
-5.44141e-05
1.67338e-05
-5.48078e-05
1.77719e-05
-5.53385e-05
1.87871e-05
-5.59665e-05
1.97776e-05
-5.66485e-05
2.07408e-05
-5.73357e-05
2.16725e-05
-5.79692e-05
2.25664e-05
-5.84756e-05
2.34126e-05
-5.87617e-05
2.41966e-05
-5.87096e-05
2.48997e-05
-5.81749e-05
2.55224e-05
-5.70225e-05
2.60749e-05
-5.51989e-05
2.669e-05
-5.28165e-05
2.25916e-05
-4.01274e-05
1.92086e-05
-1.71024e-05
1.66303e-05
2.76372e-06
1.47261e-05
1.85945e-05
1.33578e-05
3.08307e-05
1.24317e-05
3.99663e-05
1.18739e-05
4.64481e-05
1.16128e-05
5.07246e-05
1.15807e-05
5.32496e-05
1.17193e-05
5.44511e-05
1.19826e-05
5.46963e-05
1.23362e-05
5.42726e-05
1.27549e-05
5.33879e-05
1.32187e-05
5.21845e-05
1.37101e-05
5.07557e-05
1.42112e-05
4.9161e-05
1.47022e-05
4.7438e-05
4.56123e-05
1.16758e-06
-7.45143e-05
2.02158e-06
-7.40845e-05
2.96596e-06
-6.9972e-05
3.97598e-06
-6.66134e-05
5.02643e-06
-6.38095e-05
6.10142e-06
-6.14682e-05
7.18964e-06
-5.95477e-05
8.28265e-06
-5.80183e-05
9.37399e-06
-5.68523e-05
1.04587e-05
-5.60216e-05
1.1533e-05
-5.54968e-05
1.25939e-05
-5.52471e-05
1.3639e-05
-5.524e-05
1.46664e-05
-5.54414e-05
1.56744e-05
-5.58159e-05
1.66617e-05
-5.63259e-05
1.7627e-05
-5.69318e-05
1.85686e-05
-5.75901e-05
1.9484e-05
-5.82511e-05
2.03691e-05
-5.88544e-05
2.12176e-05
-5.93241e-05
2.20195e-05
-5.95637e-05
2.27605e-05
-5.94506e-05
2.34197e-05
-5.88341e-05
2.39951e-05
-5.75979e-05
2.44866e-05
-5.56905e-05
2.49662e-05
-5.3296e-05
2.08379e-05
-3.59992e-05
1.74024e-05
-1.36669e-05
1.48019e-05
5.36421e-06
1.29012e-05
2.04952e-05
1.15655e-05
3.21663e-05
1.06916e-05
4.08402e-05
1.01918e-05
4.69479e-05
9.98595e-06
5.09304e-05
1.00026e-05
5.32329e-05
1.01819e-05
5.42717e-05
1.04775e-05
5.44008e-05
1.0855e-05
5.3895e-05
1.12895e-05
5.29534e-05
1.17617e-05
5.17124e-05
1.22546e-05
5.02627e-05
1.27521e-05
4.86636e-05
1.32368e-05
4.69533e-05
4.51582e-05
1.04717e-06
-7.55615e-05
1.76578e-06
-7.48031e-05
2.60583e-06
-7.0812e-05
3.52978e-06
-6.75374e-05
4.50603e-06
-6.47857e-05
5.51484e-06
-6.2477e-05
6.54214e-06
-6.0575e-05
7.57754e-06
-5.90537e-05
8.61325e-06
-5.7888e-05
9.6434e-06
-5.70517e-05
1.06636e-05
-5.6517e-05
1.16706e-05
-5.6254e-05
1.26617e-05
-5.62311e-05
1.36353e-05
-5.6415e-05
1.45898e-05
-5.67704e-05
1.55242e-05
-5.72602e-05
1.64374e-05
-5.7845e-05
1.73281e-05
-5.84808e-05
1.81939e-05
-5.91169e-05
1.90308e-05
-5.96913e-05
1.98323e-05
-6.01255e-05
2.05885e-05
-6.03199e-05
2.12855e-05
-6.01476e-05
2.19036e-05
-5.94521e-05
2.2432e-05
-5.81263e-05
2.28549e-05
-5.61133e-05
2.30178e-05
-5.3459e-05
1.91797e-05
-3.2161e-05
1.56369e-05
-1.01241e-05
1.29586e-05
8.04246e-06
1.10383e-05
2.24155e-05
9.72752e-06
3.34771e-05
8.90172e-06
4.1666e-05
8.45687e-06
4.73927e-05
8.30442e-06
5.10829e-05
8.36917e-06
5.31682e-05
8.59009e-06
5.40508e-05
8.92054e-06
5.40703e-05
9.32641e-06
5.34892e-05
9.78288e-06
5.24969e-05
1.02709e-05
5.12243e-05
1.07744e-05
4.97593e-05
1.12781e-05
4.81598e-05
1.17668e-05
4.64647e-05
4.47001e-05
9.10889e-07
-7.64724e-05
1.47918e-06
-7.53714e-05
2.2129e-06
-7.15457e-05
3.05322e-06
-6.83777e-05
3.95903e-06
-6.56915e-05
4.90528e-06
-6.34232e-05
5.87469e-06
-6.15444e-05
6.85464e-06
-6.00337e-05
7.83594e-06
-5.88693e-05
8.81185e-06
-5.80277e-05
9.77753e-06
-5.74827e-05
1.07295e-05
-5.72059e-05
1.16652e-05
-5.71668e-05
1.25829e-05
-5.73327e-05
1.34817e-05
-5.76691e-05
1.43607e-05
-5.81393e-05
1.52195e-05
-5.87037e-05
1.6057e-05
-5.93183e-05
1.6871e-05
-5.99309e-05
1.76575e-05
-6.04778e-05
1.84099e-05
-6.08779e-05
1.91181e-05
-6.10281e-05
1.97684e-05
-6.07979e-05
2.03428e-05
-6.00265e-05
2.08285e-05
-5.86121e-05
2.11881e-05
-5.64729e-05
2.05571e-05
-5.2828e-05
1.66612e-05
-2.8265e-05
1.33009e-05
-6.76385e-06
1.0772e-05
1.05713e-05
8.9735e-06
2.4214e-05
7.76312e-06
3.46875e-05
7.02048e-06
4.24086e-05
6.64589e-06
4.77673e-05
6.55368e-06
5.11751e-05
6.67055e-06
5.30513e-05
6.93673e-06
5.37846e-05
7.30643e-06
5.37006e-05
7.746e-06
5.30496e-05
8.2309e-06
5.2012e-05
8.74236e-06
5.07129e-05
9.26474e-06
4.92369e-05
9.78374e-06
4.76408e-05
1.02855e-05
4.59629e-05
4.42293e-05
7.35278e-07
-7.72077e-05
1.1402e-06
-7.57763e-05
1.77145e-06
-7.2177e-05
2.53536e-06
-6.91416e-05
3.37828e-06
-6.65344e-05
4.26861e-06
-6.43136e-05
5.18532e-06
-6.24611e-05
6.11354e-06
-6.09619e-05
7.04281e-06
-5.97986e-05
7.96573e-06
-5.89506e-05
8.8771e-06
-5.8394e-05
9.7734e-06
-5.81022e-05
1.06523e-05
-5.80458e-05
1.15125e-05
-5.81929e-05
1.23533e-05
-5.85099e-05
1.31745e-05
-5.89605e-05
1.39761e-05
-5.95053e-05
1.47576e-05
-6.00997e-05
1.55172e-05
-6.06906e-05
1.62512e-05
-6.12118e-05
1.69526e-05
-6.15794e-05
1.76111e-05
-6.16865e-05
1.82125e-05
-6.13994e-05
1.87425e-05
-6.05565e-05
1.9191e-05
-5.90605e-05
1.95467e-05
-5.68285e-05
1.70153e-05
-5.02967e-05
1.33294e-05
-2.45791e-05
1.04247e-05
-3.85918e-06
8.27518e-06
1.27208e-05
6.72842e-06
2.57608e-05
5.67921e-06
3.57367e-05
5.04601e-06
4.30418e-05
4.75294e-06
4.80604e-05
4.72672e-06
5.12013e-05
4.90011e-06
5.28779e-05
5.21622e-06
5.34685e-05
5.63057e-06
5.32863e-05
6.11007e-06
5.25701e-05
6.63039e-06
5.14917e-05
7.17291e-06
5.01703e-05
7.72233e-06
4.86875e-05
8.26504e-06
4.70981e-05
8.78833e-06
4.54396e-05
4.37377e-05
4.65643e-07
-7.76733e-05
7.14819e-07
-7.60255e-05
1.25956e-06
-7.27217e-05
1.96161e-06
-6.98437e-05
2.7543e-06
-6.73271e-05
3.59921e-06
-6.51585e-05
4.47138e-06
-6.33333e-05
5.35387e-06
-6.18444e-05
6.23515e-06
-6.06799e-05
7.10749e-06
-5.98229e-05
7.96574e-06
-5.92523e-05
8.80658e-06
-5.89431e-05
9.62805e-06
-5.88672e-05
1.04292e-05
-5.89941e-05
1.12101e-05
-5.92908e-05
1.1971e-05
-5.97214e-05
1.27125e-05
-6.02469e-05
1.34349e-05
-6.08221e-05
1.4137e-05
-6.13927e-05
1.48159e-05
-6.18906e-05
1.54651e-05
-6.22285e-05
1.60738e-05
-6.22952e-05
1.6627e-05
-6.19526e-05
1.71141e-05
-6.10435e-05
1.75244e-05
-5.94709e-05
1.79625e-05
-5.72666e-05
1.32996e-05
-4.56338e-05
1.00602e-05
-2.13397e-05
7.63099e-06
-1.42996e-06
5.80694e-06
1.45449e-05
4.46396e-06
2.71038e-05
3.54421e-06
3.66565e-05
3.00248e-06
4.35835e-05
2.7828e-06
4.82801e-05
2.82094e-06
5.11631e-05
3.05327e-06
5.26456e-05
3.42414e-06
5.30976e-05
3.88938e-06
5.28211e-05
4.4159e-06
5.20436e-05
4.97924e-06
5.09284e-05
5.56072e-06
4.95889e-05
6.14526e-06
4.8103e-05
6.71978e-06
4.65236e-05
7.27244e-06
4.48869e-05
4.32178e-05
9.18511e-09
-7.76825e-05
1.6379e-07
-7.61801e-05
6.50626e-07
-7.32085e-05
1.31347e-06
-7.05065e-05
2.07511e-06
-6.80887e-05
2.89002e-06
-6.59734e-05
3.72942e-06
-6.41727e-05
4.57488e-06
-6.26899e-05
5.4145e-06
-6.15195e-05
6.24064e-06
-6.06491e-05
7.04853e-06
-6.00602e-05
7.83537e-06
-5.97299e-05
8.59978e-06
-5.96316e-05
9.34147e-06
-5.97358e-05
1.00609e-05
-6.00102e-05
1.07593e-05
-6.04198e-05
1.14378e-05
-6.09254e-05
1.20975e-05
-6.14818e-05
1.27385e-05
-6.20337e-05
1.3359e-05
-6.25111e-05
1.39542e-05
-6.28238e-05
1.45145e-05
-6.28555e-05
1.50233e-05
-6.24615e-05
1.54738e-05
-6.1494e-05
1.58419e-05
-5.9839e-05
1.62553e-05
-5.768e-05
1.11295e-05
-4.05081e-05
7.89178e-06
-1.8102e-05
5.47137e-06
9.90425e-07
3.63122e-06
1.6385e-05
2.29047e-06
2.84445e-05
1.39634e-06
3.75506e-05
8.97531e-07
4.40823e-05
7.31944e-07
4.84456e-05
8.30094e-07
5.1065e-05
1.12426e-06
5.23514e-05
1.55616e-06
5.26658e-05
2.08001e-06
5.22972e-05
2.66182e-06
5.14618e-05
3.27654e-06
5.03136e-05
3.90529e-06
4.89601e-05
4.53307e-06
4.74752e-05
5.14728e-06
4.59094e-05
5.73685e-06
4.42973e-05
4.26628e-05
-6.35938e-07
-7.70466e-05
-5.36036e-07
-7.628e-05
-8.20544e-08
-7.36625e-05
5.70733e-07
-7.11593e-05
1.32719e-06
-6.88452e-05
2.13277e-06
-6.6779e-05
2.95537e-06
-6.49953e-05
3.77587e-06
-6.35104e-05
4.58287e-06
-6.23265e-05
5.36962e-06
-6.14358e-05
6.13226e-06
-6.08228e-05
6.86882e-06
-6.04665e-05
7.57861e-06
-6.03414e-05
8.26201e-06
-6.04192e-05
8.92014e-06
-6.06684e-05
9.55472e-06
-6.10544e-05
1.01678e-05
-6.15385e-05
1.07612e-05
-6.20752e-05
1.13363e-05
-6.26088e-05
1.18933e-05
-6.30681e-05
1.24303e-05
-6.33608e-05
1.29412e-05
-6.33664e-05
1.34086e-05
-6.2929e-05
1.38195e-05
-6.19048e-05
1.41489e-05
-6.01684e-05
1.43713e-05
-5.79024e-05
1.01194e-05
-3.62561e-05
6.46958e-06
-1.44522e-05
3.65837e-06
3.80164e-06
1.56978e-06
1.84736e-05
1.03433e-07
2.99109e-05
-8.27583e-07
3.84816e-05
-1.30784e-06
4.45626e-05
-1.42368e-06
4.85615e-05
-1.26045e-06
5.09018e-05
-8.9547e-07
5.19864e-05
-3.92339e-07
5.21626e-05
2.00434e-07
5.17045e-05
8.47395e-07
5.08148e-05
1.52282e-06
4.96382e-05
2.20759e-06
4.82754e-05
2.88684e-06
4.6796e-05
3.54843e-06
4.52479e-05
4.18207e-06
4.36638e-05
4.20661e-05
-1.34505e-06
-7.57015e-05
-1.38071e-06
-7.62443e-05
-9.40787e-07
-7.41024e-05
-2.71805e-07
-7.18283e-05
5.04397e-07
-6.96214e-05
1.32228e-06
-6.75969e-05
2.14582e-06
-6.58189e-05
2.956e-06
-6.43205e-05
3.74265e-06
-6.31132e-05
4.50032e-06
-6.21935e-05
5.22637e-06
-6.15489e-05
5.91982e-06
-6.11599e-05
6.58081e-06
-6.10024e-05
7.21031e-06
-6.10487e-05
7.80995e-06
-6.1268e-05
8.38188e-06
-6.16263e-05
8.9286e-06
-6.20852e-05
9.45271e-06
-6.25993e-05
9.95677e-06
-6.31129e-05
1.0443e-05
-6.35544e-05
1.09133e-05
-6.38311e-05
1.13674e-05
-6.38204e-05
1.17919e-05
-6.33535e-05
1.21657e-05
-6.22787e-05
1.24612e-05
-6.04639e-05
1.22207e-05
-5.76619e-05
8.22822e-06
-3.22637e-05
4.44788e-06
-1.06719e-05
1.42846e-06
6.82105e-06
-8.03113e-07
2.07052e-05
-2.32877e-06
3.14365e-05
-3.25207e-06
3.94049e-05
-3.68016e-06
4.49907e-05
-3.71915e-06
4.86005e-05
-3.46853e-06
5.06512e-05
-3.01422e-06
5.15321e-05
-2.42434e-06
5.15728e-05
-1.74948e-06
5.10296e-05
-1.02594e-06
5.00913e-05
-2.79656e-07
4.88919e-05
4.70276e-07
4.75254e-05
1.20925e-06
4.6057e-05
1.92571e-06
4.45314e-05
2.61018e-06
4.29793e-05
4.14218e-05
-1.90843e-06
-7.37931e-05
-2.26354e-06
-7.58892e-05
-1.86381e-06
-7.45022e-05
-1.17409e-06
-7.2518e-05
-3.72789e-07
-7.04227e-05
4.66931e-07
-6.84366e-05
1.30394e-06
-6.66559e-05
2.11768e-06
-6.51343e-05
2.89825e-06
-6.38937e-05
3.64087e-06
-6.29361e-05
4.34377e-06
-6.22518e-05
5.00663e-06
-6.18228e-05
5.63006e-06
-6.16258e-05
6.21537e-06
-6.1634e-05
6.76436e-06
-6.1817e-05
7.27923e-06
-6.21412e-05
7.76249e-06
-6.25684e-05
8.21701e-06
-6.30538e-05
8.64608e-06
-6.35419e-05
9.05369e-06
-6.3962e-05
9.44638e-06
-6.42238e-05
9.8322e-06
-6.42062e-05
1.02071e-05
-6.37284e-05
1.05558e-05
-6.26274e-05
1.08697e-05
-6.07778e-05
8.9268e-06
-5.5719e-05
4.84796e-06
-2.81848e-05
1.24303e-06
-7.06702e-06
-1.62774e-06
9.6918e-06
-3.74349e-06
2.28209e-05
-5.159e-06
3.2852e-05
-5.96451e-06
4.02104e-05
-6.2672e-06
4.52934e-05
-6.17916e-06
4.85124e-05
-5.80565e-06
5.02777e-05
-5.236e-06
5.09625e-05
-4.53955e-06
5.08763e-05
-3.76695e-06
5.0257e-05
-2.95404e-06
4.92784e-05
-2.12627e-06
4.80642e-05
-1.3021e-06
4.67013e-05
-4.95393e-07
4.52503e-05
2.83102e-07
4.37529e-05
1.02474e-06
4.22377e-05
4.07242e-05
-1.5082e-06
-7.22849e-05
-3.1157e-06
-7.42817e-05
-2.79784e-06
-7.482e-05
-2.08591e-06
-7.32299e-05
-1.26268e-06
-7.12459e-05
-4.04887e-07
-6.92944e-05
4.47197e-07
-6.75079e-05
1.27283e-06
-6.59599e-05
2.06107e-06
-6.4682e-05
2.80567e-06
-6.36807e-05
3.50412e-06
-6.29502e-05
4.1556e-06
-6.24743e-05
4.76025e-06
-6.22305e-05
5.31903e-06
-6.21928e-05
5.83325e-06
-6.23312e-05
6.30435e-06
-6.26123e-05
6.73409e-06
-6.29982e-05
7.12478e-06
-6.34445e-05
7.47962e-06
-6.38968e-05
7.80349e-06
-6.42858e-05
8.10682e-06
-6.45271e-05
8.41146e-06
-6.45108e-05
8.72761e-06
-6.40445e-05
9.04557e-06
-6.29454e-05
9.52729e-06
-6.12595e-05
4.38529e-06
-5.0577e-05
4.15108e-07
-2.42147e-05
-2.86318e-06
-3.78874e-06
-5.39161e-06
1.22202e-05
-7.21481e-06
2.46441e-05
-8.38242e-06
3.40196e-05
-8.96779e-06
4.07958e-05
-9.07099e-06
4.53966e-05
-8.80287e-06
4.82443e-05
-8.26842e-06
4.97432e-05
-7.55563e-06
5.02497e-05
-6.73173e-06
5.00524e-05
-5.84518e-06
4.93705e-05
-4.92999e-06
4.83632e-05
-4.01016e-06
4.71443e-05
-3.10289e-06
4.5794e-05
-2.22092e-06
4.43683e-05
-1.37393e-06
4.29059e-05
-5.69465e-07
4.14332e-05
3.99682e-05
2.89222e-06
-7.51771e-05
-4.37812e-06
-6.70113e-05
-3.88552e-06
-7.53126e-05
-3.05884e-06
-7.40566e-05
-2.18034e-06
-7.21244e-05
-1.29337e-06
-7.01813e-05
-4.16395e-07
-6.83849e-05
4.35885e-07
-6.68122e-05
1.24949e-06
-6.54956e-05
2.01757e-06
-6.44488e-05
2.73679e-06
-6.36694e-05
3.40458e-06
-6.31421e-05
4.01939e-06
-6.28453e-05
4.58088e-06
-6.27543e-05
5.08873e-06
-6.28391e-05
5.54241e-06
-6.30659e-05
5.94143e-06
-6.33972e-05
6.28584e-06
-6.37889e-05
6.57646e-06
-6.41874e-05
6.81661e-06
-6.4526e-05
7.01687e-06
-6.47274e-05
7.22822e-06
-6.47222e-05
7.47955e-06
-6.42959e-05
7.72589e-06
-6.31917e-05
8.13856e-06
-6.16721e-05
9.24624e-07
-4.3363e-05
-3.71149e-06
-1.95785e-05
-7.04425e-06
-4.55964e-07
-9.42017e-06
1.45961e-05
-1.09958e-05
2.62197e-05
-1.18865e-05
3.49102e-05
-1.22008e-05
4.11101e-05
-1.2055e-05
4.52508e-05
-1.15659e-05
4.77553e-05
-1.08388e-05
4.90161e-05
-9.95841e-06
4.93694e-05
-8.98818e-06
4.90822e-05
-7.97285e-06
4.83552e-05
-6.94351e-06
4.73339e-05
-5.92194e-06
4.61228e-05
-4.92358e-06
4.47956e-05
-3.95965e-06
4.34044e-05
-3.03846e-06
4.19848e-05
-2.16626e-06
4.05611e-05
3.91498e-05
2.40953e-06
-7.75867e-05
-2.88909e-06
-6.17127e-05
-5.37229e-06
-7.28294e-05
-4.60525e-06
-7.48237e-05
-3.40682e-06
-7.33229e-05
-2.34083e-06
-7.12473e-05
-1.34924e-06
-6.93765e-05
-4.1897e-07
-6.77425e-05
4.58658e-07
-6.63732e-05
1.28853e-06
-6.52786e-05
2.06873e-06
-6.44496e-05
2.79506e-06
-6.38684e-05
3.46395e-06
-6.35142e-05
4.07242e-06
-6.33628e-05
4.61713e-06
-6.33838e-05
5.09387e-06
-6.35427e-05
5.49749e-06
-6.38008e-05
5.82198e-06
-6.41134e-05
6.0638e-06
-6.44292e-05
6.21818e-06
-6.46804e-05
6.2817e-06
6.35363e-06
6.5546e-06
6.67302e-06
5.26794e-06
-2.53155e-06
-7.77783e-06
-1.13368e-05
-1.36529e-05
-1.50024e-05
-1.5597e-05
-1.56059e-05
-1.51757e-05
-1.44352e-05
-1.34905e-05
-1.2423e-05
-1.12909e-05
-1.01343e-05
-8.98085e-06
-7.84944e-06
-6.75336e-06
-5.702e-06
-4.70204e-06
-3.75833e-06
1.2163e-07
1.08137e-06
-2.23645e-06
-5.03588e-06
-5.16204e-06
-4.0443e-06
-2.74108e-06
-1.56449e-06
-4.76275e-07
5.26601e-07
1.4531e-06
2.31012e-06
3.09838e-06
3.81437e-06
4.4525e-06
5.00438e-06
5.45773e-06
5.79475e-06
5.99401e-06
)
;

boundaryField
{
    leftWall
    {
        type            calculated;
        value           uniform 0;
    }
    rightWall
    {
        type            calculated;
        value           nonuniform 0();
    }
    lowerWall
    {
        type            calculated;
        value           uniform 0;
    }
    atmosphere
    {
        type            calculated;
        value           nonuniform 0();
    }
    defaultFaces
    {
        type            empty;
        value           nonuniform 0();
    }
    procBoundary0to1
    {
        type            processor;
        value           nonuniform List<scalar> 
44
(
8.25249e-05
8.65472e-05
7.2556e-05
5.27344e-05
3.98414e-05
2.55783e-05
1.12514e-05
1.20565e-06
-1.28093e-06
3.33219e-06
1.48279e-05
2.81832e-05
3.69246e-05
4.12112e-05
4.27897e-05
4.25908e-05
4.12048e-05
3.91642e-05
3.68467e-05
3.44635e-05
-5.6371e-05
3.44266e-05
3.16799e-05
2.92102e-05
2.69862e-05
2.49637e-05
2.31036e-05
2.13708e-05
1.97345e-05
1.81682e-05
1.66501e-05
1.51623e-05
1.36908e-05
1.22248e-05
1.07564e-05
9.28009e-06
7.79232e-06
6.29173e-06
4.7786e-06
3.25456e-06
1.72246e-06
1.86481e-07
-1.34791e-06
-2.87433e-06
)
;
    }
    procBoundary0to2
    {
        type            processor;
        value           nonuniform List<scalar> 
46
(
-6.47909e-05
-6.47941e-05
-6.44968e-05
-6.33101e-05
-6.02671e-05
-3.55636e-05
-1.43323e-05
3.10296e-06
1.69123e-05
2.75693e-05
3.5505e-05
4.11191e-05
4.48206e-05
4.70147e-05
4.80714e-05
4.83018e-05
4.795e-05
4.71985e-05
4.61805e-05
4.49914e-05
4.36997e-05
4.23531e-05
4.09848e-05
3.96173e-05
3.82658e-05
-7.77084e-05
-6.26725e-05
-6.95117e-05
-7.20242e-05
-7.31967e-05
-7.23651e-05
-7.06797e-05
-6.8919e-05
-6.74614e-05
-6.62815e-05
-6.53761e-05
-6.47254e-05
-6.43025e-05
-6.40787e-05
-6.40219e-05
-6.40945e-05
-6.42542e-05
-6.44504e-05
-6.46284e-05
6.04187e-06
-6.47282e-05
)
;
    }
}


// ************************************************************************* //
